m/z	retention_time	p_value	t_score
247.0252	307.728	0.3853855811438286	-0.9373983846746767
384.1214	368.504	0.3568437595032953	-1.0717881219090577
384.1286	427.875	0.022405654845499213	-3.1746665727902883
147.0527	220.128	0.12763188014686194	1.7671192421352957
118.0267	237.245	0.38783951024332197	0.9383388981952772
118.0266	243.828	0.42264933487405826	0.8671114026441167
176.0317	321.949	0.06510179996346126	2.376622770704546
176.0314	291.779	0.665744665973844	0.4763573022581609
149.0505	354.097	0.44417025397583193	-0.844005406687859
204.0898	366.692	0.1137219502288576	1.9271805296848734
89.0476	267.097	0.019884258385179626	3.151756059602027
116.0101	407.228	0.4871620286164186	-0.7533626066245701
116.0106	396.899	0.8392605573883162	-0.21915677627646252
88.1004	561.866	0.2777067815156961	1.1935899530506915
88.1	525.708	0.003668215704573928	-5.242980289799982
363.056	372.889	0.6001060276926223	-0.5541074264566676
135.0541	349.355	0.06356355309077631	2.4079449748359942
134.0219	402.531	0.3572468358751903	-1.017066250793964
132.0534	185.46	0.007938212380150246	4.219932094877369
74.0364	361.279	0.7424903770263039	-0.35046228096796334
297.0887	271.05	0.8986557204160406	-0.13548622807500454
130.1216	233.356	0.3883694280439852	-0.9299153757366992
117.0791	325.935	0.4572841562289157	0.8023898664946058
119.0583	180.515	0.5740260515063045	0.598695295026645
119.0582	207.274	0.295546598851456	1.2012984889018872
244.0697	472.973	0.7803982281180488	-0.2916971650769987
488.1075	170.006	0.03374430767772728	-2.739842181462291
192.0259	390.072	0.12670645861560365	-1.915156890643547
267.0961	477.661	0.4988652989330651	0.7212865694277549
102.0313	305.941	0.6524277260902406	-0.4823980785932926
347.0621	197.474	0.026743233487801863	-3.0357514415770535
129.0793	380.95	0.02244274491721364	3.4334671264412444
129.0786	399.66	0.21261239155433745	1.5641149577841202
117.0785	292.978	0.028209760204036132	3.4584881380920884
131.1055	247.956	0.007650447719449644	-5.530952009302877
276.1324	215.112	0.28145389282694216	1.192288140044767
174.0528	228.465	0.005119037930681844	-6.5693999205840505
87.0675	346.36	0.35656675784574793	1.071441615016424
251.1008	325.559	0.8610595846134772	0.1828850815598599
189.0628	412.503	0.015707974393240867	-3.5623789354981077
154.0278	464.819	0.5090871515671146	0.7391799759185261
220.0853	497.195	0.13237831103737419	1.873158177244209
300.2057	759.595	0.24216229144301005	1.2993407277952016
138.0321	483.492	0.4023323323596454	-0.9308414467356948
117.9865	451.46	0.22100450495200635	1.4599656631243716
345.0486	258.598	0.18801595451826553	1.5928875893577665
165.0434	462.28	0.4192589601388764	-0.9082303746050925
116.0956	285.437	0.12532146897562105	-1.7821175602148727
146.105	492.951	0.12390557606739191	2.0729829615610424
62.0004	243.814	0.7355147266949789	-0.3586962388254235
116.011	306.607	0.3801109442769675	0.9667009947327944
194.0583	494.809	0.050862645906816786	-2.7094914284668365
158.1302	644.843	0.9268469551732565	-0.09575463097425536
117.079	367.117	0.11832177612158325	1.9664644075435938
129.0429	324.487	0.7690160154939348	-0.3105805520684583
129.0426	314.245	0.8579144729882776	0.19360456446291668
188.127	383.617	0.7535727552469336	-0.3343134957504331
131.0949	407.601	0.13053175827768992	1.8070635736263456
188.1162	359.069	0.9803481918262559	-0.025701124338911162
175.0633	501.725	0.15815248470128287	-1.6277938095038385
109.0526	426.664	0.5188657393916702	0.6904779440359348
189.111	216.805	0.8792746935812197	-0.15870751351431953
176.0685	493.268	0.07983441697011127	-2.188243523553867
148.0373	428.816	0.003095771905312842	-4.996541222913278
129.0899	238.278	0.09128462127886854	2.4449702042014616
236.0797	332.279	0.04047427371624414	3.116761486150257
130.1114	345.929	0.005893194839397245	-5.502076293918079
160.1201	525.72	0.13754692648783867	1.9855661728132432
101.0484	335.117	0.0423439674075624	-3.1741113735303017
229.0354	154.747	0.2124395153856895	1.4602655616666322
75.0683	255.08	0.12055463602586963	-1.876031542563322
169.0363	418.712	0.06536639262622435	-2.8217656327106213
278.1512	664.021	0.37257251837872724	-1.0276521162340169
104.0585	443.444	0.0163713469381146	3.4030638620804075
131.0574	257.622	0.08940567948268234	2.467733402262348
113.0475	328.966	0.035167721012788	-2.8367650318473885
147.0533	330.532	0.025172871030066837	3.490863210228517
498.1185	423.185	0.049724080751846485	2.8453014447681477
188.1276	199.745	0.018584237415992227	3.9599899308381827
132.0897	443.48	0.19709158939446994	1.532803560006275
145.0733	236.638	0.09908183917545492	2.2291663889579016
127.0629	328.346	0.08851827486467108	-2.158861768345961
212.0311	229.126	0.34674370164864726	-1.108031813263991
149.0458	428.543	0.08976092134126855	2.1840832375866235
191.0592	464.338	0.12213825284122616	-2.0035939511120184
191.0624	434.554	0.19044745456124496	-1.623403193753596
243.0846	197.246	0.02097565031318394	4.281579038164799
128.0584	264.006	0.04528464347535605	3.242693263898937
111.0315	383.065	0.4405593470866436	-0.8257923379101223
334.2129	580.061	0.7014827050327013	0.40485737055242993
87.0503	514.098	0.24476569940151005	1.3012597022544024
334.213	601.84	0.19640633255426254	-1.63979794437543
148.0373	270.623	0.058404433933143894	-2.358374315334967
148.037	259.946	0.04841547791061226	-2.500601276145914
272.0903	352.131	0.17050883142544787	1.6301645572652157
142.0739	361.137	0.028207961679393562	3.085146023903289
142.0745	287.186	0.026958856067508787	3.9217890111447415
228.21	747.27	0.8820183588304656	-0.1560724344182544
160.0844	210.68	0.41311040527402787	0.9099053712941211
267.0951	173.154	0.030875181030052996	-3.4906080589779163
267.0957	209.554	0.07048495775778033	2.2836591564636723
312.2303	531.665	0.8456432218997822	-0.2061494033271842
101.1206	552.538	0.3920801384977204	-0.9360114650222014
316.2006	665.147	0.03319324880779721	-3.181760755202983
162.0352	463.355	0.8174977881396271	-0.24367180116464557
198.0533	464.808	0.399417983718692	0.9647388414101361
278.1631	453.27	0.7813153654518984	0.29305074655961627
126.0313	505.375	0.8443854713445469	0.2106095970679783
147.0528	264.236	0.00536988268098935	-4.280673519683036
193.0402	288.389	0.11149365617152125	-2.036120591213258
332.056	297.763	0.8080252429129327	0.2539393240623059
166.026	362.039	0.4625532658388549	0.8384512000512707
73.0893	491.772	0.6535235621464268	-0.492478569056347
294.2199	687.517	0.8046445822281016	0.2617241563493433
314.2458	591.852	0.8460495557110936	-0.2040030469159975
314.2453	615.341	0.2724282502038369	1.2198724435980657
312.2307	680.638	0.35162833438497587	1.087785300207459
330.2403	514.1	0.5807049060619125	0.5923617886942231
175.0479	318.294	0.019027998455941695	-3.1847189564375973
240.0091	296.401	0.11568288444910473	2.159970248640908
240.0088	248.944	0.09258912134624961	2.1407712596045085
240.0105	315.305	0.0880611195214988	2.3304798918970957
240.0088	514.043	0.439648157308086	-0.8714582089876625
240.0085	260.414	0.07387121261575914	2.1620148960087455
146.0583	287.416	0.2685642635223681	1.2196446434474848
292.2037	637.688	0.15685718555707504	-1.8557108638256274
294.2199	614.682	0.558073787068128	-0.6204772545008458
264.2095	743.435	0.10543088245062116	-2.113445031293692
183.0649	546.375	0.07436562349965659	-2.1793116911167227
199.0596	492.45	0.7894380175285647	-0.28156856313834366
168.1141	617.026	0.7207185008766839	0.3863721826779028
242.2241	788.308	0.5567100457706193	0.6223895425759708
263.115	265.311	0.49714701980650217	0.75282590134091
146.0691	194.544	0.05542444354162479	3.00736105445006
252.0629	372.701	0.13888106507748915	1.8582972069057724
170.1306	645.841	0.7564079255856202	0.33459027441424155
296.236	659.36	0.1491283156102007	-1.8717062516682712
312.2262	599.016	0.07678157098694077	2.2498557966076467
312.2293	632.764	0.9251910966305698	-0.09840627249521802
133.0371	255.457	0.006620970175546091	-4.077069003733689
87.032	362.361	0.22883057744956212	1.4775377479105893
160.037	350.468	0.7220647846988288	0.3749935077863286
173.0686	250.964	0.07754736138962735	-2.207607196478775
180.0636	416.177	0.43411489815560256	0.8568544944655196
180.0642	388.88	0.0018313997954256729	-5.314028651902241
180.0639	401.395	0.0022695499406232907	-5.3275904306754756
180.063	240.714	0.008071702115493972	-4.419498764720129
180.0642	416.97	0.04546767516807812	-3.022665364843142
180.0644	261.946	0.008137400275551543	-3.9232307034231875
113.0472	375.723	0.6142411937728638	-0.5324210956378436
100.0523	440.466	0.2574214165492948	1.3475601372962893
280.1055	219.612	0.11541833203328823	2.1071561987442395
172.0844	270.426	0.7650040550989594	0.3256342030587632
147.0532	311.418	0.7118792147045887	-0.39069844279232396
175.096	289.241	0.08327584327860912	-2.28545616842716
228.1473	379.45	0.24820678926004136	-1.357307362130457
262.1317	404.522	0.44693400896071567	0.83588620572427
172.0844	288.056	0.3150647324929151	1.0999159611683866
262.1299	439.87	0.046930292350024196	2.5404092177282918
212.1162	324.223	0.06599300458988598	2.5099079035759617
160.0846	249.203	0.2573967608993568	1.3317750162521227
217.1431	451.459	0.275963628096756	1.2089239247368424
186.1001	294.329	0.6152175740620678	0.5307877030871869
188.1167	320.387	0.44353260327722005	0.8200863914724454
246.1011	453.706	0.21280881528418716	-1.5466847311923082
279.1199	289.392	0.025229730322662812	3.1208328246629553
295.1157	483.684	0.45756178053093577	-0.8377355325058374
262.0783	201.873	0.35599249125966825	1.0009223270950685
246.1213	328.732	0.7497390658439803	-0.3340254970316708
296.1014	499.58	0.21171098707536037	-1.4823294509586435
566.1461	340.553	0.3675284891472801	-1.0327899493686097
217.1062	201.98	0.07364428733355509	2.3613475709157523
275.1107	182.191	0.019224885953377464	3.271329810234037
203.0908	187.229	0.08441951792822677	2.0656118010044646
274.1646	393.375	0.04478624037036265	2.9663170885785624
247.117	172.858	0.07691921125121362	2.62017036604074
276.0951	197.392	0.0806466313257966	2.1066771043219927
260.1371	319.847	0.6758685026286886	0.4410584640487579
234.0846	190.048	0.0657224880526717	2.525270639664917
246.1209	266.449	0.2306897756114112	1.441255595502213
203.127	442.529	0.3612894821229083	0.9881132814971696
222.1016	331.209	0.8262022081863285	-0.2294980203349042
162.0657	202.337	0.35430217914071743	1.0214305279158533
176.0805	222.875	0.8144240982340627	0.24579722328976913
226.1066	467.957	0.39210931909528735	0.9318981593003031
284.1115	434.892	0.6742817821445628	-0.4508605631376469
252.1204	503.684	0.10556323205721194	-2.242006760270871
242.101	430.596	0.6503408724952203	-0.47821683281072214
256.1171	445.093	0.9169799562956329	-0.10872494402996218
244.1785	451.214	0.5809745968965496	0.5907485308691981
232.142	308.406	0.3152365376803371	1.10684041748828
246.121	296.154	0.3345672775213182	1.1221275449945614
244.1785	445.065	0.55022735823264	0.6395027865260462
218.1268	290.52	0.9221789862196105	-0.10249353239698013
217.1428	445.77	0.2419594159076313	1.3125360281025635
203.1271	433.201	0.16885277853493774	1.646408594694262
259.1898	518.802	0.348215039985406	1.023776258272315
243.1587	467.84	0.2843352758171529	1.1782756581610552
245.174	488.298	0.6283664095570776	0.5108070729369645
220.0853	307.526	0.04672147748057413	2.8103279074170797
278.163	462.606	0.8757986363899649	0.16418050734128317
266.1258	323.779	0.9316178945602571	-0.09022705462431697
186.1001	310.003	0.2204701858802935	1.4200229257925243
271.1646	392.553	0.12072058438905875	2.058511107060635
229.1056	230.502	0.16928676500776502	1.6832914649512767
230.0913	263.123	0.9693692496058016	-0.04127557943740894
244.1056	272.538	0.7274055104757992	0.3794557317940931
252.121	518.224	0.13316707994431554	-1.7557102722491171
243.1591	485.581	0.2587727987117097	1.2479851961004156
246.1043	379.444	0.332548059402762	-1.105493699041001
202.0944	258.482	0.5897622501971932	0.5902768139773419
216.1106	262.377	0.9905875213540339	-0.01259873577525446
214.1319	382.805	0.21332170962815877	1.3920368995027397
176.0787	217.029	0.8241301665188576	0.23258229733815877
242.0997	447.287	0.653915443666011	0.478866993555067
233.1369	416.749	0.1386301185873938	1.7970773596447889
236.0793	245.4	0.027530868579615217	3.908390412463814
233.101	184.447	0.8881278837413871	0.14809851096078439
234.0849	196.734	0.07915429884441787	2.234903344504886
232.1422	328.61	0.6778424885994505	-0.4374604711236348
247.1537	431.156	0.11867373771392276	1.947220682282442
250.0988	298.323	0.18272738925600965	-1.696584460736593
216.1105	258.699	0.8451451247703057	-0.20706094563954403
220.1063	212.793	0.4117393937989354	-0.88702574448547
317.1735	435.585	0.49303092077986344	-0.7648466636143774
268.107	500.043	0.5120432253649422	-0.705713851661169
204.1122	252.931	0.9797178324854539	0.026642037495148173
216.1475	371.468	0.331603115388249	1.0640052430818394
116.0838	503.912	0.3634356502321487	1.010777595540194
146.0692	246.387	0.38077532666388414	0.9468927180476121
259.0457	148.0	0.4260632784260857	0.8620037172166092
211.0358	149.6	0.16928474401402221	-1.7628442912275033
199.0246	150.0	0.002747750797245144	-6.35151458201352
153.0096	152.0	0.14897117831765344	-1.7353155280619532
215.0559	155.0	0.5392868746475323	0.6557662727526445
169.0045	156.0	0.4484369258607794	-0.8415876230580065
246.0959	162.033	0.45623013870663615	0.8311322042367945
195.0743	163.0	0.0037909206497838918	5.110211935594309
178.0412	163.4	0.8133862578450213	0.24738648223236562
261.0307	164.3	0.11151348703227303	2.0754479296459447
332.1332	164.9	0.0433772396597908	2.6006370701599955
307.0838	165.4	0.7778559318061129	-0.29534954998804674
302.1701	166.215	0.7938524170663823	0.2742489787873737
167.0255	167.021	0.3689360755867711	1.036893083580462
274.1277	168.7	0.015523625085003141	4.6839594245400695
323.0519	170.0	0.1301340392423234	-2.0694020916871465
238.0627	170.401	0.16842769977620614	1.6245308702501082
283.0917	173.4	0.9431577891612323	0.07448764590171089
380.0733	177.1	0.11959885947247674	-1.986463302188433
335.0631	181.8	0.8622486428370839	0.18117570302888397
162.064	183.219	0.1409347574214064	-1.8277656288996023
231.1349	183.34	0.20871882499751443	1.4495983916342399
275.1593	184.118	0.3663443510086164	1.0392500173577195
173.08	184.3	0.18864927989586994	1.591710934536065
284.0773	187.1	0.641857440743737	-0.4895169849584301
163.0481	188.0	0.882483726225955	0.15811603426161547
174.1117	189.0	0.004091312013592057	5.665140579929773
190.0954	192.9	0.8880130418856005	-0.14909717525639074
151.0303	196.2	0.14364849552450534	1.7202245199376727
177.0637	196.3	0.0031888731901403857	5.047734107264817
87.032	196.5	0.27372637770158315	1.2052966542888277
727.208	196.8	0.04057270023857304	2.9260325778514167
347.0631	197.1	0.03527886910796142	-2.898187866210589
276.0958	197.3	0.007883758858179818	4.331701627716045
163.0593	198.3	0.4199322303940707	0.9289299937120343
204.111	199.8	0.04280764091825941	2.9121477871897317
188.079	199.851	0.27006183178004056	1.2174803490668795
146.0691	200.0	0.13915804044426577	1.992051382974549
175.0957	200.7	0.9618234913945064	-0.05080738050531607
267.0968	209.6	0.10902613819711808	1.9382934961429203
105.0426	211.2	0.2724007767015816	1.2480138853680478
165.046	212.0	0.650944491520528	0.4761359819582903
234.0852	212.4	0.5639706802792396	0.6455664370366653
190.0954	212.5	0.1131886723853257	2.0344393430425893
232.1059	216.3	0.06861507913024875	-2.3644646361887527
147.0532	220.1	0.13704215797043728	1.7171607152864983
218.0903	220.3	7.978758127700961e-06	14.107118142440294
133.0375	220.7	0.1485670628224027	1.6698083140220215
289.1274	222.1	0.01383650253152218	3.9482666211844646
131.0582	224.6	0.3709075619722263	0.9823492288144474
147.0532	229.8	0.684565764252586	0.43782563814569325
427.0294	230.7	0.2912571734095218	1.162498794791715
287.1107	231.462	0.93984660273448	0.07932964103213618
271.1646	236.148	0.09060445436749559	2.0245593316857193
245.1747	236.459	0.46723289863956385	0.776829720324921
119.0582	238.3	0.5617597218239592	0.6379081396411126
141.0426	238.3	0.7988182114376325	0.27320068628610855
161.0688	239.3	0.08111549807439124	2.447736726046728
188.1161	239.3	0.26880932378521516	1.3272137407069247
114.0429	239.7	0.0919798354986805	2.4410388958929334
147.0905	239.877	0.3519886849204616	1.0684874423818598
133.0739	240.115	0.7323002727460435	0.36572463106242803
61.0528	242.2	0.18136105527041396	1.5953883082536773
377.1335	242.3	0.11143776196270253	2.089259183565556
144.1375	243.289	0.30187820013564215	-1.1293637034788702
229.1058	243.379	0.08168918819784343	2.392632381427599
174.1004	243.9	0.5465869607710783	-0.6425418300654224
197.0688	244.8	0.1482422483239597	1.7222879177225408
199.0957	244.9	0.10585867868724008	2.163758174089661
243.1217	245.545	0.024976440152463506	3.3892872723014036
237.0862	245.6	0.16906204476261746	1.5985906280488502
105.079	246.4	0.3088145465861859	-1.2147306742368909
346.09	246.5	0.2785640916136456	-1.1935017278137476
427.0294	247.0	0.32692388789026294	1.0704414095980899
363.058	247.7	0.9871095544327938	0.01752210874955148
160.0848	249.3	0.28524662651081373	1.2574604346180063
433.1362	250.2	0.23420112430301065	1.32451932006651
119.0582	250.8	0.23844299230207017	1.4524503342291089
204.111	253.3	0.9101093757829672	-0.11878369072765907
103.0633	255.4	0.45717740641894367	0.834470682925973
131.0582	257.6	0.10315181216374747	2.3151172755248126
119.0584	258.352	0.18593630630514457	1.5158188893144784
224.0797	258.5	0.5978873322922391	-0.5627755781799261
232.1059	258.6	0.7350415233290656	0.362805663642548
174.1004	260.7	0.10272259691397041	2.009379297464477
346.0863	260.756	0.00540874017792283	-6.065489033145622
216.111	262.2	0.7636932815254197	-0.3175666094590313
434.2311	262.2	0.1822766360340993	-1.5133850067957808
230.1265	268.759	0.4827482607463991	-0.761016306553229
246.0861	269.362	0.6778253315347942	-0.45767068698963037
147.0904	269.499	0.3055198114434333	-1.1213217712704195
217.9885	270.4	0.002564781460524653	4.961134227778196
174.0641	270.6	0.10766093695384445	-1.9012315343035993
180.0899	271.4	0.0870940962141075	2.1156047688184256
119.0582	271.7	0.7782106202685055	0.29466482741524935
132.0059	272.4	0.34960710102455866	-1.0300093616373935
266.0903	272.6	0.649789051061091	0.4847063674268267
131.0582	274.3	0.6782492020301703	-0.44360977972868104
89.0477	276.3	0.027551038335268677	3.0318739769298015
259.1532	278.8	0.7586927611038298	-0.321686904015009
127.0382	280.3	0.4345537332438524	-0.8372964603740408
254.078	281.1	0.9866219868941198	-0.01749971026608601
117.0426	282.4	0.011567998279364864	5.400110815941816
283.0913	283.135	0.542108968026479	-0.660902881892407
158.0691	283.4	0.30240665545266476	1.1745532849641098
161.0688	283.8	0.00010574376107313033	-25.71998157737742
244.1426	283.917	0.6208689123737148	0.5343494710530139
183.0532	284.0	2.1578255916965824e-05	-35.854951670013094
119.0582	284.1	0.08235015046097638	2.2719117366537844
300.0845	285.2	0.2716354207088513	-1.2866027990307507
278.1271	285.718	0.4344069671052147	0.8676239212896808
59.0371	286.3	0.7469251402767355	-0.34669874940030115
200.1527	286.942	0.04787457525715776	-2.664370040085761
155.0219	287.3	0.5718024050365338	-0.6229115338216478
110.0484	287.527	0.13917090111667565	-1.7094185571100629
193.0375	288.5	0.43713826397336725	0.8350787752689699
252.1211	288.933	0.4323055939014969	0.8874988022065842
194.044	289.1	0.7184494074511131	0.3783803466673647
114.0799	289.155	0.8461836705477149	0.20868640015395482
218.1267	290.6	0.6643175555702809	-0.4573197819097827
175.0837	291.551	0.35585228729803464	-1.0024540249386016
147.0532	292.4	0.003111990698980179	-4.864603235840091
189.0637	293.0	0.4085903155430239	0.9059380095332109
328.1543	293.2	0.16694867399340296	1.728032321977052
243.1217	294.53	0.02973172188841014	3.284396109896027
638.1119	294.6	0.22047857922096942	1.3978033114421997
328.0794	294.7	0.5298628881294214	-0.6701253134287305
329.0747	295.2	0.3635576978699752	0.9839875460383821
188.0797	297.7	0.5758162537008711	-0.6186364867612748
75.0684	298.4	0.08204582823179424	2.567174949192068
282.0344	299.5	0.8328951282043464	-0.22080345133491805
146.1055	300.3	0.2345288748135936	-1.4202838237426294
145.0739	301.7	0.06107307717813452	-2.8159861070457355
306.074	303.1	0.0968409886362633	-2.252719384081999
252.1213	303.872	0.3019369062259301	1.240715126106982
101.0477	304.0	0.17338791763119576	-1.5815417487260401
73.0528	305.8	0.8643856306568448	0.182107632096517
145.0739	306.0	0.6325993273899254	-0.5059481745560548
151.0494	306.2	0.06352800764940184	2.692786326659081
165.0426	306.3	0.1458921490266701	-1.7193322283788472
360.1321	306.4	0.004391417144927312	-5.214406972638912
330.0951	306.8	0.03866629586920501	-3.2368170047209848
286.0735	306.877	0.024740352575032484	-3.4467473225128957
446.0604	307.3	0.31850323441752554	1.0896654315955152
221.0913	307.6	0.041451354710198784	2.5863644831439245
117.079	308.1	0.042997679680880606	3.0782185276353258
87.032	309.7	0.06686449872572325	2.3679526315219777
245.1377	311.609	0.5793278968270872	0.6062189794318321
226.0589	313.318	0.10214461826562585	2.187080228763584
103.0633	315.6	0.35279637946387365	1.0243394269272421
216.1103	315.81	0.2978594737249256	1.2554158032579976
89.0477	317.0	0.0040874827957423894	4.581907813018686
230.1268	317.067	0.13802246839803708	1.8182261416259287
129.0426	318.0	0.9961072946663512	-0.0052311229780784944
101.0476	320.194	0.09064639340825252	-2.014035259912052
314.0686	320.754	0.019474265042701194	-3.9048340052574986
136.0385	320.9	0.5332408856595661	0.6615665900763378
135.0354	321.1	0.6918111829226297	0.41801765430140503
244.1059	322.706	0.08665501008655305	2.3815409430570695
259.1528	323.789	0.2752963951195228	1.2105194191934088
293.1384	324.546	0.3718659953236158	0.9669392053099097
87.0684	326.3	0.13210850047329079	1.9251193990945978
259.1208	327.6	0.06546309174800038	2.3816651726273648
187.1689	327.776	0.33905999089824596	1.0386392381921088
243.1567	329.378	0.6849361455463281	-0.4466681572203846
153.0426	331.1	0.5243940469993914	0.6836110993372876
222.1004	331.1	0.3924949884292479	-0.9229105957327947
131.0582	331.4	0.6294222276712944	0.5141805286844939
232.0042	331.9	0.013813685849536846	4.264292627530799
237.0862	332.4	0.028541872832857702	3.854072375094497
115.0633	338.4	0.5494827305636856	0.6402193604552561
230.1267	341.371	0.14005643194458992	1.7012937533751489
206.0412	341.472	0.02209369774846644	-3.628229011021185
279.1206	342.566	0.5276994955346465	-0.7048173613556663
562.2144	343.7	0.9187242864852172	0.10643049927643304
260.1376	346.806	0.5776868340318558	0.5887914552568211
101.0841	347.0	0.813512073342706	-0.2522042656771906
426.0879	347.7	0.03331167725683214	-3.184612093943317
125.0951	348.287	0.0008744913636095007	-7.1911415328532025
198.1368	350.3	0.9721560742728628	-0.03639424901887168
640.1428	351.3	0.004959109466128025	-5.538613452680766
642.1432	351.4	0.1754451493491996	-1.693479189568925
70.0531	353.3	0.8674000062176287	0.17518272396330306
117.079	353.8	0.053172346963599626	2.612493338013977
234.0852	353.8	0.13749991926865318	1.8482008571771795
139.0382	357.1	0.09914503008032065	1.950777154136499
103.0638	357.806	0.012082822501234866	3.6479241683179144
73.0523	358.34	0.022085313407991854	3.786600468751425
112.0273	358.5	0.26052151969772264	1.37320484902187
433.1129	360.5	0.03268652725724115	3.6302953379305127
302.0427	360.7	0.21876012265073086	-1.3794081134754381
214.1319	360.794	0.3027973150412963	1.1558673433201516
266.1273	361.149	0.3474818732303436	1.019214324314222
208.0848	362.0	0.030956119880639142	3.817573497513941
153.0426	362.1	0.041741558174572334	2.964974174991067
246.1328	363.4	0.7605081006912817	0.3202026665308658
188.116	366.038	0.9765221662848622	0.030734595563164182
304.1383	369.5	0.6067792575230061	0.5441456070646734
210.1004	370.6	0.31845633482374186	1.1876023957541515
114.0317	371.2	0.010270769392342007	-4.2267455375620075
248.0562	372.5	0.8817762134872771	0.1553364781443234
279.0968	373.1	0.01009247056399455	-4.801923379293919
70.0531	373.2	0.14658723373091515	1.805866163841864
70.0531	373.9	0.08945300204619076	2.3941371665268827
222.1004	374.9	0.32873319520907623	1.0692870240148322
300.0845	375.1	0.16976164359591037	1.638640433350778
228.1107	375.207	0.03874074641179835	-2.6373751884897674
187.1208	376.1	0.655346359638121	-0.4753520175720836
212.1161	376.849	0.0711616839925828	-2.4567770675262843
230.1273	376.909	0.646706430908865	-0.5007267853388
195.0895	379.8	0.0642577260884253	2.8593932237948003
300.0841	379.841	0.18865954193839138	1.4886346961062107
337.1162	380.091	0.1372811128095872	-1.8039083720485725
167.0582	380.6	0.7802870281444162	0.29860964053783445
151.0633	382.9	0.10649083253183632	2.1403733262139357
381.0686	384.3	0.5699000011238793	0.607913340511792
186.1005	384.541	0.027897074859955667	-3.9732545031938904
126.0317	385.5	0.6802990780418985	-0.43472108620639743
231.1337	390.266	0.9724898674415886	0.035980852228189406
208.0736	390.5	0.3202418984503332	1.098650603445506
190.0954	390.9	0.48210909409212066	-0.7758635602896494
593.1461	393.361	0.00016755966783081746	-10.090075119442806
165.0426	393.4	0.04923551548747302	3.1928867702895336
594.1585	394.2	0.3875601411570493	0.9530202840860706
73.0528	396.0	0.39017346239475276	0.9294134997826808
123.0661	397.698	0.027164093064065364	3.1219096764173093
212.1162	398.97	0.15529955426421552	-1.6430823831951356
151.0633	400.0	0.23480050485166717	1.4569608465309214
286.0477	400.2	0.2693195943307706	1.3461673394072537
101.0841	400.353	0.014867550420980216	3.428740363288115
142.0263	404.841	0.0465531360629334	-2.6603205617238683
228.1469	405.602	0.4600554419532632	0.8027850303640448
396.0151	406.2	0.026131347202731376	4.035284639738264
326.0994	406.288	0.009099463302098315	-4.348784526667306
131.0946	407.6	0.09837902878077491	2.0391902751252933
126.0317	409.3	0.5509260788129903	0.6600753364346181
275.1486	414.09	0.10068378534903337	2.1964942251305106
159.1259	418.8	0.0571763614710664	2.896799402955506
240.0238	419.0	0.08655133915547827	-2.5123219923354165
162.1004	419.2	0.1754127385326986	1.7439063267952832
243.0855	419.2	0.0686232443713332	2.258647296145318
340.0794	419.2	0.0015799447835223787	5.560137467197183
480.0904	419.4	0.812635926418008	0.2532572159413507
281.1111	419.433	0.37965482980447746	-1.022279642883788
255.9984	419.9	0.47132779232560784	-0.8005093316575423
523.2054	420.1	0.7248705608104682	-0.37601805542767874
139.0746	420.4	0.08384590769829023	2.1336649264841485
259.1169	420.8	0.1062392163122468	2.21830564718535
277.1487	420.82	0.1598549013210708	1.8194860499261376
203.0903	422.138	0.12741210290545704	2.0698107697183743
228.1466	423.384	0.15444445372342508	1.6303438251830262
179.0946	423.5	0.06693833841630858	2.384023966285501
286.0477	425.4	0.5492772660286145	-0.6352921619392186
283.1281	425.4	0.2470120571949366	1.2917024017996086
286.0477	425.6	1.4814272571478933e-05	20.713989719489412
126.0317	428.4	0.7166463843447471	-0.3951441589541373
135.0694	428.631	0.10111507693754455	1.9425886644097319
127.0633	429.743	0.6167144383579453	0.5363958427184459
168.0415	430.087	0.035542361249236314	-2.7085346203320144
168.0423	430.1	0.042116515268449	-2.5739836851150555
121.0528	430.7	0.22233110891675817	-1.362595289794896
284.0768	433.078	0.12079446422859463	-1.813521510885466
114.0315	433.713	0.10691255218955707	-1.9021276476181646
151.0633	434.7	0.5363443691907923	-0.6762226821820377
162.0351	443.2	0.6382906991961437	0.5075227000290506
217.1426	445.8	0.16265674372874114	1.612046869925292
114.0315	448.277	0.05908222279476467	-2.3688900298535134
228.1471	449.883	0.16011102467220165	1.789535689393766
217.1426	451.5	0.4429723496539039	0.8283463376594309
245.1379	451.706	0.33232501708186235	1.0543341543277616
73.0892	452.983	0.4289465936506085	-0.8630384844760005
132.0899	456.2	0.011369764099469302	5.138466062216022
151.0997	456.4	0.8782343466395788	0.16520626950878636
124.0524	458.4	0.06990055443340074	2.270790328892821
195.0895	459.5	0.04927571732218977	2.5822561704149294
413.2626	461.935	0.4722326310167455	0.7883144974983547
246.1029	463.556	0.05000022431140353	-2.881026986379823
154.0266	464.8	0.17175111101302867	1.6635428005961337
153.0538	467.2	0.21454150929986165	1.4847472609338082
203.1273	467.577	0.25288061702201947	-1.26474365935297
256.1099	467.6	0.8951727002943477	0.13830389769655274
189.0427	468.679	0.05878764514765207	2.4201286128442203
576.1479	469.4	0.08740606927801	2.167450860580554
243.1223	469.9	0.2679480625972114	1.3409477648341257
146.1055	474.7	0.10515888036813557	2.220869371277238
146.0844	477.1	0.587302462946061	0.5783012931219196
328.1543	479.0	0.21856071920484457	1.500279645493003
329.1627	479.2	0.28332847656891946	1.2698642304077692
207.0896	480.155	0.34811855803300307	1.099912714208944
138.0317	480.2	0.6177583389666359	-0.5467211705166806
224.0685	483.5	0.6787752133283336	-0.44438221378445736
187.1689	486.22	0.06445816309959435	-2.4889501890620997
133.0528	490.0	0.48755846935066494	-0.7434837393606435
194.0579	494.8	0.46635515290847934	-0.8176206997795777
266.0903	495.4	0.07128509907672369	-2.2093278510488505
268.0808	495.647	0.09482982958268668	-2.117938792821264
564.1115	496.8	0.5652160612449335	0.6094452689662094
130.0744	497.032	0.044366507558807326	2.9308132493245305
244.1782	497.102	0.4066911320342405	-0.9429951670229205
128.0473	497.6	0.0003325075435270288	12.385681578451061
148.0524	499.9	0.5467342743615511	-0.6577927741620293
161.0477	509.4	0.345163857164114	1.114491096268212
257.1052	511.0	0.006507806125232919	-4.932456256294222
109.0528	511.2	0.05785093019777598	2.80114255597318
182.0577	515.709	0.23217270851602934	-1.3683204688605204
209.0244	515.9	0.07338764434099408	2.1949034068420086
99.1045	516.111	0.9661947838820283	0.04518030572188751
121.0891	517.7	0.563903371544332	0.6171246920741569
336.0845	518.9	0.006786244258273252	4.046225543638208
175.0243	521.4	0.3105627678908873	-1.135055549413868
239.1018	522.0	0.5926116752568669	-0.5843097583138561
214.0994	524.7	0.062288224169939746	2.8281785044916257
130.0733	527.362	0.2334714338980597	1.3489189872657794
176.095	529.4	0.011691545354544381	5.5038415062556005
152.0473	529.6	0.8258944344611941	-0.23033216743985754
149.0477	530.5	0.006949901346929417	6.628709726720503
87.1042	530.883	0.06093822028607283	2.303453564350477
343.1749	531.178	0.24661582596810905	1.2836236136972468
138.0681	531.5	0.09176976668338832	2.0073516196853474
152.0473	537.0	0.6057658403411222	0.5576138879736182
136.0524	538.2	0.029686461303072648	2.9445603930579822
184.0372	538.6	0.06741869446964921	-2.355604958242044
580.1792	546.4	0.030905443431736818	3.0158709722672024
111.0796	547.2	0.2843567782657293	-1.2462628675104614
224.1049	552.5	0.09229660489467312	2.4324771307873125
138.0681	559.0	0.08764867774900445	2.3237277113310855
164.0473	562.0	0.7355479490411179	-0.3562698979216448
181.0739	562.3	0.7942386646874525	0.2751429998101301
124.0524	567.2	0.7894462529191147	-0.27942123429777793
418.1264	573.1	0.018031431569334618	3.6419754865227785
154.0266	605.5	0.866687270563812	0.17602176658147808
120.0575	607.0	0.06552715852441891	2.8421912643945446
152.0837	621.3	0.13636256414137612	1.74022665616235
145.1579	644.8	0.33730223733318965	-1.0913601593968008
61.0164	212.6	0.7008667793795037	-0.40306979616763017
73.0164	212.6	0.21413693806126557	-1.4079627994502395
74.0004	212.6	0.24994905986342203	1.2922292932565407
118.0742	212.6	0.8818270034363831	0.15544602964640264
181.0739	212.6	0.192242795257261	1.547136005582304
183.0532	212.6	0.12926629847594462	2.001414322437963
187.0481	212.6	0.663758631489027	0.458721212772686
191.0794	212.6	0.8605409758496713	-0.1836691150308949
222.0674	212.6	0.8564025424456108	-0.19142159630276342
197.0688	212.6	0.9545743729960414	-0.05941174593198855
133.0739	212.9	0.34773879830668497	1.051288298057727
161.0695	212.968	0.11211337705918287	1.8620694592319038
161.0688	213.0	0.2501644422836933	1.420675987242421
306.144	213.5	0.001285136536790162	10.232810290897977
141.0426	213.7	0.21009951656908196	1.508310535128319
145.0739	214.2	0.28074487977041296	1.3046503299292014
192.027	214.8	0.33805253362707255	-1.0420900172662433
235.0481	216.2	0.6364493840379317	0.5218136178583044
195.0532	216.6	0.510476881575604	0.7000349110720875
106.0266	217.3	0.2919184936676551	-1.2022046857526512
239.0794	219.7	0.16446038282986716	-1.773790631790087
89.0113	221.1	0.0024327952762473954	5.323726981405287
188.0797	223.3	0.3945553902626921	-0.920517998434105
76.016	227.4	0.4374233500114952	0.8359387454708831
175.0593	228.2	3.802175217968739e-05	-11.30569206406611
206.0427	229.4	0.14075140703769382	1.704753224347367
195.0532	229.6	0.4849763972903748	0.7615608422157835
351.0954	229.6	0.7311230086784983	-0.3604320833811882
174.0164	230.0	0.04829559634636907	-2.95349106857699
117.0426	230.6	0.6328893179838809	0.5152850102248626
253.0223	230.9	0.1497424686312635	1.6772866490187754
117.079	232.2	0.03381337397504649	-2.7805591541952013
192.027	232.2	0.3679492528494126	-0.9825907803846361
191.0219	232.5	0.08337299412738253	-2.227081897695905
166.0477	232.9	0.105956130476804	2.0278786477189814
175.0481	233.4	0.7939972936330789	-0.2763242969664735
168.0423	233.7	0.39025799047014537	-0.9261160756324162
134.0215	235.0	0.8504538608161022	-0.1969182815040559
282.1328	235.0	0.9688827072401897	-0.040956141869385405
117.0426	235.4	0.742899983618695	0.3439530207381777
234.0852	235.5	0.6041927750458014	0.5492386421789579
304.0907	235.7	0.6226785979975131	-0.5249997577577654
180.0634	235.8	0.20271325417093397	1.443718001483464
253.0947	240.739	0.04742244075391285	-2.7951912575365343
174.0164	240.8	0.3496958905145206	-1.089872416969175
132.0059	241.3	0.0008944325532641048	-9.00894582808423
130.0266	242.9	0.17127656973974636	-1.6114212130946366
169.0487	243.4	0.3679031732105735	1.021165632165783
104.011	244.0	0.05159110364896469	3.096204659484274
206.0427	244.0	0.23745198109142227	-1.4250338894372032
189.0637	244.4	0.40441647905793343	-0.9105313983956814
145.0375	244.6	0.06136924011100749	-2.876842049584514
198.0528	245.9	0.8895235461975615	-0.15011732500815983
90.0317	246.1	0.535187657333922	0.6708671440791592
145.0739	246.2	0.8331022708210366	0.22082506778916794
113.0477	247.0	0.7088121170251155	0.3924297275177617
139.0269	249.0	0.7552582482968162	-0.32643680480794734
157.0375	250.0	0.9963405823575202	-0.004920599056907331
90.0317	252.1	0.5409503302646059	0.6581495811247178
163.0845	254.5	0.49809410975791857	0.7293703720042054
205.0586	254.5	0.317171338605094	1.1967830148536418
115.0269	255.9	0.5507342927605371	0.6425787948476166
145.0375	256.2	0.9717614168093112	0.03779620768075419
246.1218	257.474	0.26558723076948526	-1.2447957869138553
172.0372	258.1	0.04409796422499178	-2.576840093332048
156.0535	259.9	0.26115723595217005	-1.3351079414496672
219.0743	260.4	0.6697195311883207	0.4542980317328406
143.058	260.748	0.0017600468719698972	5.352251354616421
162.0164	261.2	0.29798590383238144	-1.1395006209101781
187.0476	261.615	0.10115563522647507	-2.137971507672067
132.0423	261.9	0.3703441681753112	0.9846398147390044
300.0845	262.7	0.15172806232769967	-1.741266364007561
104.011	262.8	0.035996221870113844	-2.691228578245625
158.0691	265.2	0.6408063954319925	0.5105255025947029
88.016	265.7	0.43230191283821684	0.8441551541661907
134.0579	266.0	0.45564751268917325	0.7974762146608833
365.1352	266.2	0.9840934581333297	-0.02154134097968432
160.0372	266.4	0.18615341048629908	-1.499743006289299
129.0426	268.3	0.5131048488565693	0.7017439991801457
226.0477	269.0	0.6381997236351069	-0.5014875883715162
104.0473	269.8	0.13735493678666486	-1.7186302239958395
206.0427	270.3	0.16220382218008228	1.7136959580398887
87.032	271.8	0.21008597457486097	1.5093377972472362
171.0895	272.1	0.4360427454710803	0.8396658687431465
133.0739	272.2	0.5836638539520704	-0.6051365942636556
143.0582	273.543	0.003381622785336685	4.987206755465232
189.0637	274.7	0.11702854682347502	2.1728691360612733
206.0427	274.9	0.2638401292387041	-1.3094466277769896
131.0582	275.5	0.6889521942731915	0.4311116163563017
130.0266	275.6	0.005488089967799472	5.331228258215919
118.0266	276.2	0.4425476501925121	0.8289252368478969
198.0528	276.9	0.732724887163273	-0.3699342167478189
160.0484	278.9	0.21083963772097905	1.5440592660225676
244.1054	279.673	0.020148631830124376	-3.219331284753667
88.016	279.973	0.009283221005916078	-4.086237915150845
148.0372	280.3	0.058259149303827015	-2.369477065663159
102.0317	283.1	0.6268204117555513	0.5148113387861627
104.0473	283.5	4.525703465845294e-05	-10.948618255509803
104.011	284.2	0.8213839532845605	-0.23586543497047835
159.0532	285.3	0.15656044233271063	-1.6410322295544972
148.0372	285.6	0.05480943525996113	-2.593483038248669
168.0423	287.2	0.93398337176912	0.08659962392253641
160.0372	290.3	0.21233422267049862	-1.4627068347060472
190.0954	291.4	0.0588942169411794	-2.327772328656094
104.0473	292.9	0.20652396606885332	-1.548612786683487
165.0455	295.029	0.9136070156728514	-0.11394225089512303
143.0582	295.345	0.04575917132321087	2.5492520705318986
173.0688	295.8	0.00025280591835222737	-8.656076995985703
234.0852	298.8	0.11728251696461939	-2.040774548238061
378.1274	299.6	0.7351417274809524	0.3559318429206039
157.0738	300.209	0.06607438612906497	-2.2723848371968574
182.0579	306.8	0.18512870885991822	-1.6270009312216804
88.016	310.2	0.9684600129195242	-0.04152469762983081
60.0211	311.1	0.000311340412773317	18.79355855870144
123.032	311.2	0.9090576217278659	-0.12249050091817872
147.0895	311.2	0.029283635623575523	-2.8732940438728525
303.1675	313.779	0.39113505702686524	-0.9588948856309938
130.0266	315.2	0.2721598323238274	-1.2663776261464397
345.1081	315.8	0.37475932592425426	-0.9674896121507719
118.063	316.9	0.10882459514853675	2.0793703621534094
590.3104	318.4	0.1318870916490708	1.792763867898197
116.0473	319.1	0.44392212045298324	0.8194841991564558
130.0266	319.6	0.5660410619293217	-0.6208700777456354
180.0423	320.0	0.46653455270417765	0.7966494477197162
268.0551	320.3	0.126650593372286	-1.7801794735089251
586.2791	320.9	0.011988280569167635	-3.84326692635466
146.0579	322.6	0.9490138709310836	0.06818193087931748
472.1819	324.9	0.6147353748239761	-0.5346818144512897
143.058	328.741	0.008085611207166568	-4.258117527375001
174.1004	329.1	0.6316217936219033	0.519836845766921
115.063	329.157	0.0853610125827885	-2.0905065011966304
161.0688	329.5	0.6370405518410693	-0.5009751948490868
127.0633	330.2	0.2330464576045184	-1.4862311467166165
129.0426	330.8	0.8779189973811826	-0.16057395363308918
258.0852	330.9	0.11713315929926207	2.0431061745191035
198.0528	335.0	0.6896257940473787	-0.43793557701031843
314.0638	335.7	0.018473247460514482	-4.207431097679183
276.078	338.0	0.15448858142467303	-1.7172079064946977
321.0696	339.2	0.6982931304942297	-0.4227693649921185
212.0321	342.2	0.25086404159965575	1.3888952256846758
161.0324	343.1	0.6321071781461228	-0.5308894486431631
145.1103	344.3	0.05724523061367719	2.4785627987036634
588.2948	344.8	0.6010332740242657	0.5593391825118798
183.0532	345.1	0.2480808125444475	-1.279674077388563
127.0633	347.5	0.3181842181336263	1.158812874289757
73.5253	347.741	0.6791429177176492	-0.44150590033025355
159.0532	347.9	0.389999388018876	-0.9272139498014379
151.0633	349.4	0.14888751016821916	-1.8900565192584928
160.0736	351.1	0.22701698284721072	-1.3770309946797674
102.0317	354.4	0.10747065608438712	-2.141793399221096
148.0008	354.5	0.8361918685937	-0.2163282111101919
180.0423	354.6	0.8221077584909666	0.23673925851010225
166.0267	355.053	0.2753616379269188	1.2040188713654747
152.0473	356.7	0.0940647862314246	2.0362820228025336
72.0211	359.6	0.5424974636703315	0.6815363384829816
180.0423	361.2	0.5234188299542275	0.686717155469554
152.0473	362.0	0.488174503388196	0.763616853373373
281.0899	366.1	0.18181111725045823	-1.5231909788744573
137.0477	371.9	0.6452543737000281	0.48450656419806043
280.1042	375.349	0.11724058826676298	2.1427234245509164
191.0436	375.401	0.2287952900801726	-1.5060633844443432
210.0892	378.0	0.207171867268329	-1.4181195459452927
138.0317	379.0	0.42729298079119993	-0.8512489762910186
278.075	379.0	0.11935697678404537	1.8311505537126278
180.0423	380.8	0.627635134598826	-0.5118245430758762
152.0473	383.6	0.20467443744181865	1.4640893561199868
166.0266	384.7	0.17105454103984216	1.5570628871390806
165.0426	386.1	0.2510518984439904	1.2976974133390127
84.0211	388.8	0.7123579282479438	0.38675866468794984
180.0423	389.5	0.08424971985322144	2.0675878436339428
86.0368	390.8	0.4940448632130376	-0.758136099421899
161.034	398.338	0.5778096467432883	-0.5915787013928889
166.0266	400.3	0.4618139931029176	0.82129437389633
176.0321	400.8	0.9337171961088302	0.0867332980799218
226.0954	402.3	0.3473259472419696	-1.024435789651529
352.0642	406.2	0.08211409852323595	-2.54205947660971
148.0008	407.5	0.7415766078117978	0.3509383864607898
172.0372	410.0	0.5273279425690331	-0.6887979130905826
187.0481	411.4	0.022038459832771883	-3.773825769086221
268.1059	415.5	0.06320813617054619	2.61671115334631
584.2635	415.6	0.05828810330261206	2.8033078241419145
175.0481	416.9	0.9793964087416795	0.027251589838100963
88.0524	417.6	0.516009056472215	-0.7068512574864009
197.0324	418.0	0.24250364295664983	-1.3159342963027547
176.0321	428.0	0.6379864904063277	0.5008204491738567
131.0219	429.5	0.01408033676356043	-3.4798502974665655
100.0524	440.1	0.7929278854208894	0.27512256304705196
165.0421	440.7	0.03110419187952847	3.6038478776207836
137.0477	441.4	0.5034216582281815	0.7411783331736599
146.0692	442.11	0.055192990837847705	2.978371613899448
162.0528	447.8	0.28471475669111734	-1.2421639999216185
164.0473	447.9	0.34005694379505413	-1.1102711414626067
210.0531	449.239	0.04601530509839453	2.6152110964309077
155.0695	452.9	0.06861909481871838	2.7864611070684595
118.0266	453.3	0.23875794105510928	1.3849207792649054
122.0368	463.4	0.07066509337030392	-2.2441381097124253
144.0423	466.6	0.3034103876541457	-1.1255008797348967
146.0215	467.3	0.28312824911784323	1.2816439588430062
188.1412	467.7	0.6786419080929103	-0.45539571402504586
490.2203	468.9	0.9091905455827022	-0.12092077197487183
172.1099	470.1	0.48845384657225766	0.7817699712021852
130.0266	471.9	0.034020333875301484	-2.9476894072712416
132.0423	475.9	0.4898304163873448	0.7366005190133926
186.1256	480.1	0.923086994819362	0.10140005945988012
114.0681	480.1	0.8410087853484021	0.2100111007336423
116.011	484.1	0.30337802349801757	1.1864007380822812
312.2301	484.7	0.2608137764474476	1.2756631359968031
212.1412	486.5	0.10112635853101291	2.1449101247933537
148.0524	487.4	0.9081763304068784	0.12076058356852949
192.0423	487.8	0.2470609492859054	-1.2976148844496094
114.0681	489.2	0.4394651806284158	0.8278262222322649
168.0423	492.0	0.3936492010240892	-0.9792899357450123
264.1031	494.5	0.31797592750560755	-1.1915127365927243
481.2312	499.3	0.4874495174193154	-0.7415358513587978
136.0524	502.6	0.003678967687627307	4.618899409932797
186.1256	506.5	0.07721277811011787	-2.2356888085659556
160.0736	511.8	0.3543258348949893	1.044835169988992
210.1256	512.1	0.009939520732094873	-4.319110394569505
116.0837	513.1	0.8730884423835978	-0.16697499786219647
278.1154	514.4	0.23819915525964366	1.385617715394204
144.0423	520.8	0.08493803988956121	2.5332929171620737
172.0723	522.704	0.015937187682193352	-3.770792056204186
116.0837	523.1	0.32018399552960397	1.1798973311948135
162.0681	531.1	0.5610345488873958	-0.6340498529353977
323.2093	531.176	0.11258267630333818	-1.9657386422549024
128.0837	532.5	0.749342472128558	0.34089214433170373
158.0579	536.7	0.09246674446967791	2.4348268640060793
216.1725	538.0	0.7930849633677682	-0.2746748590755101
174.0892	538.3	0.46238765809679816	-0.7883711018467442
278.1188	540.3	0.6834514014748045	0.4443955736164949
144.0423	550.5	0.9656177888546025	-0.04519988296335871
212.1412	552.8	0.33013989995062337	-1.143274462817869
308.1974	554.783	0.24213353801091628	-1.351837500673532
130.0994	556.0	0.8962634896190826	0.136033591986341
312.2301	569.0	0.6173453920132621	-0.526754535575846
165.079	569.4	0.5825094900856376	0.5953223155820607
166.0994	574.8	0.05961590654097361	2.388741902793381
332.1624	581.1	0.08335482366509656	-2.1755445497774573
332.1624	588.9	0.9606713256307979	-0.05159122576283084
144.115	589.7	0.13386721273665766	-1.8872858982435918
336.2301	592.1	0.6943811582545988	-0.42073096709144503
166.0994	594.8	0.0307247326133844	3.3674510434585905
330.1467	595.1	0.41994459073995694	0.8814877572216662
144.115	596.0	0.7267891797046447	-0.3725091694325273
334.2144	602.5	0.930005458872093	0.09179916846155138
313.2627	602.523	0.9274554682062255	0.09493976436545948
248.1412	603.2	0.39245650705030355	0.9241024370994577
316.1675	604.1	0.9440635507211825	-0.07316429371224115
214.1569	606.3	0.018924964966131712	3.2501126323882414
336.2269	606.553	0.3091794526314484	1.1159478418167808
314.2457	606.7	0.7647017498566503	0.31446379384016176
336.2301	606.9	0.4421887710990829	0.822828898573554
332.1954	608.071	0.1527904106067976	-1.876545442319405
310.2144	609.8	0.14194353519923464	-1.96541362350829
296.2351	610.1	0.015763231902997908	4.749088056414468
294.2195	614.3	0.886230616766385	-0.15409224080756503
168.115	616.7	0.20133138338121026	-1.5127966979866583
228.1362	619.2	0.935176960773053	-0.08696848752372599
294.2195	621.5	0.4345077351054529	-0.848226447453687
158.1307	622.8	0.828937771227277	0.22644736494582707
257.2005	623.189	0.6374261714720141	0.49653489462785066
250.1569	626.0	0.892886476948632	0.14051693485712705
316.2614	632.3	0.24640343425548306	-1.338095526864918
334.2144	633.1	0.2390282417281756	-1.4051604332633165
312.2301	633.7	0.32605291776691836	-1.1489233887482337
286.2144	640.1	0.07357234014909432	2.4251567006243313
334.2144	640.9	0.3898469695889488	-0.9271720277407322
312.2301	641.0	0.29644904505403963	-1.1701211123572788
338.2457	645.6	0.3486656774010857	-1.0344681028828655
184.1462	646.621	0.8926883309182485	0.14083769797046347
172.1463	650.6	0.09701383776063165	2.1577513096295315
332.1988	651.4	0.8083838447950908	0.2578058290107176
292.2038	659.6	0.8390283443313229	0.21690446417865217
272.2351	663.1	0.612078866698798	-0.5402652754300888
172.1463	667.3	0.9117889593104872	-0.11658202250426833
346.2124	667.427	0.4937308056645727	0.7295812210233799
332.1988	669.5	0.16960705282136454	1.6994575105537764
318.2195	671.8	0.9478770806398483	-0.06842523851404729
278.2246	671.9	0.8760618753339704	0.16285492135947183
334.2144	677.3	0.5725946176780683	0.6009119096829217
234.162	677.8	0.21340052784300081	-1.4115809239069528
270.2195	679.5	0.88059839473816	-0.15771683210222298
294.2195	685.7	0.6677462050477243	-0.4516808851865541
258.1831	687.0	0.2062997388485366	1.449268239325452
298.2508	691.4	0.13143040745532084	-1.7597528128089164
316.2038	691.5	0.06696135594959361	2.2501688895426537
320.2351	691.9	0.004797747616213554	-7.222494605510265
314.2439	696.872	0.1932100782321965	-1.4654979017081822
292.2038	701.8	0.8886217561735431	0.14856118963508355
320.2351	704.6	0.5509077065767833	-0.6421095271815643
314.2457	708.0	0.2534675976549277	1.3097855135991538
318.2195	716.4	0.0071889540063103516	5.0943176899892615
292.2038	726.3	0.15961004522072553	1.6197161575950414
200.1776	727.1	0.6392300742212629	0.4944333030993148
250.1569	728.0	0.8078061729560051	0.25876831807739953
226.1936	737.429	0.44986696115221236	-0.8106634954322179
276.2089	738.3	0.7402833632144985	0.348619777732189
292.2038	739.5	0.4622145188952694	-0.8076288639498616
320.2351	740.7	0.824517593046069	-0.23313072715692748
320.2351	747.5	0.5847734363836338	-0.6071509510799288
327.2779	757.153	0.14021543411088055	1.7031847343846267
278.2246	759.9	0.15544710223578206	1.664147284973413
254.2246	783.7	0.6169064618543514	0.5321977419296796
302.2246	787.0	0.3798189486973972	0.9648137122957781
280.2402	795.5	0.7784337469470752	0.29723948432037045
304.2402	818.2	0.5109660311485094	-0.7427375841038262
306.2559	862.0	0.9271475682115075	0.09763316139090071
256.2402	868.5	0.3780358567334273	0.9707161225727281
284.2715	950.8	0.6756561270295973	-0.443802607159332
