m/z	retention_time	p_value	t_score
247.0252	307.728	0.0013797112596462913	-5.613263824655696
384.1214	368.504	0.5779970761556092	0.5917000623006501
384.1286	427.875	0.4219349060317982	0.9255271355870252
147.0527	220.128	0.10535997638715319	-1.9156525704423015
118.0267	237.245	0.15325616599429387	1.8586173548037925
118.0266	243.828	0.14616911574140257	1.9063197791101734
176.0317	321.949	0.057534107720193586	2.8195397673401796
176.0314	291.779	0.003394078124719936	-4.684615730871415
149.0505	354.097	0.36917982774217306	1.019725178047274
204.0898	366.692	0.24109250213493755	1.4537878206046173
89.0476	267.097	0.23019075106627154	1.4722434146216432
116.0101	407.228	0.06683127909995495	-2.2514241022648926
116.0106	396.899	0.039250382180728724	-2.633504692448288
88.1004	561.866	0.036644625611153704	3.3492343124869137
88.1	525.708	0.00028476923571455436	-15.213162057472347
363.056	372.889	0.22940469925101103	-1.3380778643256257
135.0541	349.355	0.0008984702931187826	-8.180196574849338
134.0219	402.531	0.13596699570327597	-1.7495201123886264
132.0534	185.46	0.09933414407355229	2.1461979509214695
74.0364	361.279	0.022026936369864494	-3.132518291289293
297.0887	271.05	0.6104312332165205	0.561525723277441
130.1216	233.356	0.0011741019208026699	-9.10579447153001
117.0791	325.935	0.2495442516619034	1.4022085993744935
119.0583	180.515	0.4806648914213235	-0.7540803875586369
119.0582	207.274	0.4819282214127047	0.7733359317239137
244.0697	472.973	0.9266030684297222	-0.09605765189189457
488.1075	170.006	0.04092536291267049	-2.8963249356111764
192.0259	390.072	0.2690799182331825	1.2204616546865752
267.0961	477.661	0.6531503975980327	-0.47596151783404567
102.0313	305.941	0.40739284764728906	0.9442768243212731
347.0621	197.474	0.05915949407286056	-2.534006184405837
129.0793	380.95	0.6738793892050106	-0.44401630892792976
129.0786	399.66	0.20469800350248943	1.4592817011155381
117.0785	292.978	0.16932770736796238	1.6655654256061874
131.1055	247.956	0.10759310926680023	-1.9078898131128306
276.1324	215.112	0.010420875422632356	-3.8449241811485764
174.0528	228.465	0.37885281489233	0.9977930056810157
87.0675	346.36	0.391912037187186	-0.9814538044932481
251.1008	325.559	0.01957438028450901	-3.781993252999716
189.0628	412.503	0.5464340996638087	-0.6759465864664199
154.0278	464.819	0.021396098758295394	4.273852679743219
220.0853	497.195	0.20059178969499988	-1.50133103371048
300.2057	759.595	0.43775958565390494	-0.8379162974722534
138.0321	483.492	0.25012001706414	1.4195743064514934
117.9865	451.46	0.24906730856570083	1.4114625585531668
345.0486	258.598	0.11484505652309321	2.177798012983384
165.0434	462.28	0.6316132899866577	0.520486593258983
116.0956	285.437	0.012424834411326448	-4.077142823141385
146.105	492.951	0.1370624504796945	1.735097167474842
62.0004	243.814	0.7036141424709372	0.4054074618968165
116.011	306.607	0.17064398727515692	1.7273307273704246
194.0583	494.809	0.37714801413450366	-0.9601228314268179
158.1302	644.843	0.8778109878703142	0.16516283022669498
117.079	367.117	0.24903935698777335	-1.4241214397252668
129.0429	324.487	0.11337321820945717	-1.8797674017453294
129.0426	314.245	0.7902853774968838	-0.27874073556788254
188.127	383.617	0.029540004638371677	-2.8407673124046844
131.0949	407.601	0.6084032976157148	0.5668095942335789
188.1162	359.069	0.12780896306983447	2.062220951591278
175.0633	501.725	0.20640380191747631	1.5372549914961042
109.0526	426.664	0.14866115717966044	1.813115726288318
189.111	216.805	0.537545420202886	-0.6609447308360753
176.0685	493.268	0.0018489429430693784	-7.406802712005216
148.0373	428.816	0.39600503556931754	-0.9227941637557859
129.0899	238.278	0.015625512230472677	4.965445930959747
236.0797	332.279	0.2339647089743883	1.3748912017393506
130.1114	345.929	0.9626038842510141	0.049436180918838585
160.1201	525.72	0.9937260356019606	0.00851283056658532
101.0484	335.117	0.27500390282780657	1.2115974671991538
229.0354	154.747	0.0007700330350205051	-6.443873179933903
75.0683	255.08	0.6971013276004516	-0.4211058928614742
169.0363	418.712	0.02843662148905744	-3.427165977632376
278.1512	664.021	0.5276194860433937	-0.7049082886193343
104.0585	443.444	0.0024603592874575	5.749307806932759
131.0574	257.622	0.2417466504871179	1.3456460774956802
113.0475	328.966	0.0014963525780510858	-5.585561598141762
147.0533	330.532	0.9619047656757057	-0.050860134060726855
498.1185	423.185	0.8848920982080781	-0.15672414998104864
188.1276	199.745	0.034379559920831644	3.128102463000962
132.0897	443.48	0.4173058116880837	0.929661586087119
145.0733	236.638	0.9888002341362021	-0.014972979436839966
127.0629	328.346	0.002561818650192624	-6.68513137459634
212.0311	229.126	0.4275670967754166	-0.8632806250089564
149.0458	428.543	0.31162743752988914	1.104734754482314
191.0592	464.338	0.41098839482245064	0.8835628128898384
191.0624	434.554	0.1704904955847845	1.6382417782735212
243.0846	197.246	0.7051651250386084	0.40236672320341504
128.0584	264.006	0.7610712287604025	0.31953494592222437
111.0315	383.065	0.8181371763432601	-0.2503117817437235
334.2129	580.061	0.04060748181042406	3.2641818624487424
87.0503	514.098	0.34520507063827927	1.0364179960888737
334.213	601.84	0.19077862562305506	1.6106040524156047
148.0373	270.623	0.12684777905087946	-1.7739018431650109
148.037	259.946	0.13408628872550346	-1.7332880037832576
272.0903	352.131	0.46655904906277373	0.7931282762378417
142.0739	361.137	0.4258603282530999	0.8590297294536459
142.0745	287.186	0.02028199524480502	3.2172532628245083
228.21	747.27	0.5521925052960086	-0.6317451344600481
160.0844	210.68	0.9431267912642263	0.0745070398855402
267.0951	173.154	0.14324675755276048	-1.7268980529346771
267.0957	209.554	0.28419911571670625	1.1956551973948504
312.2303	531.665	0.23134538655795883	1.4271117609762467
101.1206	552.538	0.1620960512261567	-1.832189248091637
316.2006	665.147	0.2573406004038677	-1.291650500036423
162.0352	463.355	0.010613565397916889	-3.782240584243272
198.0533	464.808	0.2804851618080843	-1.2572435401032866
278.1631	453.27	0.4743438964385335	0.8082429569335087
126.0313	505.375	0.08069979373583822	-2.3877917049544153
147.0528	264.236	0.6641873271911194	-0.45897824831516787
193.0402	288.389	0.21923744383645108	-1.4694069505565555
332.056	297.763	0.0014898475296174095	-6.118960507028053
166.026	362.039	0.2933780345404549	1.2567898610040849
73.0893	491.772	0.09067091450000059	-2.1574406625473523
294.2199	687.517	0.000587398756387269	8.831313727814516
314.2458	591.852	0.2946278456336169	-1.2052653045787212
314.2453	615.341	0.013734533551310346	-5.122306871760745
312.2307	680.638	0.4076619891546976	0.9533954023055512
330.2403	514.1	0.9775144303362504	-0.029489569884777068
175.0479	318.294	0.07948969176753234	-2.163342549875211
240.0091	296.401	0.4068686764487855	0.9011249930994975
240.0088	248.944	0.205337196123735	-1.5902998242562154
240.0105	315.305	0.24720714011661088	-1.4146328782172821
240.0088	514.043	0.8708032803071403	-0.16985501726997265
240.0085	260.414	0.21894007937044174	-1.4796105887967155
146.0583	287.416	0.013094528653086959	4.407065139125569
292.2037	637.688	0.5936086464820899	-0.587502307860498
294.2199	614.682	0.00974552111131293	4.341797028483696
264.2095	743.435	0.1510239118897748	-1.8521117357565646
183.0649	546.375	0.1493702499290056	1.7483890708690608
199.0596	492.45	0.876991686316594	-0.16191142759303703
168.1141	617.026	0.32896057735135076	1.0623969429318527
242.2241	788.308	0.39659188514846794	0.9845882068294143
263.115	265.311	0.36587855795287105	0.978781836706882
146.0691	194.544	0.5267413434502096	0.6717633374818374
252.0629	372.701	0.19716681950591677	1.6417034579092638
170.1306	645.841	0.9876214032172368	0.01617534895902348
296.236	659.36	0.024590909580737168	-3.2922086391387446
312.2262	599.016	0.02494246185645748	3.04494454154987
312.2293	632.764	0.30013483924605944	1.2423086659126465
133.0371	255.457	0.763996147036202	-0.31449865802822946
87.032	362.361	0.18844218150177952	1.6958937018881584
160.037	350.468	0.30582816474928604	-1.142619363085468
173.0686	250.964	1.936079037948554e-06	-18.209513692584498
180.0636	416.177	0.08179866278967825	2.565965517053906
180.0642	388.88	0.5386748963649399	-0.6532890940120394
180.0639	401.395	0.7980576672542603	0.2719424300089242
180.063	240.714	0.06157178827677074	-2.8668327249348002
180.0642	416.97	0.3870033673020403	1.0006506818210748
180.0644	261.946	0.09791432613291137	-1.9622687394011757
113.0472	375.723	0.2903321054344109	1.261771909220897
100.0523	440.466	0.579178574764639	-0.5883204461381718
280.1055	219.612	0.18963770605691993	1.4947093296219454
172.0844	270.426	0.2803201399651876	1.297589093212021
147.0532	311.418	0.6423283090818465	0.4999860776588167
175.096	289.241	0.7666918663279519	-0.3237174992988192
228.1473	379.45	0.0765135144222455	-2.2293885546291503
262.1317	404.522	0.012446604998195594	-4.076525164164584
172.0844	288.056	0.16538790684007446	1.8127516155427637
262.1299	439.87	0.07787157115374777	2.1578279195235273
212.1162	324.223	0.5719310402333361	-0.6264216252251774
160.0846	249.203	0.8620730637134706	-0.1876460868336081
217.1431	451.459	0.464820646537649	0.7958909015732795
186.1001	294.329	0.8257327254465645	0.2299997783449918
188.1167	320.387	0.3066215785018912	1.1271755614889551
246.1011	453.706	0.25113679998705574	1.3797319932486485
279.1199	289.392	0.16963806929140474	1.7067665853561789
295.1157	483.684	0.8570141820012176	-0.18809893310000003
262.0783	201.873	0.09420646795379001	2.3336302871242762
246.1213	328.732	0.9080020010315994	-0.12145123703363694
296.1014	499.58	0.6803918740249671	0.4496815542008602
566.1461	340.553	0.04676740514996777	3.2323121989919663
217.1062	201.98	0.2970348948281339	1.2326930679464962
275.1107	182.191	0.5323430539122527	0.6713706055092975
203.0908	187.229	0.5410951377433952	-0.6673449461307187
274.1646	393.375	0.020437452498538948	3.3350780337170463
247.117	172.858	0.14607706735719228	1.8209926651518937
276.0951	197.392	0.1993759913192545	1.532439254877353
260.1371	319.847	0.3210311715674752	1.1825458050804498
234.0846	190.048	0.20783369881602248	1.596688045872633
246.1209	266.449	0.3289905787600153	-1.1377900092965167
203.127	442.529	0.25730618460850274	1.3943452021626488
222.1016	331.209	0.046294751825261014	3.1385942093485384
162.0657	202.337	0.33014906632820723	1.1593182977034289
176.0805	222.875	0.41036668097949314	0.9226481697208686
226.1066	467.957	0.8926255118479371	-0.14616457202255642
284.1115	434.892	0.29606253508952696	1.2549513342430878
252.1204	503.684	0.180363933798611	-1.7384791717248094
242.101	430.596	0.22513183122485575	1.5219405701211883
256.1171	445.093	0.31771512144728487	1.1949854192473552
244.1785	451.214	0.4526006430244731	0.8396695558259861
232.142	308.406	0.015681462601522093	3.498670063698365
246.121	296.154	0.48400545347821367	-0.7478028417026293
244.1785	445.065	0.4355204114072842	0.8770406988504967
218.1268	290.52	0.391680765809985	0.9932638515779166
217.1428	445.77	0.42201775228133936	0.8784317405265584
203.1271	433.201	0.23123365478673943	1.4969997424994224
259.1898	518.802	0.2649236048778128	-1.2734239614339293
243.1587	467.84	0.551034785085053	0.6519108090084985
245.174	488.298	0.3455693035683562	1.1078600994495291
220.0853	307.526	0.0003588385174810771	7.607795901230085
278.163	462.606	0.874372903258971	0.16768927560978747
266.1258	323.779	0.12104604972153624	2.0489906124056714
186.1001	310.003	0.14187152529043615	-1.7457920092792718
271.1646	392.553	0.28481388008926084	1.291641990834863
229.1056	230.502	0.03975975689859495	2.650568785337875
230.0913	263.123	0.4098470303032247	0.9030463311709599
244.1056	272.538	0.2064036230266084	-1.4765008638674744
252.121	518.224	0.5114180019556117	-0.7343788942004476
243.1591	485.581	0.38349029250801514	0.9567151888008357
246.1043	379.444	0.15795843667509293	-1.6484642916322079
202.0944	258.482	0.57968081990141	0.5908139734456584
216.1106	262.377	0.6341417074268739	0.5062251705193309
214.1319	382.805	0.5246634798077446	0.6916896429127495
176.0787	217.029	0.3119524756069357	1.1858854585834788
242.0997	447.287	0.28626942232948716	1.293030880202037
233.1369	416.749	0.3227498799805764	1.176814380576196
236.0793	245.4	0.05827907617111101	2.3382512436642897
233.101	184.447	0.6717719987899851	-0.44897140020041776
234.0849	196.734	0.18532904087154065	1.675894794337492
232.1422	328.61	0.374450779201171	0.9917914548988137
247.1537	431.156	0.5789741764279073	0.5883989226005315
250.0988	298.323	0.3516623626798351	1.0150926023446476
216.1105	258.699	0.5182998612916476	0.7072072778515793
220.1063	212.793	0.3940615149421052	0.988059155556043
317.1735	435.585	0.575753451678512	0.6229019148478439
268.107	500.043	0.34927645400285734	-1.1047160801527574
204.1122	252.931	0.013110665799232524	-4.646829809177909
216.1475	371.468	0.2096053130118061	1.4680288748772299
116.0838	503.912	0.34648255978978015	-1.0343061109927498
146.0692	246.387	0.17421232726099914	1.7460972760199733
259.0457	148.0	0.1834804871801934	-1.7205151559739726
211.0358	149.6	0.4970220039058797	-0.7229547095370447
199.0246	150.0	0.9503236892816156	0.066102069007311
153.0096	152.0	0.5008949263884233	0.719510597661392
215.0559	155.0	0.00695526327783121	-5.5032186102589336
169.0045	156.0	0.3829098202583546	-1.0086597228162062
246.0959	162.033	0.1485813010380374	1.6660633578918418
195.0743	163.0	0.06617538879432953	2.8300527769184862
178.0412	163.4	0.7209545839937466	0.37872587592675233
261.0307	164.3	0.6678184615634531	0.4573442573322257
332.1332	164.9	0.25185958057590435	1.4132481859906987
307.0838	165.4	0.16539974464100143	1.5881175225926438
302.1701	166.215	0.4258924166490669	-0.9171525547086357
167.0255	167.021	0.4020190836545241	0.9015816219376487
274.1277	168.7	0.2805141912925696	1.2265327024256307
323.0519	170.0	0.005918957598523016	-4.510487052645976
238.0627	170.401	0.34017363266130474	1.0361905593606424
283.0917	173.4	0.21749008221586869	1.4181430154679642
380.0733	177.1	0.11856304209254964	-1.821238615609446
335.0631	181.8	0.01443389037587526	-3.9819323126854083
162.064	183.219	0.10534471569958001	2.258164821243388
231.1349	183.34	0.5540092179049642	0.6612641032760765
275.1593	184.118	0.5132533171260064	0.7354455687891304
173.08	184.3	0.12549674783050513	2.082401313712884
284.0773	187.1	0.30163327164112785	1.1304759875875048
163.0481	188.0	0.4064666435162038	-0.9163987483160158
174.1117	189.0	0.03354936811832374	3.320120994453411
190.0954	192.9	0.3656067149137948	-1.0120891678792958
151.0303	196.2	0.37115193488382336	-1.0491865471979998
177.0637	196.3	0.4822573487961975	0.7497252772031364
87.032	196.5	0.34074939276232735	-1.1295358739796586
727.208	196.8	0.7323927107774415	-0.35829906120928084
347.0631	197.1	0.07342943615170192	-2.3387916699490288
276.0958	197.3	0.07922890422210387	2.13947182763641
163.0593	198.3	0.06876370834100515	2.2547015063937326
204.111	199.8	0.4077660674510127	0.8903080047516264
188.079	199.851	0.5006692554669375	-0.735865274965716
146.0691	200.0	0.10546846132381817	2.2204055628318105
175.0957	200.7	0.2460089538039312	1.4347356672825302
267.0968	209.6	0.28114600175137117	1.2036099748022797
105.0426	211.2	0.5705633747130361	0.618780170560049
165.046	212.0	0.8750892342334858	-0.16567676158631847
234.0852	212.4	0.41348090464972226	-0.9435563386219952
190.0954	212.5	0.6138007685425155	-0.5374269427603493
232.1059	216.3	0.0011832162796190922	-10.923298448717452
147.0532	220.1	0.11669986884780958	-1.9537698309488767
218.0903	220.3	0.7013247653534505	-0.40297774432518374
133.0375	220.7	0.9226590780584947	-0.10525461524994396
289.1274	222.1	0.0004819123075332461	-6.921835377762686
131.0582	224.6	0.2158751431700977	-1.4056332419847533
147.0532	229.8	0.41702100178812423	-0.8739248146272294
427.0294	230.7	0.2420452903026396	-1.3386057912316325
287.1107	231.462	0.06349543856487028	2.3025393620337495
271.1646	236.148	0.10578946742953571	2.2242577487553175
245.1747	236.459	0.41994171913416445	-0.896415967501831
119.0582	238.3	0.1986089005692121	1.4727077599366782
141.0426	238.3	0.20975449744406394	1.4316372877520251
161.0688	239.3	1.5185721927996627e-05	15.337024933472497
188.1161	239.3	0.3335784968406493	1.12936850005819
114.0429	239.7	0.07751148654933099	2.4569971829069006
147.0905	239.877	0.8107533792006548	0.2504220497999689
133.0739	240.115	0.02377707211818385	-3.5264324516850607
61.0528	242.2	0.2783658089786838	-1.2055410468753915
377.1335	242.3	0.4988129364939489	-0.744506718924398
144.1375	243.289	0.006985907799630382	-5.914708730810099
229.1058	243.379	0.22525713219038557	1.5087674178799186
174.1004	243.9	0.5013933221499818	0.7503047492151308
197.0688	244.8	0.3370990430697127	-1.1218191994872204
199.0957	244.9	0.8644023754135414	0.18364062963076663
243.1217	245.545	0.5437044397320394	0.6532063500531073
237.0862	245.6	0.03376635829912098	2.9609125908150795
105.079	246.4	0.007163627864190199	-6.341431261454204
346.09	246.5	0.4224795152279971	-0.8607819557200381
427.0294	247.0	0.5473619294266218	0.6595141718190316
363.058	247.7	0.3049479385284982	1.1684875389766485
160.0848	249.3	0.7567023593464334	-0.3363046369497587
433.1362	250.2	0.11945337805204935	2.146826868789588
119.0582	250.8	0.004034595759217801	5.141251850302145
204.111	253.3	0.6131695435259643	0.5593651351915774
103.0633	255.4	0.7878138859796588	0.2930700641442949
131.0582	257.6	0.28709237345187266	1.2029502508010819
119.0584	258.352	0.00402022846015982	4.804653431425792
224.0797	258.5	0.19940641152556096	-1.5314944394279113
232.1059	258.6	0.7969454366186428	-0.2707485845376976
174.1004	260.7	0.7691275347122881	0.3072117948806629
346.0863	260.756	0.4923636696256277	-0.7314438341343287
216.111	262.2	0.6443584950077925	0.4947905724951427
434.2311	262.2	0.45577934605676573	-0.8001885335581093
230.1265	268.759	0.06422077952125774	-2.3393614169823795
246.0861	269.362	0.1549707903682964	-1.6574089298856929
147.0904	269.499	0.046021290987945516	-3.2898830022015106
217.9885	270.4	0.2521708812893989	1.278222864535724
174.0641	270.6	0.13017311751892954	1.922461497049813
180.0899	271.4	0.18492689547339372	-1.508850268023761
119.0582	271.7	0.9169697772289426	-0.10981434047869888
132.0059	272.4	0.4990111146414673	0.727042770328196
266.0903	272.6	0.6393131935451051	-0.49990351904921376
131.0582	274.3	0.03698948081234821	-3.215382102331164
89.0477	276.3	0.16322761910145164	-1.8221981430882097
259.1532	278.8	0.5698184847844138	0.6332608067397633
127.0382	280.3	0.2766661732019708	-1.2089837933479726
254.078	281.1	0.13928785211004302	-1.7497563869326327
117.0426	282.4	0.894624710881015	0.1423644972505181
283.0913	283.135	0.25479154486641936	1.280793741133974
158.0691	283.4	0.14040856023638065	-1.8536631506194567
161.0688	283.8	0.008733809677946661	-6.097107568039337
244.1426	283.917	0.07057478215487245	-2.7484191952704866
183.0532	284.0	0.007161607068922714	-6.555299996502196
119.0582	284.1	0.6889540162466489	0.42023394094628524
300.0845	285.2	0.5593527923259949	-0.6188397697962648
278.1271	285.718	0.25655590256094324	-1.2974361925969164
59.0371	286.3	0.21392659870608946	-1.5532295709841535
200.1527	286.942	0.041785744105489124	-2.7644935115990643
155.0219	287.3	0.6089588833998424	-0.5461434771328447
110.0484	287.527	0.02061524445780561	3.267813409881478
193.0375	288.5	0.2052849401569316	-1.5352657093921458
252.1211	288.933	0.012436769093756104	-4.077115203803034
194.044	289.1	0.20565769011924875	-1.5887632479325715
114.0799	289.155	0.13156518986699237	-1.956677815930109
218.1267	290.6	0.3933543374699494	0.9892217187577699
175.0837	291.551	0.05423369641254598	3.0037106711824335
147.0532	292.4	0.8927824926036333	-0.14071450928421603
189.0637	293.0	0.2877149516525063	1.2297779666662492
328.1543	293.2	0.41377702521856985	-0.879479450533034
243.1217	294.53	0.08360821000534144	2.497619379367791
638.1119	294.6	0.343358300300897	-1.0992129977861809
328.0794	294.7	0.6253850507338704	-0.5143835559120984
329.0747	295.2	0.23695444966157844	1.3389305750041172
188.0797	297.7	0.403716467073922	-0.9289405523351497
75.0684	298.4	0.4554934788834041	0.8156242850144797
282.0344	299.5	0.2824347215089273	-1.230467454473583
146.1055	300.3	0.22235319753798577	1.4458128721586487
145.0739	301.7	0.4729894961643054	-0.7911253881716384
306.074	303.1	0.09815871961033318	2.135390927433091
252.1213	303.872	0.012438691400718453	-4.0775706228345125
101.0477	304.0	0.22250736738677523	1.4481529847463468
73.0528	305.8	0.004313672337925716	4.539779433336267
145.0739	306.0	0.44291837975160714	-0.8284020711579375
151.0494	306.2	0.1486857906323919	1.6643728401459
165.0426	306.3	0.16893779279593596	1.6840771504365355
360.1321	306.4	0.8037024616081124	-0.25984372294138114
330.0951	306.8	0.3260258557000768	-1.1497841548985392
286.0735	306.877	0.03139204568068202	2.94982635766194
446.0604	307.3	0.5171634975408782	-0.7162714659587474
221.0913	307.6	0.010408474681337874	5.244847663482503
117.079	308.1	0.14577313958770716	1.6709338587274456
87.032	309.7	0.42799079651228816	0.8855461459414588
245.1377	311.609	0.009805868086960769	-4.405133688694445
226.0589	313.318	0.4561307197566784	0.7972312537798943
103.0633	315.6	0.10901501035562625	-2.2477381190026264
216.1103	315.81	0.2167949801706827	1.4460857234065334
89.0477	317.0	0.2828386443924738	1.1921382900779198
230.1268	317.067	0.10296151175347489	2.105386079107397
129.0426	318.0	0.15898219921672122	-1.612762675725398
101.0476	320.194	0.14823592190910118	1.6851824982105161
314.0686	320.754	0.06487064179377687	2.7743712758210037
136.0385	320.9	0.23501540006587862	1.3780438046012606
135.0354	321.1	0.1993170075458238	1.498443141170729
244.1059	322.706	0.011934924682092838	3.607793539647121
259.1528	323.789	0.4392948613670553	-0.8714717287596557
293.1384	324.546	0.18327496949279595	-1.516588766211486
87.0684	326.3	0.1356775778345686	2.0167744211110117
259.1208	327.6	0.17560754941113818	1.5386898401040812
187.1689	327.776	0.07170043553746987	-2.499767736274917
243.1567	329.378	0.0911977183946957	-2.304297776150959
153.0426	331.1	0.5546681152196113	0.6283310464307909
222.1004	331.1	0.059011709127412125	2.9282790107891654
131.0582	331.4	0.4639186862613151	0.7919231512392408
232.0042	331.9	0.14121781323560414	1.808430361827127
237.0862	332.4	0.21021574638173363	1.583401855234207
115.0633	338.4	0.0018298249417699757	-6.5058735610214375
230.1267	341.371	0.038894363861595456	2.930667454583862
206.0412	341.472	0.0925672931823267	-2.4289430859140713
279.1206	342.566	0.07897670622211843	-2.6156061210423776
562.2144	343.7	0.07002529096159846	2.2211012722504186
260.1376	346.806	0.08433187357204328	2.0837202538119954
101.0841	347.0	0.004418435453707177	5.036522608256745
426.0879	347.7	0.9568416863710649	-0.05641717397531382
125.0951	348.287	0.6642098542768811	0.4756661786278634
198.1368	350.3	0.2688714368577228	1.3493543646866788
640.1428	351.3	0.46429834929804226	-0.8186960921617912
642.1432	351.4	0.6012983942240693	-0.5604726151997459
70.0531	353.3	0.007981029286256793	-4.466965877067745
117.079	353.8	0.9845159041233792	-0.021050315458974192
234.0852	353.8	0.9310754026920749	0.09304197679709093
139.0382	357.1	0.3403968957354529	1.119328516965539
103.0638	357.806	0.15823541759054432	1.7469637477923723
73.0523	358.34	0.35249178102317147	-1.0844445611729088
112.0273	358.5	0.2191826833073445	1.545166999698104
433.1129	360.5	0.05376958360140114	-3.007082814557055
302.0427	360.7	0.20637755657334447	1.6040986477465233
214.1319	360.794	0.04575123587688637	2.9017734822752304
266.1273	361.149	0.28345842873896343	1.2130713813295004
208.0848	362.0	0.40168530273420355	0.9298406925670682
153.0426	362.1	0.2198041899869251	1.3784179798114535
246.1328	363.4	0.26924323485707913	-1.226906160126956
188.116	366.038	0.11955823199161024	2.128983854364074
304.1383	369.5	0.865621296794878	-0.17665436034359566
210.1004	370.6	0.7320392858730613	-0.36962869541820803
114.0317	371.2	0.008556802990601473	-6.066959733480744
248.0562	372.5	0.03552064867549342	-2.7104449602597995
279.0968	373.1	0.8108681418904166	0.25285592895501224
70.0531	373.2	0.05988034818473205	2.8452446170556605
70.0531	373.9	4.843376868283821e-07	25.65375471376297
222.1004	374.9	0.5167702978618308	0.6887009953772085
300.0845	375.1	0.029718858225003073	3.0989550821374476
228.1107	375.207	0.8017344540062475	-0.263326921858764
187.1208	376.1	0.3156933198951856	-1.1549898744692453
212.1161	376.849	0.037640506449684474	-2.9977357311126065
230.1273	376.909	0.015366409037698923	-4.102144157182884
195.0895	379.8	0.5503678533864902	0.6464441348792213
300.0841	379.841	0.21951306507013504	1.372364497768287
337.1162	380.091	0.996243194902302	-0.005033128446766448
167.0582	380.6	0.27045582452765593	1.3352658278146583
151.0633	382.9	0.7209047289830954	-0.37594514768107645
381.0686	384.3	0.22848465564285175	1.4861367447283647
186.1005	384.541	0.31831920602550373	1.0963706709512964
126.0317	385.5	0.28211609888501504	-1.2065906418327643
231.1337	390.266	0.17851940940761557	1.6088248927784317
208.0736	390.5	0.10196232429247108	2.2741116286554797
190.0954	390.9	0.07155054909231437	-2.2008109180418822
593.1461	393.361	0.7148174014149612	-0.38315255659605946
165.0426	393.4	0.8130916054438391	0.25412181012531143
594.1585	394.2	0.18884179694114436	-1.4834602932543017
73.0528	396.0	0.5851340523861663	-0.588382779101181
123.0661	397.698	0.0065789632340790116	4.567931160838013
212.1162	398.97	0.13388977521996695	2.0085403104461257
151.0633	400.0	0.263716185410487	1.2494609820522502
286.0477	400.2	0.3196352915430327	-1.1891309554275054
101.0841	400.353	0.004373585728573276	5.293567570706965
142.0263	404.841	0.014601966065139124	-4.678441457626579
228.1469	405.602	0.5449838842346932	0.6415296335440795
396.0151	406.2	0.5519079814204202	-0.6523595330544419
326.0994	406.288	0.021602685647099135	-3.863100927490548
131.0946	407.6	0.27312864616142896	1.2175165591453723
126.0317	409.3	0.724981766930136	-0.3721236337383252
275.1486	414.09	0.19809697351893388	-1.537681200175889
159.1259	418.8	0.017716038107917144	4.496914270441676
240.0238	419.0	0.2917970319940951	1.2532743990703958
162.1004	419.2	0.03470238833128682	2.803150002636841
243.0855	419.2	0.24672391170337157	-1.3784966371540046
340.0794	419.2	0.1643021304805818	1.6483395477938352
480.0904	419.4	0.047760788675089885	3.2304956711328745
281.1111	419.433	0.8434714720598523	-0.20988961302849093
255.9984	419.9	0.19778294144135253	-1.4480465877040807
523.2054	420.1	0.012331017357547852	-4.084388883322302
139.0746	420.4	0.7353272246053949	-0.36883887265635074
259.1169	420.8	0.008068229264889126	-5.381474545010076
277.1487	420.82	0.01191202328775281	-5.051599484538483
203.0903	422.138	0.1045011647529294	1.9192309859093228
228.1466	423.384	0.45542147198621574	0.7998155553672652
179.0946	423.5	0.19336759840586554	-1.490354861341893
286.0477	425.4	0.441074915710957	-0.8722831035384513
283.1281	425.4	0.20010654023591884	1.6329566692074207
286.0477	425.6	0.25584543977049806	1.3805557676301319
126.0317	428.4	0.24349920716854767	1.3180688620332983
135.0694	428.631	0.2183651977190074	1.5188770815406423
127.0633	429.743	0.14571272317731102	1.8683997504956362
168.0415	430.087	0.3723014724642879	1.0239027260835825
168.0423	430.1	0.38567624059866523	0.992303734208553
121.0528	430.7	0.20835539392148492	1.5978900337939401
284.0768	433.078	0.4180134932065184	0.9042901142702031
114.0315	433.713	0.007352714797844233	-4.497306200109789
151.0633	434.7	0.06122589366223508	-2.4594355792305858
162.0351	443.2	0.00870753968398844	-3.842321402309027
217.1426	445.8	0.2162758318961161	1.3818438568770501
114.0315	448.277	0.049967093918817276	-3.1627863319279146
228.1471	449.883	0.15203415237302353	1.6418938831571235
217.1426	451.5	0.6862164410561042	-0.4253476946612433
245.1379	451.706	0.05287756546222509	-2.537480069755889
73.0892	452.983	0.2820285210922649	-1.2099060860113537
132.0899	456.2	0.227373750160554	1.512536030310652
151.0997	456.4	0.04117578437458491	-3.0013081928771763
124.0524	458.4	0.9781798139297002	-0.028766376573266948
195.0895	459.5	0.14866297720397145	-1.7185927891427022
413.2626	461.935	0.3469242857303577	-1.0965481747358374
246.1029	463.556	0.21680702458063333	-1.4859859757652798
154.0266	464.8	0.017163466109906964	4.675040901032791
153.0538	467.2	0.5938908271080012	0.5630484291297981
203.1273	467.577	0.48345003223554844	-0.7551547852062922
256.1099	467.6	0.2762336971877858	1.2627072567505193
189.0427	468.679	0.0860788007090773	2.518494783933875
576.1479	469.4	0.9988141189658518	-0.0015956473937495449
243.1223	469.9	0.5548620321155491	-0.6280643751352132
146.1055	474.7	0.16916966777809375	1.5630029821908267
146.0844	477.1	0.5496439692853937	0.6371815971214801
328.1543	479.0	0.07293500059941102	-2.3229502498149888
329.1627	479.2	0.14569677044032253	1.6957492076223313
207.0896	480.155	0.06041078178562057	2.5824426577736914
138.0317	480.2	0.8741683172779207	0.16874721691787384
224.0685	483.5	0.32994607541537624	1.1351165975471154
187.1689	486.22	2.9517355583810662e-05	-11.258955776959217
133.0528	490.0	0.28564069568539224	1.2363153167268652
194.0579	494.8	0.3518193490867709	-1.0196965003810792
266.0903	495.4	0.45852079747087	0.8168355830023123
268.0808	495.647	0.3498742195283012	1.0664043266036065
564.1115	496.8	0.018926203877480053	3.263981589717198
130.0744	497.032	0.721927008285822	0.3734650130078255
244.1782	497.102	0.014997909055551765	-4.508765235916482
128.0473	497.6	0.0568866932580986	2.701507206147215
148.0524	499.9	0.37280240651578656	1.0241265848847365
161.0477	509.4	0.01868898324672127	3.9372996753924614
257.1052	511.0	0.03565523813371586	-3.48991287168662
109.0528	511.2	0.0569384235632016	2.8698706967727547
182.0577	515.709	0.6487648936005557	0.4857762660460983
209.0244	515.9	0.19706025036026648	-1.5499055421333636
99.1045	516.111	0.2041021760552752	-1.6060338759212471
121.0891	517.7	0.0026966595088919105	6.701839814283057
336.0845	518.9	0.20663176938715866	1.4328556675456943
175.0243	521.4	0.8424718191462264	0.20765995614561847
239.1018	522.0	0.3347931054929432	1.1416678182850177
214.0994	524.7	0.325291910568765	1.0722620801540304
130.0733	527.362	0.11175812863684102	2.0548115852258455
176.095	529.4	0.71077479635166	0.3895188137822893
152.0473	529.6	0.000255069904187907	-7.754317846360591
149.0477	530.5	0.13471074755468143	1.8220869492227338
87.1042	530.883	0.12640308317501556	-1.9755527221090465
343.1749	531.178	0.25986284683461364	-1.3392031425152942
138.0681	531.5	0.19893373089887292	-1.5733538611440827
152.0473	537.0	0.006278775758570716	-5.77776234666981
136.0524	538.2	0.5248733524068319	-0.7154560097553749
184.0372	538.6	0.012163450221750301	-5.029332606822633
580.1792	546.4	0.6170006763822781	0.5533630616582602
111.0796	547.2	0.8432485937070651	0.2111363221208405
224.1049	552.5	0.7096957740111846	0.4045496085898931
138.0681	559.0	0.42626497013234227	0.860810255165968
164.0473	562.0	0.5545360533733539	-0.6571019396493256
181.0739	562.3	0.28335120677835246	1.3005091629132706
124.0524	567.2	0.6522220934666241	-0.47852673636250925
418.1264	573.1	0.6041702051262483	0.5762847807731377
154.0266	605.5	0.8072760957963808	-0.2565780564399309
120.0575	607.0	0.7885285378296119	0.2836526952831378
152.0837	621.3	0.768027752150483	-0.3181781943689853
145.1579	644.8	0.080920143329062	-2.5288115859098963
61.0164	212.6	0.8470627660799095	0.20272045450362938
73.0164	212.6	0.203844618779076	-1.4554499605360849
74.0004	212.6	0.468319769818321	-0.7921568414140314
118.0742	212.6	0.873144836037794	-0.16747928205204743
181.0739	212.6	0.0307816693991771	-2.8143212430885507
183.0532	212.6	0.1271631591836195	1.781235881197649
187.0481	212.6	0.23856383196909678	-1.4667115200705638
191.0794	212.6	0.02547554873560227	-4.137533977562912
222.0674	212.6	0.5285759112259057	-0.6866250550845191
197.0688	212.6	0.7840666344031169	-0.2904151335588705
133.0739	212.9	0.9648714470367978	0.04754005414940902
161.0695	212.968	0.23631100820960066	1.4635183753127918
161.0688	213.0	0.38620730048555135	0.9984069072525086
306.144	213.5	0.1522124250653144	1.652280123028845
141.0426	213.7	0.4848432886019741	0.763318317977796
145.0739	214.2	0.8751278029631497	0.16803158812208402
192.027	214.8	0.13462510502686498	-1.8028143996762866
235.0481	216.2	0.3730436291055799	-0.9655738671951871
195.0532	216.6	0.5390620254617806	0.6548269705380741
106.0266	217.3	0.23269651721215653	1.3869513711591577
239.0794	219.7	0.3911887722047223	-0.9295633421897612
89.0113	221.1	0.4369964329113916	-0.8504371606151694
188.0797	223.3	0.690754246990744	-0.4187239413008766
76.016	227.4	0.7306587998365515	0.3740607545975226
175.0593	228.2	0.09627715244286562	2.154746146695931
206.0427	229.4	0.7831449505732734	0.2892388026629489
195.0532	229.6	0.42943840732833	-0.8593053926286583
351.0954	229.6	0.12110349401657569	-2.0085711243451856
174.0164	230.0	0.92958640908201	0.09363753572003337
117.0426	230.6	0.003062221933493653	7.211633424516588
253.0223	230.9	0.18593205580942657	-1.5862880374483426
117.079	232.2	0.33258946096266023	1.123655687129544
192.027	232.2	0.20630186418011462	1.4581444568672728
191.0219	232.5	0.544410371989241	0.6468515134913291
166.0477	232.9	0.5304214770695648	0.6789629588668126
175.0481	233.4	0.07805832064519903	2.3277295853330213
168.0423	233.7	0.022330788381891016	-4.249744238724943
134.0215	235.0	0.4828235423642665	-0.7557724626511854
282.1328	235.0	0.6888204427922939	0.42683588595365685
117.0426	235.4	0.2179193734898648	1.4945247591784339
234.0852	235.5	0.2164973175020976	1.4934903965677382
304.0907	235.7	0.2823889817497569	-1.1808028023289014
180.0634	235.8	0.8565904744605026	-0.1916802562111235
253.0947	240.739	0.29530097531998145	1.2075151646419697
174.0164	240.8	0.18541501572237865	1.5262017480782029
132.0059	241.3	0.14573772668938564	-1.9118563146851022
130.0266	242.9	0.8821118798505508	0.15482714492305605
169.0487	243.4	0.04673787577739336	2.5719599858175264
104.011	244.0	0.002002306360102888	5.216715207558846
206.0427	244.0	0.18810942123845337	1.4940968037828466
189.0637	244.4	0.0703056963637632	2.2752037779686916
145.0375	244.6	0.23442258957298678	1.3917811848373387
198.0528	245.9	0.37756941141037614	-0.9888000942465416
90.0317	246.1	0.05887564517120324	2.4996450751986816
145.0739	246.2	0.1410423672940063	1.6967511670140594
113.0477	247.0	0.0073824042884862605	-4.2465532108337865
139.0269	249.0	0.2232688197225626	-1.5149982816448995
157.0375	250.0	0.7150915234670728	-0.39214172033701405
90.0317	252.1	0.0500196738004121	2.575855953015621
163.0845	254.5	0.04165340707695918	2.586162925159335
205.0586	254.5	0.9059187144683409	0.1233924949837217
115.0269	255.9	0.4877880057664304	0.7537065331959188
145.0375	256.2	0.1974344333319036	1.5020191640862322
246.1218	257.474	0.9377861003989248	-0.08266881955957425
172.0372	258.1	0.09299583596758698	-2.138028192556513
156.0535	259.9	0.9523121601134887	-0.06392495067924034
219.0743	260.4	0.1877519602373821	-1.6801719382944438
143.058	260.748	0.13191011567644506	1.9244146263768453
162.0164	261.2	0.7722463220218307	0.3070454919101613
187.0476	261.615	0.8112612697551589	0.24989617799059147
132.0423	261.9	0.058787329477901294	-2.63985535957572
300.0845	262.7	0.9218030734278864	0.10278451373067132
104.011	262.8	0.0015373943422317081	5.9670855650269345
158.0691	265.2	0.07040115863938508	-2.197775518673261
88.016	265.7	0.4973400490050037	0.7277550558558004
134.0579	266.0	0.28309642756664155	-1.289703938154428
365.1352	266.2	0.47549682574198593	0.7886059081752704
160.0372	266.4	0.565596345978268	0.6078079937133248
129.0426	268.3	0.2311069713094005	1.3475588156655025
226.0477	269.0	0.39013733499713404	-0.971043736016171
104.0473	269.8	0.5392687041494383	-0.6705496910448747
206.0427	270.3	0.21474322373363752	1.3896635291319175
87.032	271.8	0.9629931435685294	0.04865522096790172
171.0895	272.1	0.40026352197645837	0.9448445089040777
133.0739	272.2	0.13579781291484713	-1.9256596371624595
143.0582	273.543	0.11746985732373856	2.0411039156912447
189.0637	274.7	0.8726646318608331	-0.1699798035350265
206.0427	274.9	0.22287568112268608	1.361682350092008
131.0582	275.5	0.3995199853388978	-0.9200114262918386
130.0266	275.6	0.34909787083531885	1.0440326344383852
118.0266	276.2	0.14643187056147505	1.9038522487950558
198.0528	276.9	0.4771784017071947	0.7588096398502745
160.0484	278.9	0.0572881938307902	2.683826457590634
244.1054	279.673	0.30266950180459545	-1.1321413410796342
88.016	279.973	0.009700887683053973	-3.748277883232651
148.0372	280.3	0.7190793457522497	-0.385021895309069
102.0317	283.1	0.5776356894588172	0.6053742311073183
104.0473	283.5	0.02513733734807462	-3.011903262222494
104.011	284.2	0.03568937589310182	-2.703103767465609
159.0532	285.3	0.02157290661683943	3.2256835725505555
148.0372	285.6	0.13846229964972276	-1.708809579642001
168.0423	287.2	0.16622625828188742	1.7198749779348637
160.0372	290.3	0.7071906440288014	-0.4023552789810774
190.0954	291.4	0.8801229572834102	0.1579378995586931
104.0473	292.9	0.5863351625083513	-0.5749836307342704
165.0455	295.029	0.8044056369780798	0.25961436930401127
143.0582	295.345	0.09032322856930364	-2.0289643368385697
173.0688	295.8	0.49555925766302894	-0.7379056563324058
234.0852	298.8	0.49624358197633056	-0.7296074406622975
378.1274	299.6	0.19167760296333794	1.4775473460617197
157.0738	300.209	1.3414253501946964e-05	-13.244102153454772
182.0579	306.8	0.724231186029562	-0.37185911467144145
88.016	310.2	0.006626010908359734	-4.341211430838369
60.0211	311.1	2.4683470761245226e-05	17.25841616365627
123.032	311.2	0.4854444356367775	0.7618242781748834
147.0895	311.2	0.43584001311402937	-0.8556832209380936
303.1675	313.779	0.7679353825817564	0.31504204652994583
130.0266	315.2	0.3259581198277191	1.1674813777625186
345.1081	315.8	0.5271614121249669	0.6906013320536822
118.063	316.9	0.1798063238956022	1.5411418844185483
590.3104	318.4	0.3860656820495665	0.9477691772870603
116.0473	319.1	0.7634427767681516	0.3252945741000121
130.0266	319.6	0.507059405860241	0.706328664872412
180.0423	320.0	0.0010134736353041842	7.758512120904114
268.0551	320.3	0.2376638099913254	-1.3328588749362449
586.2791	320.9	0.005653808145856733	4.64904676403235
146.0579	322.6	0.6026384094500131	-0.5515453379262805
472.1819	324.9	0.6988888535742879	0.4080093795028894
143.058	328.741	0.005026144138884517	-6.08216134573977
174.1004	329.1	0.3111672784725484	-1.1673730218129876
115.063	329.157	0.0005594442699378942	-7.177242338298551
161.0688	329.5	0.10257415491970268	1.9485553849432984
127.0633	330.2	9.083737819670006e-06	-13.785752745758844
129.0426	330.8	0.011148877242937442	-4.3111859062728755
258.0852	330.9	0.22265118135368267	-1.3655494803601755
198.0528	335.0	0.5000447966672732	-0.7439452053911967
314.0638	335.7	0.511771735176477	-0.7220288156402246
276.078	338.0	0.6602633355542624	-0.48213565805704467
321.0696	339.2	0.4944802903369136	-0.7646733672569255
212.0321	342.2	0.845597150572529	0.2050259718848301
161.0324	343.1	0.014009297229126753	-4.551498044956395
145.1103	344.3	0.03848267803840509	3.1667771897470023
588.2948	344.8	0.07808606251661963	2.5366755790024955
183.0532	345.1	0.020681088080965207	-3.298440447261426
127.0633	347.5	0.18272640532211548	1.5065056859597246
73.5253	347.741	0.2877636354973088	-1.2701858083284223
159.0532	347.9	0.8895992308121659	-0.14566495970667187
151.0633	349.4	0.21504774717268793	1.4238368191487798
160.0736	351.1	0.2481002366757135	1.429768912883531
102.0317	354.4	0.40053482844271643	-0.9210718262561478
148.0008	354.5	0.641427506849694	0.4923849443745499
180.0423	354.6	0.45418035803570617	-0.8312056435356734
166.0267	355.053	0.4544146064516438	-0.8117454646388916
152.0473	356.7	0.975194373548123	-0.03343179753490489
72.0211	359.6	0.14139860612974922	-1.7279232678051386
180.0423	361.2	0.4070790094346079	0.8943592128995517
152.0473	362.0	0.7579435430385997	0.33091562122471524
281.0899	366.1	0.04274324238538288	-2.9170945767481253
137.0477	371.9	0.7722225107350557	-0.3074398850173612
280.1042	375.349	0.028929254016900545	3.2843036164932786
191.0436	375.401	0.7135220772590952	0.38508286791910334
210.0892	378.0	0.21253820079488836	-1.4894463447059745
138.0317	379.0	0.5418150461910684	-0.6534615821251647
278.075	379.0	0.20577571023049865	-1.4247877640921427
180.0423	380.8	0.5432635881173656	0.6670069798337191
152.0473	383.6	0.26039339978256243	1.320931232935708
166.0266	384.7	0.5783406468242556	0.6001740630786225
165.0426	386.1	0.8589023858244836	0.1921712877327979
84.0211	388.8	0.07408001463264904	2.6392050520371595
180.0423	389.5	0.0065943707562001845	-4.612743554032883
86.0368	390.8	0.3650802379528362	-1.0368154065871829
161.034	398.338	0.27923629163879615	1.2297068334217127
166.0266	400.3	0.26326356779027243	-1.2716151337913804
176.0321	400.8	0.9397402859769042	-0.07957036470254018
226.0954	402.3	0.009032796840687854	4.08101143788356
352.0642	406.2	0.08108182808113197	-2.3645836654973325
148.0008	407.5	0.276294939581765	-1.2258895783160864
172.0372	410.0	0.1394792959432222	1.7169450214431132
187.0481	411.4	0.010772680143653571	-3.913023752301888
268.1059	415.5	0.0406914308583376	2.739682630303379
584.2635	415.6	0.21445473583533894	1.4415636561747796
175.0481	416.9	0.5462280871603858	-0.6459271077222503
88.0524	417.6	0.04026852013288729	-2.65748901640232
197.0324	418.0	0.10289146994916497	-1.9263066778777795
176.0321	428.0	0.24461980908988873	-1.3396771379824362
131.0219	429.5	0.039997447152060966	3.00919793758076
100.0524	440.1	0.8903755546553128	0.1438550643704327
165.0421	440.7	0.053089522617510786	2.5958031879538477
137.0477	441.4	0.573608868430615	-0.6197212930796115
146.0692	442.11	0.3299640469120471	1.073886043630564
162.0528	447.8	0.014189957145309276	3.4566493624204275
164.0473	447.9	0.9979798639353594	-0.0026429898388198795
210.0531	449.239	0.9948425619938271	0.006737721529009082
155.0695	452.9	0.001868300812068379	5.33344452490999
118.0266	453.3	0.20115068612878143	1.6050395908088295
122.0368	463.4	0.204705035466347	-1.5903394344664212
144.0423	466.6	0.7820079320055363	0.2955704084081439
146.0215	467.3	0.19191466125929774	1.504365276036857
188.1412	467.7	0.2935163773779375	1.1910383692007307
490.2203	468.9	0.5123561073270777	0.6970337457067831
172.1099	470.1	0.2475448793854952	1.4302354948851725
130.0266	471.9	0.7412072811019277	-0.34839070343054424
132.0423	475.9	0.228421540803886	1.3411204487854673
186.1256	480.1	0.6414336582567874	0.4906954395531214
114.0681	480.1	0.22135364842399627	1.367813022921893
116.011	484.1	0.23449663044898883	1.4698196887975752
312.2301	484.7	0.06817331315948588	2.6953410553794224
212.1412	486.5	0.04715497320876358	3.0621683362309735
148.0524	487.4	0.3361304637892489	-1.0951742849408632
192.0423	487.8	0.7251792816825648	-0.3709868985569615
114.0681	489.2	0.3213015631777624	1.1022286725506496
168.0423	492.0	0.08160782247012072	2.181883833710912
264.1031	494.5	0.8292626303046843	-0.22865520607850018
481.2312	499.3	0.5137151052562421	-0.7064563581251937
136.0524	502.6	0.453883338023185	0.8415548418394133
186.1256	506.5	0.023563154489501453	-3.423549010397849
160.0736	511.8	0.04329580924193458	2.804743517394692
210.1256	512.1	0.1388027599650501	-1.9131012104041352
116.0837	513.1	0.7259088580495454	-0.368201282687042
278.1154	514.4	0.10487109945791982	-2.013258131900523
144.0423	520.8	0.08754988015132349	2.3187776767390957
172.0723	522.704	0.11777615313756244	2.087317610614819
116.0837	523.1	0.053328468030376566	3.0438831875187877
162.0681	531.1	0.3555496349019996	1.085728170133241
323.2093	531.176	0.8405428962019948	0.21877143567446034
128.0837	532.5	0.44413352253848426	-0.8587857233734127
158.0579	536.7	0.6108760041853143	0.5423667580777523
216.1725	538.0	0.4986930365693884	0.7579897108351497
174.0892	538.3	0.402482614479038	0.900637806506975
278.1188	540.3	0.6425262016636928	0.4913148548966576
144.0423	550.5	0.4620735358632369	-0.8121554804947271
212.1412	552.8	0.0075056454914700045	4.16784208038903
308.1974	554.783	0.5179415124781914	-0.7015554800972662
130.0994	556.0	0.8469774083873434	-0.20155538325288136
312.2301	569.0	0.38757530584649114	-0.9564125411840371
165.079	569.4	0.2514614368602692	1.271181337872178
166.0994	574.8	0.029561825827243707	2.84736837400568
332.1624	581.1	0.2626880519767959	1.2366850619366447
332.1624	588.9	0.007382453301926639	4.755012073447389
144.115	589.7	0.158304265945507	-1.6114872847619335
336.2301	592.1	0.39970777215747183	-0.9717352019446294
166.0994	594.8	0.21759876671359699	1.4943383594854593
330.1467	595.1	0.13504334390788236	1.7307519763970944
144.115	596.0	0.662636445903956	-0.46050779827933247
334.2144	602.5	0.46506195021085184	0.7836811755766243
313.2627	602.523	0.02827419390183526	-3.4499020289513678
248.1412	603.2	0.00882501866847749	-5.3035077955080485
316.1675	604.1	0.5760581922534376	0.6213625743079974
214.1569	606.3	0.5444514551678956	0.6783196615656719
336.2269	606.553	0.07453266256629537	2.629269507458952
314.2457	606.7	0.07770925049459025	2.562475124359492
336.2301	606.9	0.03798960082246062	3.399344380112743
332.1954	608.071	0.08918222881393728	2.3983690110246743
310.2144	609.8	0.8897071458769792	-0.14874102932718333
296.2351	610.1	0.40038943429263224	0.9709758900402067
294.2195	614.3	0.0027232871196511714	6.122797312855976
168.115	616.7	0.03256685561532048	2.786529345749414
228.1362	619.2	0.05080302294873073	3.1339847778402232
294.2195	621.5	0.034597070664738945	3.160061855154282
158.1307	622.8	0.7855472913507253	0.2882900559317251
257.2005	623.189	0.1103151562657982	2.2405652538068743
250.1569	626.0	0.9182430569323152	0.11048216831593047
316.2614	632.3	0.3970508767875025	0.923337871751358
334.2144	633.1	0.7604366526162623	0.32879797461071436
312.2301	633.7	0.8317019094500785	-0.22874785549890644
286.2144	640.1	0.5353417280812368	0.689427058230726
334.2144	640.9	0.14586580127390533	1.7047495872691791
312.2301	641.0	0.38991450647905557	0.982035835972849
338.2457	645.6	0.004890538483595996	5.688286329973463
184.1462	646.621	0.7514355361053184	0.3379251285720137
172.1463	650.6	0.6615562511124715	-0.46055025516252274
332.1988	651.4	0.5784925818031912	0.608156022038979
292.2038	659.6	0.19092675086081007	1.6451039541367807
272.2351	663.1	0.8703979621110177	0.1767844459069627
172.1463	667.3	0.3206511484803363	1.1577464263483284
346.2124	667.427	0.8970110489302183	0.14061214392372243
332.1988	669.5	0.2352460493699213	1.4497785392284033
318.2195	671.8	0.004374102948726072	4.757263981833563
278.2246	671.9	0.003505344378415593	6.075277645905144
334.2144	677.3	0.13432720752323318	-1.7671371621086316
234.162	677.8	0.24284872934523116	1.4460409361898332
270.2195	679.5	0.5203252492230928	0.7238668124433354
294.2195	685.7	0.004451108884685618	6.11679034534615
258.1831	687.0	0.14526228767191532	1.8496765579037777
298.2508	691.4	0.7750768353428764	-0.3046874680463266
316.2038	691.5	0.0003214166929176412	7.605744317100712
320.2351	691.9	0.5944300606587791	0.5746700453591501
314.2439	696.872	0.7200066071451623	0.3813770241047947
292.2038	701.8	0.5130285827402536	0.7360306496875466
320.2351	704.6	0.1983947607110496	1.6199421145492827
314.2457	708.0	0.9382416234382911	-0.08253957821796568
318.2195	716.4	0.38087696323413306	1.0115012190867316
292.2038	726.3	0.5849673405493886	0.6086559685815169
200.1776	727.1	0.29363688752959854	1.2484537560411113
250.1569	728.0	0.030854217023339504	-2.80923031255345
226.1936	737.429	0.05918444557363756	2.60924143912657
276.2089	738.3	0.40351881330542705	0.9690751726456408
292.2038	739.5	0.45826760954830487	0.8478705904671587
320.2351	740.7	0.5495195192517228	0.6705858647605404
320.2351	747.5	0.24642180516841727	1.429098876786588
327.2779	757.153	0.07326313798099852	-2.1749163626744035
278.2246	759.9	0.44813223751666414	-0.8138348887987613
254.2246	783.7	0.1292343537119756	2.063662414089658
302.2246	787.0	0.5500690429560665	0.6601742464764723
280.2402	795.5	0.27457037890375263	1.3327647278826227
304.2402	818.2	0.06549079215742765	-2.507180477345571
306.2559	862.0	0.01330414140215056	-3.705086565386053
256.2402	868.5	0.7237678024582404	0.3859005563884675
284.2715	950.8	0.004027276636788827	-4.759674154684373
