m/z	retention_time	p_value	t_score
247.0252	307.728	0.022044147012163083	3.445669279053033
384.1214	368.504	0.3809444518546628	0.9854073760597711
384.1286	427.875	0.10245077173000612	1.9290507426695975
147.0527	220.128	0.013355616546613564	4.076517645729771
118.0267	237.245	0.16266817963839364	1.6732099461984546
118.0266	243.828	0.19739774796499235	1.5110440636073936
176.0317	321.949	6.789533708524664e-05	10.888530871041175
176.0314	291.779	0.030493985574776204	3.635475458902305
149.0505	354.097	0.15422226255426438	1.8010533449904247
204.0898	366.692	0.00877109883536581	3.926937264848169
89.0476	267.097	0.024153712372520404	-3.3381917067920517
116.0101	407.228	0.4201556298231213	0.8655243474404573
116.0106	396.899	0.42288658593698464	0.8601336759871018
88.1004	561.866	0.05697963763095374	2.9888865993198457
88.1	525.708	0.19481019039372405	-1.5588986681664243
363.056	372.889	0.034050723612419	2.7795377578918905
135.0541	349.355	0.0014501796612222259	5.572145371145581
134.0219	402.531	0.4177895883652067	0.8702903083783701
132.0534	185.46	0.027739252557546168	-3.546888413102348
74.0364	361.279	0.7454566539605503	-0.35100971036843776
297.0887	271.05	0.6126637014829883	0.5352015146169931
130.1216	233.356	0.247279440982267	1.3743101773510407
117.0791	325.935	0.1453239488245839	1.8982343121893106
119.0583	180.515	0.5834122630216134	-0.59269459191141
119.0582	207.274	0.6199879686347367	-0.5225895101920977
244.0697	472.973	0.1156874098894956	-1.9727314770993942
488.1075	170.006	0.1403714083681735	1.942451720665547
192.0259	390.072	0.8464379807934149	0.20223960869704635
267.0961	477.661	0.38867410992880586	0.9328918050975384
102.0313	305.941	0.4457878079672235	-0.8685684137581507
347.0621	197.474	0.955767301271234	-0.0594074145080241
129.0793	380.95	0.5232926593450616	-0.7008623315898127
129.0786	399.66	0.00938113440020703	5.792210871855225
117.0785	292.978	0.002878553097768552	5.748225552521998
131.1055	247.956	0.0015188689444257792	-5.512932171362766
276.1324	215.112	0.41187928622118086	-0.8950903490041369
174.0528	228.465	0.6641220102620898	-0.4572196121730299
87.0675	346.36	0.009779161611334472	-5.780251326581413
251.1008	325.559	0.06895950055270503	2.7129111027350477
189.0628	412.503	0.35311091099970676	-1.0305213737764762
154.0278	464.819	0.03777099722977125	-2.8921088267335437
220.0853	497.195	0.5153571668073795	-0.7318245091400848
300.2057	759.595	0.09128120245136243	-2.3278019046033265
138.0321	483.492	0.7658836723012541	0.31378189676429263
117.9865	451.46	0.7121802124515302	0.3870585309001386
345.0486	258.598	0.059726457051864204	2.9375715037453074
165.0434	462.28	0.0316801189043	-3.6042458654029614
116.0956	285.437	0.01888938451986304	-4.304913095098486
146.105	492.951	0.11614303165163646	1.8875967986574016
62.0004	243.814	0.4210601981307962	-0.8634597505277867
116.011	306.607	0.30516417376187704	1.2271137888118278
194.0583	494.809	0.27183473870282376	-1.21630876577988
158.1302	644.843	0.707297392197378	0.400628923709996
117.079	367.117	0.7061909390667602	0.39885766116056987
129.0429	324.487	0.09643441285254213	2.0461385321885732
129.0426	314.245	0.9938183045323579	0.008246380761916338
188.127	383.617	0.02965429945758434	3.8774227089714883
131.0949	407.601	0.018912500109844507	4.0964511986102945
188.1162	359.069	0.08114300021784708	2.3058491880003427
175.0633	501.725	0.2539715981959887	-1.3369318319797607
109.0526	426.664	0.08673749892443668	2.479858510249892
189.111	216.805	0.4154863790606437	-0.925031519156146
176.0685	493.268	0.43334676828077257	-0.8432731496426161
148.0373	428.816	0.7945059051651411	-0.2723186331162303
129.0899	238.278	0.006411766800131661	5.105533166534443
236.0797	332.279	0.011992004149900936	3.9929067167681476
130.1114	345.929	0.015567405806123771	-4.007742091557008
160.1201	525.72	0.011657600358102569	4.510812880842073
101.0484	335.117	0.021641956203760998	-3.0819425214014124
229.0354	154.747	0.38818194165950237	0.9780951521078697
75.0683	255.08	0.06218227032888424	2.3401140561941447
169.0363	418.712	0.11713251807868708	-1.8559735700366464
278.1512	664.021	0.21085229325241658	1.4385674671282345
104.0585	443.444	0.10912994244976347	-2.19146585305125
131.0574	257.622	0.2160370254075381	-1.4190349439838221
113.0475	328.966	0.8884726365440456	-0.14957609483883214
147.0533	330.532	0.37921920014139704	0.962481595762804
498.1185	423.185	0.39027480761208755	-0.9257861888116147
188.1276	199.745	0.003996218108069274	4.576490508666705
132.0897	443.48	0.04893741212275627	2.5607248694651696
145.0733	236.638	0.05896143899923859	2.4359702784790302
127.0629	328.346	0.7998653769906487	0.2737662299182688
212.0311	229.126	0.9213379701556654	0.1055769276277706
149.0458	428.543	0.10592494446680271	2.2709661482468966
191.0592	464.338	0.0006270681023024861	-6.910756131792675
191.0624	434.554	0.6116959800440983	0.537619098346232
243.0846	197.246	0.38704527456322196	-0.9693743240202699
128.0584	264.006	0.1035017111618155	-2.085880921452678
111.0315	383.065	0.7493416976019565	0.3385825314041094
334.2129	580.061	0.1442656426978213	1.9128049951427168
87.0503	514.098	0.3495618678819518	1.0252040183983215
334.213	601.84	0.11349815374742289	2.2095201247335514
148.0373	270.623	0.5542515587179522	0.6269846702033054
148.037	259.946	0.5437597118937434	0.6443501975264002
272.0903	352.131	0.09221457826485467	2.32850926309738
142.0739	361.137	0.219002733940395	1.4395138950404034
142.0745	287.186	0.47905074928406244	0.769140138642806
228.21	747.27	0.5492301812282445	0.6593776309874152
160.0844	210.68	0.004698071795944516	-5.2115999387790515
267.0951	173.154	0.5211994571638778	-0.6876574672521889
267.0957	209.554	0.08303052818663502	2.463145329448064
312.2303	531.665	0.15352367288230317	1.721524567394722
101.1206	552.538	0.21500241131705972	-1.5629145291502973
316.2006	665.147	0.28406626967358717	1.2790606912954299
162.0352	463.355	0.016781486562670336	3.5982760970592294
198.0533	464.808	0.2503059243590203	-1.4213696858471354
278.1631	453.27	0.29092172018801926	-1.2113857631203218
126.0313	505.375	0.17197690869098828	-1.5519322393350035
147.0528	264.236	0.07772488505539978	-2.336872101369501
193.0402	288.389	0.5881586838767059	-0.581786386289681
332.056	297.763	0.7467750524132497	-0.3536749407151224
166.026	362.039	0.3227157708050399	-1.1449244162760044
73.0893	491.772	0.38409918748781513	-0.9754578552735735
294.2199	687.517	0.12076360605561157	2.004550029307006
314.2458	591.852	0.02579190897313927	3.3256323529891136
314.2453	615.341	0.128949766498143	1.9968500057335021
312.2307	680.638	0.7493297350285983	-0.34657422822533934
330.2403	514.1	0.28785657070823195	1.2626137193159956
175.0479	318.294	0.09383626884361167	-2.287279950456763
240.0091	296.401	0.791674872275667	0.28392586500285666
240.0088	248.944	0.07265454107891575	-2.709418913306664
240.0105	315.305	0.16443972981095678	-1.7499604089605478
240.0088	514.043	0.0461113186058436	-3.2824631636661086
240.0085	260.414	0.23505383863749582	1.3215675725312759
146.0583	287.416	0.3994055333456028	0.933573380390828
292.2037	637.688	0.10246565041362049	2.273251271919962
294.2199	614.682	0.11537424319653337	2.0540242105048248
264.2095	743.435	0.4819181406827682	-0.7982173388673816
183.0649	546.375	0.26343143163329563	-1.3541448622930088
199.0596	492.45	0.3640383988716737	0.9832599815791295
168.1141	617.026	0.9356361017649613	-0.08542580693631632
242.2241	788.308	0.20969415962015098	1.417677103851826
263.115	265.311	0.8257602564429032	0.23056822700404406
146.0691	194.544	0.013942608701670365	-3.8535259837803455
252.0629	372.701	0.8500346174682153	0.19800529622274532
170.1306	645.841	0.06014124786263725	2.311552166183837
296.236	659.36	0.150599746560575	1.8079210682949851
312.2262	599.016	0.018532414939401342	3.20891142188575
312.2293	632.764	0.11875713831164564	2.1666534082212725
133.0371	255.457	0.09422400688330355	-2.409155984767503
87.032	362.361	0.013508501268836529	-4.455132886560614
160.037	350.468	0.14545924781777864	1.7750517568033362
173.0686	250.964	0.00029130741735723003	-7.590195688314968
180.0636	416.177	0.003249791030873864	5.084029887687344
180.0642	388.88	0.6430346776213984	-0.4908772392156157
180.0639	401.395	0.27667524628650714	1.2119923207177585
180.063	240.714	0.05684143652209818	-2.998609932593585
180.0642	416.97	0.3909749411171433	0.9428828187558203
180.0644	261.946	0.06909908869163908	-2.7556074065323704
113.0472	375.723	0.00017433800834797664	-8.325315385192093
100.0523	440.466	0.39459159555179796	0.9234036463474715
280.1055	219.612	0.6693468692294819	-0.4488148777936109
172.0844	270.426	0.7231009120169705	-0.3720317660832817
147.0532	311.418	0.9563705047635984	0.05818070234379164
175.096	289.241	0.502260120155827	0.7165490255723218
228.1473	379.45	0.009458968175999916	4.71228139217071
262.1317	404.522	0.11180024185878974	1.9949770124782575
172.0844	288.056	0.9958512101843047	0.005430303445179626
262.1299	439.87	0.1812864512396628	1.595511025868336
212.1162	324.223	0.5684630585567045	-0.6058007568897674
160.0846	249.203	0.24129139396234095	1.3101905869298696
217.1431	451.459	0.8276900736737135	0.22798283954574655
186.1001	294.329	0.7855878754870098	0.29051207525126427
188.1167	320.387	0.19876315706569295	1.4443469857000426
246.1011	453.706	0.6683554369813733	-0.46050744608089994
279.1199	289.392	0.7324036865016283	0.35979076427387036
295.1157	483.684	0.3625908634641026	0.9966282563246215
262.0783	201.873	0.0032371918111838063	4.743573170511253
246.1213	328.732	0.06771286220490476	2.3003406593850637
296.1014	499.58	0.5900579478299051	0.576627218976982
566.1461	340.553	0.5548915065017901	0.6396021490668311
217.1062	201.98	0.6801954388612077	-0.43302577184038743
275.1107	182.191	0.15689794913709318	1.7672270772607965
203.0908	187.229	0.329573934156625	1.1416266709600198
274.1646	393.375	0.310743409591231	1.1858832582584204
247.117	172.858	0.29039575344868274	-1.2427800596892495
276.0951	197.392	0.019601343409140926	3.159080816271003
260.1371	319.847	0.6492060163724225	0.47911562307566363
234.0846	190.048	0.05271749249898058	2.847704679510613
246.1209	266.449	0.09870923943239127	2.235334964472883
203.127	442.529	0.08539969990912007	2.070302918401665
222.1016	331.209	0.9514494867645296	-0.06387827834508822
162.0657	202.337	0.3028970260469141	1.135217169338397
176.0805	222.875	0.18159921850586688	1.536900865986042
226.1066	467.957	0.04833933400193069	2.8783049526726936
284.1115	434.892	0.7544094727822463	0.32824229178888925
252.1204	503.684	0.14707701282149138	1.6802219368279285
242.101	430.596	0.26656013274817486	1.2428139912832483
256.1171	445.093	0.23317439312752555	1.3675220490999753
244.1785	451.214	0.5374365914068859	-0.6675514984131499
232.142	308.406	0.5963190510125616	-0.5602557980432153
246.121	296.154	0.36432480317035437	1.0621814900608666
244.1785	445.065	0.7223120447095566	-0.37536905295182516
218.1268	290.52	0.7999125605559476	0.2652010018993083
217.1428	445.77	0.7068667156197288	0.3944799796605487
203.1271	433.201	0.09280666783903552	2.070531291204582
259.1898	518.802	0.492115006806465	0.7393718056062907
243.1587	467.84	0.8413589914736553	-0.2121616785164184
245.174	488.298	0.8537779619198543	-0.1926616200686588
220.0853	307.526	0.035681107441482326	3.5323403974614505
278.163	462.606	0.15122839690871148	-1.7952558290157556
266.1258	323.779	0.20236037749665842	1.4878114550893005
186.1001	310.003	0.10286095279098857	-2.0396594166084885
271.1646	392.553	0.6164977294066106	0.5307213508307816
229.1056	230.502	0.09977122718948771	2.0226917546444327
230.0913	263.123	0.3236571079996362	-1.0989160878998867
244.1056	272.538	0.6681409730544234	0.4550506069995231
252.121	518.224	0.5174491896217525	0.6913339815421691
243.1591	485.581	0.5219630615622525	0.6798932075980041
246.1043	379.444	0.4356515150081031	0.8697950519229188
202.0944	258.482	0.9578771569165739	-0.05510921531867712
216.1106	262.377	0.7350570700759345	0.37005453797433985
214.1319	382.805	0.02307475834078026	3.034775816596038
176.0787	217.029	0.1392900427850643	1.7461314076476266
242.0997	447.287	0.16258224985527092	1.603750918471536
233.1369	416.749	0.9002423290167061	-0.13365422720431636
236.0793	245.4	0.1531778073317932	1.8639101102133586
233.101	184.447	0.025376068208820927	3.1622835986008804
234.0849	196.734	0.02181769085021974	3.3634467738383407
232.1422	328.61	0.6222469039691925	0.5215954555587161
247.1537	431.156	0.9533140101014637	0.06113089206616019
250.0988	298.323	0.1332500484012218	-1.7363697658813355
216.1105	258.699	0.19424989406095072	-1.4648112024410742
220.1063	212.793	0.03601372395582974	3.2115616913688507
317.1735	435.585	0.1338201141464252	-1.888923177259362
268.107	500.043	0.4761385283166688	0.7616825516563434
204.1122	252.931	0.03800321397026752	-3.2565019432898947
216.1475	371.468	0.12091196916910116	1.8072449475308126
116.0838	503.912	0.47415725666473885	0.7706320689076855
146.0692	246.387	0.10971844298258854	2.062280245708919
259.0457	148.0	0.41512138296380896	0.8874854656193906
211.0358	149.6	0.7385256830849372	-0.352123084392928
199.0246	150.0	0.2182876434354875	-1.4760736657437683
153.0096	152.0	0.004420232070188966	6.352929264046086
215.0559	155.0	0.14705165816208512	1.7965800599096935
169.0045	156.0	0.04252532311192995	2.843831525624959
246.0959	162.033	0.7239820381743586	0.382000168338049
195.0743	163.0	0.0002936669195690653	7.511610387619664
178.0412	163.4	0.8852761608979195	0.15160485281130517
261.0307	164.3	0.7081364857261059	0.40035899496949884
332.1332	164.9	0.02700260055279243	3.507963438577111
307.0838	165.4	0.002610087886975644	5.1573965640846735
302.1701	166.215	0.23777647538543725	-1.3271826993200848
167.0255	167.021	0.3889973799658754	-0.9590561532154342
274.1277	168.7	0.8314545895905637	0.2223905024248462
323.0519	170.0	0.0006903689714520948	6.395847278645683
238.0627	170.401	0.2678505060822757	1.3565862170074008
283.0917	173.4	0.27646026818211705	-1.2762423915549481
380.0733	177.1	0.1714823324200225	1.7765722074582122
335.0631	181.8	0.19577207145787232	1.5353434529598133
162.064	183.219	0.8980694837057527	0.1336260456357905
231.1349	183.34	0.9863603148013742	-0.017859787199607603
275.1593	184.118	0.05603184601279553	-2.9992661570239254
173.08	184.3	0.5575911537816776	0.6566782942861448
284.0773	187.1	0.5089022314430438	0.7056382583550996
163.0481	188.0	0.03887354483255156	2.7609873932492497
174.1117	189.0	0.0073911538252547345	4.640950987257774
190.0954	192.9	0.05338021803187575	-2.6702183097423102
151.0303	196.2	0.2646789058617948	1.367654122740683
177.0637	196.3	0.027574866810021872	2.902305209055796
87.032	196.5	0.21267972717223432	1.5551970901033452
727.208	196.8	0.2581823941150349	-1.3539828077814893
347.0631	197.1	0.800002467040901	0.2754448643165255
276.0958	197.3	0.004548101978672846	4.772406670247458
163.0593	198.3	0.1012838238159536	1.9394310727787567
204.111	199.8	0.0003273873738210487	7.953426491827451
188.079	199.851	0.010029273975283854	3.8331568593857743
146.0691	200.0	0.00922582804318735	-5.104605345495712
175.0957	200.7	0.4119965697655925	-0.9406599055933987
267.0968	209.6	0.07004131429094612	2.6312553076056338
105.0426	211.2	0.1943889239365172	1.4756360447643204
165.046	212.0	0.1951071215905899	1.6582264572754635
234.0852	212.4	0.27711035461406314	1.2123921318482906
190.0954	212.5	0.035880860407387166	-2.9911009240157833
232.1059	216.3	0.3459364316970643	1.1094342970011881
147.0532	220.1	0.010477638162144715	5.145251755687415
218.0903	220.3	0.019902221422091575	3.330138504666541
133.0375	220.7	0.33773262331309645	1.105475850732908
289.1274	222.1	0.09492126597857743	-1.9820050441966586
131.0582	224.6	0.9465345932922243	-0.07004159375371946
147.0532	229.8	0.029410247575932264	3.7030295999673974
427.0294	230.7	0.27699180458335254	1.2540748567029916
287.1107	231.462	0.338691814437686	1.0408732649708792
271.1646	236.148	0.1282449197063725	1.8188886383808356
245.1747	236.459	0.05300900273600168	2.813614597282943
119.0582	238.3	0.3751222908754942	0.971648924969214
141.0426	238.3	0.5328482908944533	0.6673297488246958
161.0688	239.3	0.0007796454048381953	9.914041838942627
188.1161	239.3	0.01448974404981057	4.870047168391144
114.0429	239.7	0.02681676578061926	-3.8304569819587186
147.0905	239.877	0.4729696840268532	-0.783557036265464
133.0739	240.115	0.053960087971178995	-3.0668388980632835
61.0528	242.2	0.024720396609401757	3.081829492326427
377.1335	242.3	0.046090406767908126	2.664578520232406
144.1375	243.289	0.0958543543653018	2.032990699365312
229.1058	243.379	0.0208484195763772	-3.1956164058763172
174.1004	243.9	0.6209806137133957	-0.540110427103907
197.0688	244.8	0.0705963432236411	2.7371847696354994
199.0957	244.9	0.56782586307218	-0.6271450186638547
243.1217	245.545	0.31257441595677565	-1.1035347335012897
237.0862	245.6	0.04075114523552442	2.772642597277618
105.079	246.4	0.1665411151116666	-1.8185635481943132
346.09	246.5	0.03261728372964846	2.7721171583431117
427.0294	247.0	0.3955282552605069	0.9888916260309275
363.058	247.7	0.07135097802020388	2.219130577561553
160.0848	249.3	0.22611552426645365	1.3718627071180214
433.1362	250.2	0.16379594449538443	1.7099528720389383
119.0582	250.8	0.4225570646393716	-0.872628098790823
204.111	253.3	0.06043610227857816	-2.758904698415136
103.0633	255.4	0.20074246038971547	1.6055932164928959
131.0582	257.6	0.3819539987116121	-0.9559425007525977
119.0584	258.352	0.02158457239263163	-3.1722014531042255
224.0797	258.5	0.008516917462541835	-3.939517567213909
232.1059	258.6	0.2611782743446255	1.366795164285748
174.1004	260.7	0.22202512856148768	1.4989118349823618
346.0863	260.756	0.2591088545266688	1.2760478272415758
216.111	262.2	0.09601066858014067	-2.064448869158884
434.2311	262.2	0.7920500998359058	0.27984048330267747
230.1265	268.759	0.02888519628668711	-3.3709454424703194
246.0861	269.362	0.22274732412806883	1.3772957791547917
147.0904	269.499	0.4095296575148129	-0.9494495026353535
217.9885	270.4	0.46519810835158876	0.8023705566334329
174.0641	270.6	0.07874370434630788	-2.6232071593371833
180.0899	271.4	0.8292568264342437	-0.22566059258984295
119.0582	271.7	0.07370184467995905	-2.167920324165383
132.0059	272.4	0.43127108600809877	0.8998140077008603
266.0903	272.6	0.03607615213211416	3.4583949843487534
131.0582	274.3	0.042745757817006465	3.0790970358983976
89.0477	276.3	0.1697893683486104	1.5649900849766945
259.1532	278.8	0.010231180928598602	-3.695588471538419
127.0382	280.3	0.8898811218516416	0.14474662755070816
254.078	281.1	0.15558346693462172	-1.8841181483958347
117.0426	282.4	0.48381012106876037	0.7727429498078583
283.0913	283.135	0.3653302312575534	-1.0299182935490991
158.0691	283.4	0.4278320936558935	0.8958288611360974
161.0688	283.8	0.09182828555144625	-2.4319270384642118
244.1426	283.917	0.21702484103618042	1.4938134474598264
183.0532	284.0	0.099060131509168	-2.3631247043239894
119.0582	284.1	0.06788552617298686	-2.4522976157548944
300.0845	285.2	0.029765389889094607	3.012820336646557
278.1271	285.718	0.8657029331579235	0.18062782819927115
59.0371	286.3	0.02152334115315264	-4.260109983578818
200.1527	286.942	0.02059180742571782	-3.252725911036514
155.0219	287.3	0.18254134262152594	-1.7217898560243552
110.0484	287.527	0.4642476240024516	0.8168568027991013
193.0375	288.5	0.16719147713219543	1.6725359169636624
252.1211	288.933	0.00984471461159348	3.8995120176179925
194.044	289.1	0.8170169477510589	-0.2418294394431536
114.0799	289.155	0.0023862439497193627	-7.388709353891502
218.1267	290.6	0.056819900489318724	-3.0045584559391516
175.0837	291.551	0.6569368336989674	-0.4670640210159607
147.0532	292.4	0.11913090828288968	-2.15187971657298
189.0637	293.0	0.05943519647807096	2.7356283208706036
328.1543	293.2	0.07737432955008788	-2.468992958765184
243.1217	294.53	0.24288507560907172	-1.3101250526823842
638.1119	294.6	0.648831278893211	0.4829846759539791
328.0794	294.7	0.002528320700091031	5.3333787780241675
329.0747	295.2	0.2329359249350891	-1.4898630505193757
188.0797	297.7	0.11448913755864736	-2.2052345540490634
75.0684	298.4	0.04652285033173124	-2.7621089710883377
282.0344	299.5	0.0015709025154057236	-10.601594214733716
146.1055	300.3	0.5606397910055574	-0.6204938442829437
145.0739	301.7	0.43248068563401854	0.8962293919769544
306.074	303.1	0.10170536685315255	2.2725299114654294
252.1213	303.872	0.029357998208969033	3.1085826824976044
101.0477	304.0	0.03871779392592912	-2.7406050561278263
73.0528	305.8	0.41330605771705997	-0.8903581333923529
145.0739	306.0	0.6986863495327476	0.42253303320111407
151.0494	306.2	0.06623365319530732	2.721091188554509
165.0426	306.3	0.17522024578549927	-1.596394885054823
360.1321	306.4	0.09597023742641013	-2.3798526681089074
330.0951	306.8	0.42843975083097363	-0.8822600353872647
286.0735	306.877	0.7495926797813728	0.3354511477510142
446.0604	307.3	0.022238192344548716	4.0018206731654224
221.0913	307.6	0.05318410227019164	2.429727603571544
117.079	308.1	0.3005286819644234	1.1369252750590977
87.032	309.7	0.3634990047672248	1.0074287411935368
245.1377	311.609	0.4719732267148593	0.7818024449610028
226.0589	313.318	0.04394732472466827	3.1468513256118613
103.0633	315.6	0.20374014902906407	1.492822240837848
216.1103	315.81	0.022051198604938066	3.63958679643998
89.0477	317.0	0.050519686204271656	2.579383561569777
230.1268	317.067	0.18203090398769195	1.5936671012279968
129.0426	318.0	0.09874503745477839	1.9738567568536716
101.0476	320.194	0.062192246827203194	-2.2980226532039585
314.0686	320.754	0.5202839081759493	-0.7124995621719353
136.0385	320.9	0.014589915658316986	3.4815619727353666
135.0354	321.1	0.01868065307993448	3.207690362454004
244.1059	322.706	0.00957056375655023	5.63455800606091
259.1528	323.789	0.8182080412005018	-0.2428587039147384
293.1384	324.546	0.15754892214371666	-1.7234884205487866
87.0684	326.3	0.8858558115057716	0.15410034170739476
259.1208	327.6	0.0021105561870282913	10.027833899060685
187.1689	327.776	0.00036252563283113595	-7.227206451301924
243.1567	329.378	0.02830488375498674	-2.9082347167722133
153.0426	331.1	0.30781011872065484	1.1558043901969237
222.1004	331.1	0.8255909446065648	0.23069719371321482
131.0582	331.4	0.3581176199111431	1.0277710908784106
232.0042	331.9	0.46187009462226397	0.8347621840574957
237.0862	332.4	0.02416304865166613	4.226093000219022
115.0633	338.4	0.013966597444989855	-4.084573320246085
230.1267	341.371	0.027735059604790627	3.5897888664347386
206.0412	341.472	0.05397573695109874	-3.0832279901668618
279.1206	342.566	0.45609901488222065	-0.8025712516601295
562.2144	343.7	0.08905685103127799	2.48234625271987
260.1376	346.806	0.03492007132584839	2.8128437078758393
101.0841	347.0	0.03966706129196704	-2.6409266622090275
426.0879	347.7	0.012451093937414986	3.8333875180642933
125.0951	348.287	0.001553024748221245	-8.438986410530054
198.1368	350.3	0.9433787058600527	0.07497663100251178
640.1428	351.3	0.29533437146007435	-1.2520125903437154
642.1432	351.4	0.2011385338700038	-1.6087944724965548
70.0531	353.3	0.003581305234543268	-5.206898970907166
117.079	353.8	0.0014160490086769638	6.048522530529764
234.0852	353.8	0.003951688335903176	4.54039610432704
139.0382	357.1	0.09076962828555861	2.013197769233792
103.0638	357.806	0.3799165658742388	0.9581293241544254
73.0523	358.34	0.012441527891399823	4.166796368549924
112.0273	358.5	0.1849700448380992	1.5524212255321828
433.1129	360.5	0.06798129256658954	-2.6713677060492342
302.0427	360.7	0.869143214256449	0.1775322828252394
214.1319	360.794	0.10521868592797423	2.291010540821884
266.1273	361.149	0.9015742796357593	0.13317435884672785
208.0848	362.0	0.0004242917258917049	16.12221184827137
153.0426	362.1	0.43145984494162287	0.8432182393457563
246.1328	363.4	0.06657523843575633	-2.776320906022034
188.116	366.038	0.08771585406037735	2.2247669153057563
304.1383	369.5	0.261932585405031	-1.347466036174464
210.1004	370.6	0.07941396571627031	-2.3766581378008365
114.0317	371.2	0.7441340585185889	-0.34541345144430546
248.0562	372.5	0.0014238018122822735	6.915182950924387
279.0968	373.1	0.07001429918011894	-2.756265699747357
70.0531	373.2	0.008990661987251502	-3.9852669849304254
70.0531	373.9	0.03406820323331159	-3.4363244834756834
222.1004	374.9	0.0485522686533345	2.706068614067248
300.0845	375.1	0.6629640427192354	-0.46660819755525607
228.1107	375.207	0.012337010407761868	4.935866985124596
187.1208	376.1	0.1363317508402849	2.022250576390671
212.1161	376.849	0.009696859453603395	-3.743618683365031
230.1273	376.909	0.28808947566840354	1.1706644603924103
195.0895	379.8	0.00031883439322826217	8.422611109775747
300.0841	379.841	0.7208568757451468	0.391931488770113
337.1162	380.091	0.4304135735652861	-0.8463430603794577
167.0582	380.6	0.6818410671153178	0.43054152101955545
151.0633	382.9	0.8643929074832568	0.1783528099751056
381.0686	384.3	0.759382880946233	0.32359380086980566
186.1005	384.541	0.311836512990887	-1.1391689356935202
126.0317	385.5	0.0736375260612801	2.409517257412772
231.1337	390.266	0.5029407368339336	-0.7335420649246838
208.0736	390.5	0.5133578373051806	0.7304780628731287
190.0954	390.9	0.18847695693952787	-1.6897863840886844
593.1461	393.361	0.7821162076179761	0.2992001115017121
165.0426	393.4	0.009114791249712957	4.814168544898626
594.1585	394.2	0.18677756677583723	1.5489433289252914
73.0528	396.0	0.013354163142208992	3.643607995143378
123.0661	397.698	0.18022934712432362	-1.5961756645254843
212.1162	398.97	0.19485891648558437	-1.4692426748722183
151.0633	400.0	0.023225611329172686	4.23831629524505
286.0477	400.2	0.36108230016683657	1.0613053255165192
101.0841	400.353	0.08449414662240899	-2.1301582424889056
142.0263	404.841	0.04846343959501755	-3.021375472324301
228.1469	405.602	0.23183890338090243	1.409927684517024
396.0151	406.2	0.5323095879568444	-0.6902750851942978
326.0994	406.288	0.0903305172714828	-2.3686231487684077
131.0946	407.6	0.0071907046754936905	5.413487936928434
126.0317	409.3	0.6405696203481654	-0.5034152096740429
275.1486	414.09	0.0007827516117652084	6.498834842445541
159.1259	418.8	0.10023263288230179	-2.1817045455952035
240.0238	419.0	0.013326006659575453	3.624307253530208
162.1004	419.2	0.06182519325833258	2.913226448072604
243.0855	419.2	0.046520181676476216	2.5006185381784727
340.0794	419.2	0.6682659170496101	-0.4511552313774849
480.0904	419.4	0.4181869406555336	-0.8744469745638008
281.1111	419.433	0.028652886559029433	2.875377823926182
255.9984	419.9	0.16720581040486315	-1.6797076337452264
523.2054	420.1	0.38098366964242736	-0.9462008814572658
139.0746	420.4	0.016321289226903762	3.608398075664845
259.1169	420.8	0.085954628096383	2.1193157729594403
277.1487	420.82	0.003291245216114237	6.146097591627
203.0903	422.138	0.2396393037841119	1.410796504892408
228.1466	423.384	0.020151531797314954	3.150505463892467
179.0946	423.5	0.02792791195724194	3.028236091944119
286.0477	425.4	0.9853728038900162	-0.01922563486430777
283.1281	425.4	0.500815131836384	0.7390780501226085
286.0477	425.6	7.106839457814673e-05	30.69944843058072
126.0317	428.4	0.0002951797251757495	-19.141669089122956
135.0694	428.631	0.19387362134479716	-1.64283994439715
127.0633	429.743	0.016740481561203804	4.237665989217438
168.0415	430.087	0.025956736231957444	-3.98598080671386
168.0423	430.1	0.02873216553690969	-3.8565275243950703
121.0528	430.7	0.7310616663746636	-0.3613706384373132
284.0768	433.078	0.5090767880473193	-0.7308307279524494
114.0315	433.713	0.41421429650283964	0.8790445502732033
151.0633	434.7	0.6299835864475247	0.5290407691061239
162.0351	443.2	0.009429954718669788	3.8353074192763557
217.1426	445.8	0.38794387873331604	0.9732181691813547
114.0315	448.277	0.6121673206296676	0.5352763121682271
228.1471	449.883	0.012564617249678535	4.27592685924688
217.1426	451.5	0.5293654834625895	-0.7078750537994271
245.1379	451.706	0.829547541286886	0.2309335078107926
73.0892	452.983	0.45791561006672354	-0.8455280265904198
132.0899	456.2	0.3584688087649371	1.0078157282865698
151.0997	456.4	0.8465414332511045	0.20210955642972758
124.0524	458.4	0.13737649333538343	1.7274093442344234
195.0895	459.5	0.3344472909983695	-1.0493499992138893
413.2626	461.935	0.14140866291491508	-1.7128903465974987
246.1029	463.556	0.01212827421299064	-5.441600422013807
154.0266	464.8	0.2214636719617594	-1.461800585241894
153.0538	467.2	0.06250715254705085	2.43241590112177
203.1273	467.577	0.3318803252357689	-1.1171485760717599
256.1099	467.6	0.011447656299111812	5.546968308234673
189.0427	468.679	0.7401767287352721	-0.3490524713389867
576.1479	469.4	0.08253331719313563	2.2128736508808897
243.1223	469.9	0.036799499567974875	-3.5454119039659897
146.1055	474.7	0.16423728289549175	1.6369899450287755
146.0844	477.1	0.04808759085075015	-2.5562264754725295
328.1543	479.0	0.1020640124574326	2.261683359356432
329.1627	479.2	0.1368104693323655	2.0142966244175553
207.0896	480.155	0.10666673743331964	2.0775394885873095
138.0317	480.2	0.94777267230126	0.06862811061553695
224.0685	483.5	0.09073415448913431	2.3892515587253165
187.1689	486.22	0.5526861685654108	-0.6641667430429788
133.0528	490.0	0.4134300784948098	0.8843333211098963
194.0579	494.8	0.15757130331176308	1.6913365972575147
266.0903	495.4	0.6233870029192259	0.5184637349311505
268.0808	495.647	0.19384925863053856	1.464700372672647
564.1115	496.8	0.14221205237396933	1.9788310836760061
130.0744	497.032	0.03087795950244636	2.8172520263265697
244.1782	497.102	0.1253155883827716	-1.9487888597682077
128.0473	497.6	0.0028040140076063904	9.056379140446584
148.0524	499.9	0.5803683193144145	0.5956932034773177
161.0477	509.4	0.25707465191759443	1.372028993534758
257.1052	511.0	0.07822365347892372	-2.44167432127119
109.0528	511.2	0.05524812756416056	2.907936562687979
182.0577	515.709	0.24772335943778273	-1.430862974358109
209.0244	515.9	0.00033317873117009523	7.981597173248567
99.1045	516.111	0.3363492462070062	-1.135103898323952
121.0891	517.7	0.04264375594052939	3.2713278790571394
336.0845	518.9	0.9855786973270365	0.01893107164008799
175.0243	521.4	0.6616433156832453	0.4602100674555064
239.1018	522.0	0.5725082943276996	0.5997541613248023
214.0994	524.7	0.03458880042925743	3.681897719900828
130.0733	527.362	0.061994088033278466	2.2900246341536064
176.095	529.4	0.631103354143508	-0.5240060109012861
152.0473	529.6	0.19765648232424027	-1.6474913850573965
149.0477	530.5	0.25678851104693373	1.3970992287444448
87.1042	530.883	0.39796859770223647	-0.979964724831455
343.1749	531.178	0.10600751297503229	-2.270263323432976
138.0681	531.5	0.02466443799532724	4.192782353382773
152.0473	537.0	0.10169464715036877	-2.1376722933158576
136.0524	538.2	0.28195963992545303	1.2205858208440217
184.0372	538.6	0.0001540363086687278	-8.41408707121792
580.1792	546.4	0.10046034115531369	-2.0266417327943653
111.0796	547.2	0.0039354054974771535	7.135590663058507
224.1049	552.5	0.13760704029437845	2.012538930340195
138.0681	559.0	0.44355550514188913	0.8799652408724686
164.0473	562.0	0.0584373306926152	2.7532424247757854
181.0739	562.3	0.13994208435855648	1.7005171017353122
124.0524	567.2	0.1524353856299947	1.893184727592999
418.1264	573.1	0.02112370574329071	-3.9619814862385807
154.0266	605.5	0.5028695016689704	0.712891615412426
120.0575	607.0	0.00027815413369830776	19.87980046100098
152.0837	621.3	0.03441275490821082	-3.415646262599776
145.1579	644.8	0.3807276695368343	0.9521362344256636
61.0164	212.6	0.9199495050841079	0.10509673439151472
73.0164	212.6	0.45777811499730864	-0.8337622832572723
74.0004	212.6	0.7835510652665542	0.28988184710219494
118.0742	212.6	0.13408739396221822	-1.9342518631953844
181.0739	212.6	0.22796524178194658	-1.492195345856918
183.0532	212.6	0.24927900259745764	1.3742827791070997
187.0481	212.6	0.01404243755832013	-3.641057525946605
191.0794	212.6	0.022914733418084202	3.1609053490853314
222.0674	212.6	0.33144585808336696	1.1451592933592334
197.0688	212.6	0.3523110700867052	1.0191140833176051
133.0739	212.9	0.43445599494235165	0.841295193531382
161.0695	212.968	0.601848249786463	0.5600949117205953
161.0688	213.0	0.3904398149100388	0.9745786129209477
306.144	213.5	0.9344025093490921	-0.08686860621927817
141.0426	213.7	0.3362699072987387	-1.0989736547581785
145.0739	214.2	0.09136928358030856	2.0108993032127738
192.027	214.8	0.1730878639929648	1.775543191401039
235.0481	216.2	0.3578069615428492	-1.003244342629008
195.0532	216.6	0.05076145199276956	-2.4371935054121994
106.0266	217.3	0.054542368027916024	2.8258999533195173
239.0794	219.7	0.43967352883704586	-0.8311162532041454
89.0113	221.1	0.48117875220870276	0.7696733639872603
188.0797	223.3	0.5814335883515509	-0.6102820674033368
76.016	227.4	0.9844633950486635	-0.021113601198218535
175.0593	228.2	0.29797071758957155	-1.1883447893561843
206.0427	229.4	0.23249192576297817	-1.4916172484226105
195.0532	229.6	0.9928369514593238	-0.009543905518221948
351.0954	229.6	0.9614992964980948	-0.05040001329300408
174.0164	230.0	0.9022819274043966	-0.12812553971470506
117.0426	230.6	0.8509714319233141	-0.19866022385886592
253.0223	230.9	0.0034273892958111255	5.278187660035878
117.079	232.2	0.17967642575709597	1.5721053163790677
192.027	232.2	0.7668735401745153	0.3103662659345506
191.0219	232.5	0.5032774606796881	0.7351334895583089
166.0477	232.9	0.7505744984205436	0.333785912183672
175.0481	233.4	0.1549724393451425	-1.7927639583810764
168.0423	233.7	0.9156185178645321	0.11218455842081863
134.0215	235.0	0.4333677020123861	0.8410402565116372
282.1328	235.0	0.14110397221751178	1.834573022520657
117.0426	235.4	1.8753470370258893e-08	-42.28756776090317
234.0852	235.5	0.06412122915073568	-2.855811025002424
304.0907	235.7	0.9377989542732391	0.08138850984693394
180.0634	235.8	0.07206609170569002	2.232241579937179
253.0947	240.739	0.824545252380644	-0.24015756978185238
174.0164	240.8	0.08364612368645385	-2.4674718565988525
132.0059	241.3	0.41676747788533297	0.8914927844241862
130.0266	242.9	0.18344597482007677	1.569806561227682
169.0487	243.4	0.6769313837191492	0.4434970437679541
104.011	244.0	0.5380810190985335	0.6528671394676409
206.0427	244.0	0.8732174612416895	0.16652032408647238
189.0637	244.4	0.6817700140874028	-0.4323897513439458
145.0375	244.6	0.448579985909657	0.822329766848906
198.0528	245.9	0.47994766875956985	0.7755075782928211
90.0317	246.1	0.93562088535132	-0.08628117211234704
145.0739	246.2	0.48671190770053874	0.7476478244513683
113.0477	247.0	0.12099689585820547	1.8343470645371927
139.0269	249.0	0.498177961517018	-0.7463553877601857
157.0375	250.0	0.010023483364172237	3.929689866096873
90.0317	252.1	0.23702830559263877	1.4382401083565852
163.0845	254.5	0.030651205433756466	2.9837778770603265
205.0586	254.5	0.4850656630106412	-0.7615071837383288
115.0269	255.9	0.018546041374289102	4.628694948300406
145.0375	256.2	0.031336145819274554	3.245783434046265
246.1218	257.474	0.7780528507734243	-0.2992610494830484
172.0372	258.1	0.5526772182994047	0.6563348373639862
156.0535	259.9	0.545032193849304	0.6415864573038932
219.0743	260.4	0.1284724664380471	1.927722220698585
143.058	260.748	0.7337997054739486	0.356314996164384
162.0164	261.2	0.0005395808492915184	13.42557985326169
187.0476	261.615	0.7982572309459686	0.26869258281031627
132.0423	261.9	0.7393948284319453	-0.3525548905369318
300.0845	262.7	0.13368748761554458	1.8349038546915557
104.011	262.8	0.28004276216535684	1.192156541957777
158.0691	265.2	0.9565582114332882	-0.05834529260196628
88.016	265.7	0.007138153201100178	-4.418617433203368
134.0579	266.0	0.5698869086560935	0.6265310327035384
365.1352	266.2	0.8303104099625297	0.22509576253790792
160.0372	266.4	0.10564741781301598	1.9591990914752995
129.0426	268.3	0.08268696567720545	2.523158083411273
226.0477	269.0	0.3563872731949428	-1.0156917183533205
104.0473	269.8	0.7044612476622794	0.39795053035927835
206.0427	270.3	0.03952055918118584	3.4691330344789573
87.032	271.8	0.02352748687748424	-3.8495717809400696
171.0895	272.1	0.0009766432417457934	9.991216227623227
133.0739	272.2	0.2509125838452296	1.316694974221315
143.0582	273.543	0.8404742368388349	0.21168937557685188
189.0637	274.7	0.4218945548248286	0.8796959349278436
206.0427	274.9	0.7909530788867585	0.2771683971661113
131.0582	275.5	0.9592096468246221	-0.05332229262511886
130.0266	275.6	0.32822577832119326	-1.0922954527015718
118.0266	276.2	0.17903676639453883	1.5816194298395547
198.0528	276.9	0.34821265004151414	1.026132191565335
160.0484	278.9	0.13459252109461523	-1.9981951073955184
244.1054	279.673	0.3853674920129931	0.9490819962331388
88.016	279.973	0.29552031716943683	1.2097673262155095
148.0372	280.3	0.5714029232695541	0.5994599293899555
102.0317	283.1	0.7160602699623377	0.39305195161134243
104.0473	283.5	0.9496371841801621	0.06684964383913646
104.011	284.2	0.7566152986466385	0.32900450734322695
159.0532	285.3	0.0006097707287359454	-8.344170730239771
148.0372	285.6	0.5543181680990587	0.6267697802085528
168.0423	287.2	0.46847472130242546	0.8143699609171478
160.0372	290.3	0.560432882011772	-0.6428780752149058
190.0954	291.4	0.6938362628488726	0.4198003193261715
104.0473	292.9	0.030824653077746907	2.816889610546693
165.0455	295.029	0.23779643002706163	-1.4694838242089325
143.0582	295.345	0.5718406490401525	-0.6084610490861726
173.0688	295.8	0.955592808664067	-0.05810447413450325
234.0852	298.8	0.4524915921270135	0.8099055579746014
378.1274	299.6	0.07928063150606043	2.613422582781964
157.0738	300.209	0.9100715559333554	0.12178249757916904
182.0579	306.8	0.3663012972660127	-1.0037596981394097
88.016	310.2	0.21926304910163869	1.393877423369267
60.0211	311.1	0.06100072674432683	2.7617794745634026
123.032	311.2	0.4220706937943449	-0.8623714652191131
147.0895	311.2	0.009941163128082303	-5.2893979402540285
303.1675	313.779	0.9540442643809479	-0.060796725568267575
130.0266	315.2	0.7556423948083292	-0.33200712571369606
345.1081	315.8	0.7258081533147077	0.3709539950547021
118.063	316.9	0.6956759398291164	-0.41071261648145313
590.3104	318.4	0.10076082931992755	2.2062387923134823
116.0473	319.1	0.23847821461355448	1.3092009731579197
130.0266	319.6	0.10756472225271148	2.23001106345979
180.0423	320.0	0.9547088243098876	0.05954373971352192
268.0551	320.3	0.8928498384632019	0.14175042681547434
586.2791	320.9	0.8571047221482155	-0.19358338004858183
146.0579	322.6	0.007736509445197634	6.051515390504357
472.1819	324.9	0.9489033068576721	-0.06681037900925976
143.058	328.741	0.805078716810706	-0.26554919624745604
174.1004	329.1	0.031086169754202038	3.831278700257998
115.063	329.157	0.8513843837944699	-0.20035650652179995
161.0688	329.5	0.2735955424466652	1.2180700053388458
127.0633	330.2	0.42297257031197266	-0.8690226140973412
129.0426	330.8	0.10817755791451783	2.12158331498624
258.0852	330.9	0.016553785203692665	4.059657159440149
198.0528	335.0	0.5895581775510847	-0.5932370684296056
314.0638	335.7	0.17694027915202382	-1.5338237176920693
276.078	338.0	0.07438242201960531	-2.3400468054513293
321.0696	339.2	0.11613555501812652	2.134968830300744
212.0321	342.2	0.8420273788008754	-0.20958030891282237
161.0324	343.1	0.5020368517888072	-0.7210002051032536
145.1103	344.3	0.216624460424304	-1.4098322293673615
588.2948	344.8	0.593135129180442	0.564182755577799
183.0532	345.1	7.072017008345263e-05	13.394042552817522
127.0633	347.5	0.30001301503241473	1.1862958503411662
73.5253	347.741	0.10315514752816506	2.113331873180615
159.0532	347.9	0.09603724138291113	2.3881862471340884
151.0633	349.4	0.10677470938396115	-2.2552707236292053
160.0736	351.1	0.9730714717777343	0.0353862800578072
102.0317	354.4	0.8018737413196061	0.27148035357954986
148.0008	354.5	0.1551263962869444	-1.8497270414590725
180.0423	354.6	0.509997305016498	0.7405361511811278
166.0267	355.053	0.8447396661309283	0.20479501944569073
152.0473	356.7	0.0018239552770635214	5.4338908580001295
72.0211	359.6	0.8857711561876812	0.150129166648878
180.0423	361.2	0.8196617345460869	0.24299000048781894
152.0473	362.0	0.9530265340284803	0.06266478737980676
281.0899	366.1	0.5150431991797413	0.713960526213728
137.0477	371.9	0.4142810908961467	0.9116575309038655
280.1042	375.349	0.4331891416253976	-0.8402078350798325
191.0436	375.401	0.1851437363316906	1.5018203193475375
210.0892	378.0	0.7541384676594405	0.3287772457979005
138.0317	379.0	0.7874764662706616	-0.287597631004297
278.075	379.0	0.013002950757404966	4.151610137741611
180.0423	380.8	0.5824810151468729	-0.5955847711530814
152.0473	383.6	0.11627184463407002	2.1811711903797533
166.0266	384.7	0.12266655495265574	1.9976447704382336
165.0426	386.1	0.006309873384804478	6.452365217510761
84.0211	388.8	0.045344122198528236	-3.2762798777813753
180.0423	389.5	0.4431216635576273	0.8438722621490717
86.0368	390.8	0.7185417896368052	0.37890588349590343
161.034	398.338	0.6007776047420343	0.5756799949861532
166.0266	400.3	0.41931331345747724	0.9235229611480439
176.0321	400.8	0.609469584999063	0.5414512377912543
226.0954	402.3	0.5085673085621604	-0.731436463486158
352.0642	406.2	0.10742114380707596	2.2699953594487448
148.0008	407.5	0.07168224382143934	2.187606530832617
172.0372	410.0	0.9635832165295668	-0.048056111923335455
187.0481	411.4	0.2646031156510607	-1.289567981456165
268.1059	415.5	0.9232827250230797	0.10048889365900904
584.2635	415.6	0.6677180206195499	0.4513164725228929
175.0481	416.9	0.7855740157303849	0.28760176263932735
88.0524	417.6	0.9741733931505954	0.03441625954468917
197.0324	418.0	0.6039499760874334	0.5472642720817458
176.0321	428.0	0.715622374386679	0.39507625118510437
131.0219	429.5	0.5587907481852734	-0.6493259711864144
100.0524	440.1	0.25093504587329674	1.2714451860217721
165.0421	440.7	0.4586347995785979	-0.7928096837864999
137.0477	441.4	0.7377352131363921	0.3517990285294456
146.0692	442.11	0.503267124449391	-0.7129362938667508
162.0528	447.8	0.6092541269991529	-0.5412586430862423
164.0473	447.9	0.30128129610703114	1.1528775268707128
210.0531	449.239	0.30210745520206045	1.224265609147021
155.0695	452.9	0.2579088735503039	1.3928855044928876
118.0266	453.3	0.487326710134705	0.7539711448079166
122.0368	463.4	0.952890138786638	0.06255867627641833
144.0423	466.6	0.6876050807836763	0.424440357351226
146.0215	467.3	0.08024348045087122	2.5735239099675855
188.1412	467.7	0.5750063760608319	-0.5932867601308661
490.2203	468.9	0.15144692455567205	-1.906614950853799
172.1099	470.1	0.03430072120715209	3.362393530262378
130.0266	471.9	0.6275467124974079	0.511132382660221
132.0423	475.9	0.25639588727856355	1.3932911273085813
186.1256	480.1	0.03432523311099475	3.301049534301827
114.0681	480.1	0.83974105199059	0.21516768706378497
116.011	484.1	0.24312211257418315	1.4150438490484318
312.2301	484.7	0.041414286087329624	2.973397628461183
212.1412	486.5	0.03726769158175733	3.5804390926198617
148.0524	487.4	0.43014071677498467	-0.8528629164266935
192.0423	487.8	0.568327838230924	0.6034146900161765
114.0681	489.2	0.3305132070430829	1.1517125315747863
168.0423	492.0	0.2421264232881349	1.4484934553026318
264.1031	494.5	0.14795660203389258	-1.8976101136324994
481.2312	499.3	0.9095422762277425	0.12335958756591861
136.0524	502.6	0.08168415497293297	2.572305600962552
186.1256	506.5	0.7798286587791198	-0.2947834467243889
160.0736	511.8	0.18114290837536795	1.7289531176907
210.1256	512.1	0.0051257056238233215	6.44064203844155
116.0837	513.1	0.6546549018903287	0.4868371564151574
278.1154	514.4	0.9861067014254694	0.0182434505901867
144.0423	520.8	0.13084280770859288	1.8302377978903999
172.0723	522.704	0.9718434949602865	-0.03697712588057098
116.0837	523.1	0.10156497564417968	-2.2656371167135303
162.0681	531.1	0.01775556132497381	4.138832688809783
323.2093	531.176	0.5286772609893071	-0.6694545841519476
128.0837	532.5	0.4337417628960607	0.8433980805921756
158.0579	536.7	0.11084558166290785	-2.184547868725956
216.1725	538.0	0.26231000892451134	1.2371795430931278
174.0892	538.3	0.2002408934486438	1.6117419485500897
278.1188	540.3	0.3196294110118933	1.0991661289161694
144.0423	550.5	0.35190142279212094	1.0903925555273073
212.1412	552.8	0.06564872336494883	2.8381821038047
308.1974	554.783	0.41890048140741915	0.9299996619579318
130.0994	556.0	0.24060196036979573	1.4470117649705583
312.2301	569.0	0.16074493172010376	1.72720010348699
165.079	569.4	0.4191090255580828	0.8697469885400841
166.0994	574.8	0.9349934663125958	-0.0862935528210634
332.1624	581.1	0.5298235060164231	-0.7077356613153297
332.1624	588.9	0.4964992019750686	-0.7344412326270635
144.115	589.7	0.2896598560207347	1.165287651220715
336.2301	592.1	0.012375768000612566	3.782153403104109
166.0994	594.8	0.1636324896514877	1.6612490363865
330.1467	595.1	0.16629661383178734	1.6390907406606776
144.115	596.0	0.30313274396947004	1.1625768303980437
334.2144	602.5	0.11368983533100652	2.2108325873887487
313.2627	602.523	0.06655900781155648	2.6651662789872588
248.1412	603.2	0.29050544299608894	1.2585182427628727
316.1675	604.1	0.40136793290518474	0.9058743411606335
214.1569	606.3	0.00020053891237167696	11.40489317435134
336.2269	606.553	0.09883512198717237	2.2360722800889405
314.2457	606.7	0.12883270586169082	1.9583530148913342
336.2301	606.9	0.1277176444521403	1.978515904590507
332.1954	608.071	0.08843459753217328	2.4260180655277948
310.2144	609.8	0.09055697297794713	2.3872913423995663
296.2351	610.1	0.0698389752513734	2.7160059348513945
294.2195	614.3	0.12878113736597552	2.023874254922873
168.115	616.7	0.269333887413698	1.2171498767105513
228.1362	619.2	0.15614988670592714	1.8718199106718891
294.2195	621.5	0.15069279616060124	1.6646850289163186
158.1307	622.8	0.6806911464888665	0.4325921914542993
257.2005	623.189	2.8105172664519956e-05	-15.453665891097963
250.1569	626.0	0.35278302040544174	1.0162856644187388
316.2614	632.3	0.021668364057263703	3.345555452826872
334.2144	633.1	0.11953718778855563	2.1598959268293796
312.2301	633.7	0.11927655205465719	2.1621672992315366
286.2144	640.1	0.10440819359685688	2.1366232459253625
334.2144	640.9	0.11134696508884204	2.235543353583605
312.2301	641.0	0.11188241493961593	2.2295136453227773
338.2457	645.6	0.05774956163434219	2.894335736444494
184.1462	646.621	0.9404702055601963	0.08060868174396417
172.1463	650.6	0.03749662670697494	3.551039610765065
332.1988	651.4	0.44867854649710104	0.8222766786199904
292.2038	659.6	0.25657963253710947	1.2863183076460007
272.2351	663.1	0.051167116240484915	2.745770093313818
172.1463	667.3	0.2155016645168939	1.384542634563836
346.2124	667.427	0.18183149111530603	1.7292701473516978
332.1988	669.5	1.3851557914000699e-05	15.206970959642062
318.2195	671.8	0.044407384683427004	2.6080227993822684
278.2246	671.9	0.05535562240166323	2.54352905450135
334.2144	677.3	0.24149278936082139	-1.3458485793836044
234.162	677.8	0.008924052652578483	4.52646133464831
270.2195	679.5	0.01588738798885443	3.335508797440204
294.2195	685.7	0.08268434802618654	2.368278950611558
258.1831	687.0	0.7075804054717056	-0.4111754702003419
298.2508	691.4	0.10271801273201168	2.3163687504987642
316.2038	691.5	0.004016333729145836	7.89060903942445
320.2351	691.9	0.11280560210505908	2.184682032094051
314.2439	696.872	0.6853298335082525	0.42675795521538035
292.2038	701.8	0.00017701473015113795	8.20482460730841
320.2351	704.6	0.020693800444710322	3.1694492915052854
314.2457	708.0	0.018539481232699533	4.134714595148456
318.2195	716.4	1.4259922579133669e-05	12.978038755748367
292.2038	726.3	0.10655525376859333	2.199827755917067
200.1776	727.1	0.6124817762735689	0.5341355617810853
250.1569	728.0	0.12041792243609102	1.8205470911302952
226.1936	737.429	0.7380657435617194	-0.35176551777730974
276.2089	738.3	0.01520738621536179	3.6411110899840553
292.2038	739.5	0.02306690266647916	3.741633875502072
320.2351	740.7	0.02072133523453717	4.170499115620991
320.2351	747.5	0.9932719060782492	-0.00879575579910899
327.2779	757.153	0.25567168287038883	-1.3436968712434854
278.2246	759.9	0.0871686898972422	-2.4624675347189116
254.2246	783.7	0.047171876465372506	2.9244123836883222
302.2246	787.0	0.6568342724408802	-0.47209540650390197
280.2402	795.5	0.004718164645269499	7.54524614959985
304.2402	818.2	0.014769647858689167	4.823926912095984
306.2559	862.0	0.3452596267620832	1.0288192558689107
256.2402	868.5	0.32347612079639954	1.0986051475538883
284.2715	950.8	0.9891244644519921	0.014268684439459315
