m/z	retention_time	p_value	t_score
247.0252	307.728	0.34257443549790034	-1.1125069124484568
384.1214	368.504	0.3108301772600247	-1.1082985048291714
384.1286	427.875	0.8296112169900787	0.22583962983830905
147.0527	220.128	0.7492784236629347	0.3394930150594744
118.0267	237.245	0.0979276653007589	2.2531886504482044
118.0266	243.828	0.10725851176153958	2.1713242079654957
176.0317	321.949	0.4499250975987665	-0.8208164981674968
176.0314	291.779	0.28407106434433216	-1.276179109160149
149.0505	354.097	0.3224293110456985	-1.1236754293033733
204.0898	366.692	0.12178182627742605	-2.0593140144490563
89.0476	267.097	0.0028094721782745526	5.616339933088469
116.0101	407.228	0.14084601563142585	1.6999956403774301
116.0106	396.899	0.16903069660924464	1.5707165596028616
88.1004	561.866	0.12698762943392966	2.0548335368381565
88.1	525.708	0.02982729147613433	-3.2500125440275505
363.056	372.889	0.47572603834691235	-0.7838039805523385
135.0541	349.355	0.24651394312298786	1.4321775554248939
134.0219	402.531	0.08817667238948944	2.0353825643105887
132.0534	185.46	0.024080829461080894	4.215577205080661
74.0364	361.279	0.12181064556881796	1.8112926300703882
297.0887	271.05	0.2901493349056298	-1.1728700687477758
130.1216	233.356	0.6322900551895423	0.5221177223721891
117.0791	325.935	0.2566807190835231	-1.3974667830947507
119.0583	180.515	0.333767611515402	1.1313762437032537
119.0582	207.274	0.0048016908448170635	4.5536390449844175
244.0697	472.973	0.4285208397557239	-0.8666305598567694
488.1075	170.006	0.03261893706028375	-2.925863648603914
192.0259	390.072	0.6803230686133714	0.43929843511454525
267.0961	477.661	0.3291160073268366	1.1315924103516928
102.0313	305.941	0.4022698157539246	0.9011727291353904
347.0621	197.474	0.015419184357165756	-3.3991232743014566
129.0793	380.95	0.35094804705532245	-1.011200749051977
129.0786	399.66	0.008067751588731234	-4.069842320009054
117.0785	292.978	0.1321638940564806	2.025531424880354
131.1055	247.956	0.6018323772728053	-0.5800355115021405
276.1324	215.112	0.8828478975250205	0.15821809165740025
174.0528	228.465	0.3657044099767417	0.9833149700737256
87.0675	346.36	0.24632451609966902	1.4264554653256596
251.1008	325.559	0.12330194089807957	-1.7921889637006054
189.0628	412.503	0.34865587355008504	1.0196388043985094
154.0278	464.819	0.33386092674125817	1.1049520835209228
220.0853	497.195	0.45564941031485434	0.8425944929061947
300.2057	759.595	0.6253511882943052	0.5171031594526
138.0321	483.492	0.19051191557826466	1.6830645156738218
117.9865	451.46	0.07827783294303707	2.4429190942536865
345.0486	258.598	0.30251588529925927	1.2414975553358767
165.0434	462.28	0.16340462263697875	-1.7246288478188672
116.0956	285.437	0.5903146540108936	-0.5704726246091912
146.105	492.951	0.8524755432617805	-0.19568953866408684
62.0004	243.814	0.18404216153538566	1.5314029167627599
116.011	306.607	0.20219272991645718	1.6094707012751808
194.0583	494.809	0.7297881638305366	-0.36345190693291296
158.1302	644.843	0.18921131438416694	1.5105498138071576
117.079	367.117	0.6741354757293536	0.4439399261416922
129.0429	324.487	0.9411513277671857	0.0789424483386748
129.0426	314.245	0.9351821994836373	-0.08689924863922095
188.127	383.617	0.017762491146485534	4.485571245837948
131.0949	407.601	0.04252787334892052	3.275699927672725
188.1162	359.069	0.20597577633422948	1.5865150332992128
175.0633	501.725	0.14858961854706007	-1.6931654353786043
109.0526	426.664	0.05092489621418372	-2.5424872040498827
189.111	216.805	0.0006461798136533681	6.7846617740857145
176.0685	493.268	0.183852240192933	-1.6441846269929554
148.0373	428.816	0.19531284782002187	1.4593841871905606
129.0899	238.278	0.026181260366358653	3.7886769144154413
236.0797	332.279	0.8024550917095679	-0.2654663233066836
130.1114	345.929	0.39273769944975245	-0.9618412915329487
160.1201	525.72	0.045913505818082824	2.5108226310880424
101.0484	335.117	0.041039886496231644	2.689576004389262
229.0354	154.747	0.4354265966145295	-0.85337571056832
75.0683	255.08	0.18886786870780464	1.6608437891045298
169.0363	418.712	0.17232775313786852	-1.7645414326244222
278.1512	664.021	0.4063116427335315	0.8978700299911919
104.0585	443.444	0.011360236724092549	5.366553770687575
131.0574	257.622	0.721169286361705	-0.375293312520401
113.0475	328.966	0.16591563506530954	-1.619953856187909
147.0533	330.532	0.46410277956653945	0.7817380285361454
498.1185	423.185	0.142853662171795	1.7453334736124513
188.1276	199.745	0.0172183541085923	4.6296933760832095
132.0897	443.48	0.5964161298222841	-0.5691926264669117
145.0733	236.638	0.38076307017226535	0.9745280772287213
127.0629	328.346	0.16924479929662764	-1.6384005375662192
212.0311	229.126	0.2575203459454343	1.2521323276130427
149.0458	428.543	0.34985592483660827	-1.0237834078731858
191.0592	464.338	0.3635360496251458	-0.9895613721567476
191.0624	434.554	0.004487285442940077	-4.87803439848904
243.0846	197.246	0.017872610822558983	4.732707415599511
128.0584	264.006	0.02363650895322369	3.835156558305101
111.0315	383.065	0.8976411910169615	-0.13967497267876466
334.2129	580.061	0.35967479783661044	1.059352294622714
87.0503	514.098	0.5001938182292773	0.7172251120869596
334.213	601.84	0.45968055272951264	-0.7942044536061273
148.0373	270.623	0.009951330354480805	3.7277404095468625
148.037	259.946	0.009391730981085564	3.7668624565360402
272.0903	352.131	0.16368267779811563	-1.7109884982564152
142.0739	361.137	0.5680349631110625	0.6294225338228077
142.0745	287.186	0.06113358741700707	2.415630412862366
228.21	747.27	0.18881984366713656	1.5738694594906666
160.0844	210.68	0.13694149865962613	1.9488637995173523
267.0951	173.154	0.0801287954566053	2.163046230571964
267.0957	209.554	0.25522124042476835	1.3914447663740255
312.2303	531.665	0.15250752872540713	1.9054847113725824
101.1206	552.538	0.41448406532863546	-0.9182353637651872
316.2006	665.147	0.3561791831929708	1.003635431361552
162.0352	463.355	0.9600375566266808	-0.05406831792996598
198.0533	464.808	0.11949540282788768	-1.9352208418302033
278.1631	453.27	0.9841082272266677	-0.021000955565216754
126.0313	505.375	0.0006204547352575147	6.530639036966883
147.0528	264.236	0.4304475881708981	0.884837948250318
193.0402	288.389	0.5847512730190906	-0.6066619106616407
332.056	297.763	0.01243805891476308	-3.969971874312777
166.026	362.039	0.24199891071141366	-1.4391600953334407
73.0893	491.772	0.3871827047152174	0.9889125910316607
294.2199	687.517	0.1150286715694407	2.106494895720826
314.2458	591.852	0.25571013276233107	1.3922201413525592
314.2453	615.341	0.2624118579878576	-1.2600800114361634
312.2307	680.638	0.8464766612066786	-0.20299286059961996
330.2403	514.1	0.3065446102859948	1.142678636729754
175.0479	318.294	0.17944979129695324	-1.5853347712390036
240.0091	296.401	0.28087264378300014	1.3053939716600516
240.0088	248.944	0.8257897771632745	0.23012173107318618
240.0105	315.305	0.27683519992350025	-1.2192465644278248
240.0088	514.043	0.9118172404949821	-0.11608687796847116
240.0085	260.414	0.3941248789552205	0.9330693408819045
146.0583	287.416	0.08900583986603944	2.401336570325067
292.2037	637.688	0.9172506238700188	-0.1084371694826051
294.2199	614.682	0.42784372519067404	0.8657725595599494
264.2095	743.435	0.7854797209031403	0.2868062302580259
183.0649	546.375	0.20343754030936578	1.5197210556111933
199.0596	492.45	0.07106884890929305	2.3853813579957266
168.1141	617.026	0.010838518738132134	4.6336930809783405
242.2241	788.308	0.9434978660744946	-0.07421308737740913
263.115	265.311	0.19460962428163098	-1.6633043615287673
146.0691	194.544	0.018447712879587342	4.415345200287205
252.0629	372.701	0.05138007968882217	3.135276029742288
170.1306	645.841	0.026161871423616402	3.01208289992387
296.236	659.36	0.42421700599869805	-0.9045187279012092
312.2262	599.016	0.861262141483856	-0.1827731534515949
312.2293	632.764	0.7013660384335039	-0.41415484587547896
133.0371	255.457	0.6833886435996298	-0.42831891306559494
87.032	362.361	9.663884189975248e-06	16.318828482405262
160.037	350.468	0.061105480095752354	2.485853852830957
173.0686	250.964	0.016826845744824508	-4.233825196085092
180.0636	416.177	0.0025287455506956564	5.1630891347614245
180.0642	388.88	0.7635945237386473	-0.3154434521738598
180.0639	401.395	0.5785802938218736	0.5871889215830564
180.063	240.714	0.22504335156255553	1.3785140275918097
180.0642	416.97	0.03439291600775642	2.992476519129243
180.0644	261.946	0.4709260350284031	-0.8206790416715805
113.0472	375.723	0.5662030517048957	-0.6217624677377329
100.0523	440.466	0.030352938410737676	3.2970133853518813
280.1055	219.612	0.023544583227937337	3.037156868112657
172.0844	270.426	0.2660155655619797	1.3472472272479508
147.0532	311.418	0.5927415394007758	0.5690753696735015
175.096	289.241	0.39297802253792546	0.9671278699431105
228.1473	379.45	0.00565708974621497	-4.283938512961711
262.1317	404.522	0.9580755683004183	-0.05599901750039579
172.0844	288.056	0.18466421440374403	1.7028121177586844
262.1299	439.87	0.2972428653557764	-1.1483636160681918
212.1162	324.223	0.04630788358251062	-2.9340962191953865
160.0846	249.203	0.09856469692038337	2.013002927961757
217.1431	451.459	0.1262313497697802	2.101533664989122
186.1001	294.329	0.2678111467722183	1.338906849746639
188.1167	320.387	0.26831707031854884	1.317456383564463
246.1011	453.706	0.8896164128903115	-0.1452787087607573
279.1199	289.392	0.7221337764895666	0.37790957149625626
295.1157	483.684	0.719707789869273	0.38905711290231304
262.0783	201.873	0.5747410565141329	0.6183168988185457
246.1213	328.732	0.0022808114295812545	-6.824085391671873
296.1014	499.58	0.4672203767888886	-0.8282485814635532
566.1461	340.553	0.06595844059289437	2.3994457517900587
217.1062	201.98	0.4604158481605977	0.7920361641992693
275.1107	182.191	0.061523106749921445	2.882570161861047
203.0908	187.229	0.3433705846966308	-1.0640858661508126
274.1646	393.375	0.10833043226926757	2.1766486421541718
247.117	172.858	0.027512428448719022	3.918342334398235
276.0951	197.392	0.31748310655192125	1.1387364993602436
260.1371	319.847	0.2531564022389044	-1.4106637510285251
234.0846	190.048	0.13678943159370377	2.010082059040744
246.1209	266.449	0.10620664538185129	-2.2663793265897154
203.127	442.529	0.14827052382320927	1.9346537976024585
222.1016	331.209	0.43798696371555007	-0.8893228904077058
162.0657	202.337	0.11853810619201098	-1.8423776341218556
176.0805	222.875	0.8608969036501999	0.18647549378142633
226.1066	467.957	0.3702680980706825	-1.0339369571140309
284.1115	434.892	0.09617796843517992	2.2054047722135643
252.1204	503.684	0.06615044191552362	-2.822584510158879
242.101	430.596	0.2464135373586213	1.4043665700363384
256.1171	445.093	0.9383035433826077	0.08129344948026453
244.1785	451.214	0.5460838199489111	0.6543862120484527
232.142	308.406	0.4621270671722802	-0.8165660725751551
246.121	296.154	0.022858737382163426	3.320075415311944
244.1785	445.065	0.5460838199489111	0.6543862120484527
218.1268	290.52	0.6205022211781288	-0.5425661126513609
217.1428	445.77	0.1097741024877974	2.1376639709961758
203.1271	433.201	0.14324840904777464	1.9694411062273116
259.1898	518.802	0.2404969875098809	1.4330515458403272
243.1587	467.84	0.275788994118003	1.3259870882635918
245.174	488.298	0.40112538771214135	0.9608678602362544
220.0853	307.526	0.60902442691142	0.5485866483369592
278.163	462.606	0.5134831039087128	-0.7154348659829348
266.1258	323.779	0.09424967531223272	-2.0964259058364734
186.1001	310.003	0.6278775311683423	-0.5131090071563625
271.1646	392.553	0.34204264375783267	-1.0359752337657668
229.1056	230.502	0.1773320694811817	1.689237314920865
230.0913	263.123	0.8582304788450622	0.18752289237539704
244.1056	272.538	0.16215896217721457	-1.5949744439899063
252.121	518.224	0.24018650725803778	-1.339990589009217
243.1591	485.581	0.8865066431625312	-0.15415932892271417
246.1043	379.444	0.030748849307735124	-2.8138480799174985
202.0944	258.482	0.6097276984766783	-0.5418304652072129
216.1106	262.377	0.8081173352565766	0.25889307055794075
214.1319	382.805	0.3440959439757891	-1.051189568483776
176.0787	217.029	0.6498199261617955	0.49480366209557786
242.0997	447.287	0.0023598963445181013	-6.1689222096701535
233.1369	416.749	0.19714080878845183	1.450846741810304
236.0793	245.4	0.6743646046192675	0.4494086530976946
233.101	184.447	0.42085685085879476	-0.8855850358847934
234.0849	196.734	0.18005135508852288	1.737486895144275
232.1422	328.61	0.02116757082493563	3.2185000638641488
247.1537	431.156	0.8825590955646366	-0.15502721239620795
250.0988	298.323	0.15021610404736838	-1.6892264107097616
216.1105	258.699	0.896243756346907	0.13726757251742416
220.1063	212.793	0.33431764662750296	1.1289760987627853
317.1735	435.585	0.15040375554309302	-1.6886884444218315
268.107	500.043	0.32757308090753134	-1.0892204160742687
204.1122	252.931	0.1501591706700119	-1.6895424946522561
216.1475	371.468	0.2404753812994505	1.4596690450036993
116.0838	503.912	0.11175784186321994	2.0980513023662515
146.0692	246.387	0.21316117664340414	1.5756884132132365
259.0457	148.0	0.05171351133372089	-3.111131359012905
211.0358	149.6	0.01416727345332559	5.113030879620932
199.0246	150.0	0.8321572583248408	-0.2213555452305415
153.0096	152.0	0.05001816319712989	3.135373404374886
215.0559	155.0	0.9623321995193195	0.050047881190538455
169.0045	156.0	0.4562664922558426	0.8023071442778352
246.0959	162.033	0.22249834146985614	1.4485273634466338
195.0743	163.0	0.010141798575803551	5.702872588923564
178.0412	163.4	0.05418079240824687	2.7849159013558618
261.0307	164.3	0.004558957100696156	4.441986754866879
332.1332	164.9	0.5348847619992927	-0.6676266541801248
307.0838	165.4	0.13378013767953992	1.89361749087733
302.1701	166.215	0.13195653039209115	-1.7978231505012443
167.0255	167.021	0.43944708940391575	-0.8570309954948387
274.1277	168.7	0.021559532549044597	4.250129886248003
323.0519	170.0	0.008772686870370793	-4.773441660215782
238.0627	170.401	0.1153965740129084	1.958482942758515
283.0917	173.4	0.13804921219032612	1.9981603670632233
380.0733	177.1	0.008308164894116992	-4.086869233080431
335.0631	181.8	0.032046065018350396	-2.9011139814814406
162.064	183.219	0.003923643568116072	6.694565042554783
231.1349	183.34	0.15016567006870682	-1.6895087453481599
275.1593	184.118	0.15027008703531838	-1.6890214338797258
173.08	184.3	0.00975597042380854	4.696111856784396
284.0773	187.1	0.7862486642887951	-0.2841911485118613
163.0481	188.0	0.725986761038657	-0.3803815699296244
174.1117	189.0	0.03857691539199486	3.328577665437421
190.0954	192.9	0.006604558246053121	5.734671404610865
151.0303	196.2	0.7562084948394886	-0.3326333717621503
177.0637	196.3	0.2233313003043212	1.4814508565504676
87.032	196.5	0.6420224709714055	-0.5019916103262506
727.208	196.8	0.32838728374866916	1.1265347519041329
347.0631	197.1	0.01850776090427097	-3.24369250922992
276.0958	197.3	0.11322442343576877	2.2016557328214974
163.0593	198.3	0.9755663153621585	-0.03221972208323093
204.111	199.8	0.03307802781222901	3.006786060727826
188.079	199.851	0.625934017164598	0.5173348603157872
146.0691	200.0	0.06035505074579608	2.50592978151171
175.0957	200.7	0.39793796698835465	0.9631117450254613
267.0968	209.6	0.23924501390472308	1.4530096889023425
105.0426	211.2	0.03953856906541357	3.0876504073801385
165.046	212.0	0.2638817658155102	1.324926994173144
234.0852	212.4	0.8534321927900669	-0.19777688164810167
190.0954	212.5	0.17066907534946243	1.599506824230623
232.1059	216.3	0.0772483927309214	-2.2709195211847804
147.0532	220.1	0.8213193637430263	0.23825662171921913
218.0903	220.3	0.20762927668848585	1.5607258522191674
133.0375	220.7	0.6845146872990162	-0.42718791824173613
289.1274	222.1	0.021020537701540203	-3.4675962411700803
131.0582	224.6	0.3405439342434666	-1.0484118860733787
147.0532	229.8	0.19592714501383696	1.6157851753364196
427.0294	230.7	0.26050126309034943	-1.2431078378293114
287.1107	231.462	0.24494661147811544	1.4397988338484569
271.1646	236.148	0.8559913340995506	0.19278666968588223
245.1747	236.459	0.7541783349772473	0.32858212771530837
119.0582	238.3	0.003192146768385586	8.072137591777144
141.0426	238.3	0.021436497139250763	4.077718170520857
161.0688	239.3	0.17548261143042435	1.6777952681204698
188.1161	239.3	0.0001451979405160592	9.334848689620236
114.0429	239.7	0.012556303560114999	5.209040640650946
147.0905	239.877	0.016601326455537493	-4.463041473484398
133.0739	240.115	0.07578210187739	-2.1844107352629263
61.0528	242.2	0.6848608358086732	0.42798532613207996
377.1335	242.3	0.1498913501303576	-1.6909633785876876
144.1375	243.289	0.19572111756903518	-1.4807323859891939
229.1058	243.379	0.39072899842521147	0.9714681594903032
174.1004	243.9	0.11041524097487719	1.8809610758501336
197.0688	244.8	0.2174678491305388	1.5452138514799791
199.0957	244.9	0.433776170611675	-0.8387093752158713
243.1217	245.545	0.41839249535246337	0.9087246664762624
237.0862	245.6	0.37703921042011984	0.9878900677217001
105.079	246.4	0.2097491222870426	1.553197301795401
346.09	246.5	0.769173123953173	0.3087454508986745
427.0294	247.0	0.010218307040092056	-3.9168855610640447
363.058	247.7	0.30030772984576837	-1.2220115005645156
160.0848	249.3	0.1759914307682784	1.550434182365105
433.1362	250.2	0.04973442996652873	3.060860029331594
119.0582	250.8	0.00042800898466821205	7.158887606784014
204.111	253.3	0.15009963127759576	-1.6897713089361759
103.0633	255.4	0.9990698182409845	-0.0012168390445502783
131.0582	257.6	0.20564773091664762	1.4232486409049891
119.0584	258.352	0.0001893842808014603	11.44354518057687
224.0797	258.5	0.1500982570754929	-1.6898743419817954
232.1059	258.6	0.14993300171560078	-1.6905916467952888
174.1004	260.7	0.2016243531636999	1.5217757388506592
346.0863	260.756	0.9677331119911228	0.04219901299714207
216.111	262.2	0.887699240920047	0.14859447766578784
434.2311	262.2	0.013212043045360443	-4.284216334623778
230.1265	268.759	0.5224307663494763	0.7057919149774021
246.0861	269.362	0.3004408114526453	1.2207615602251807
147.0904	269.499	0.051078326288552	2.7622176131014933
217.9885	270.4	0.48266497490621296	0.7488617945412749
174.0641	270.6	0.24885033663410489	-1.352465432938848
180.0899	271.4	0.27550726138469545	-1.2651439336474049
119.0582	271.7	0.7140192133221288	0.40240418527717203
132.0059	272.4	0.4384048925883416	-0.8306020663395465
266.0903	272.6	0.15001731539589128	-1.690252949556734
131.0582	274.3	0.14643126440190693	-1.7020995973605073
89.0477	276.3	0.20491123768840658	1.6046280025955784
259.1532	278.8	0.15012340743840064	-1.6897779999061195
127.0382	280.3	0.13872353300438012	1.9449456567834866
254.078	281.1	0.17846266503378827	1.6806826514443816
117.0426	282.4	0.1415128834673185	1.9836396867781416
283.0913	283.135	0.1521453929398372	1.8534288320241021
158.0691	283.4	0.6301564605215115	0.5340889429051463
161.0688	283.8	0.03811769028894878	-3.5431656090561665
244.1426	283.917	0.1850669415232621	-1.4983156568522222
183.0532	284.0	0.04099207037486679	-3.443090887617211
119.0582	284.1	0.19817150755077034	-1.6154791291802317
300.0845	285.2	0.1278694637026109	-1.7659709303615254
278.1271	285.718	0.020148831518173305	-3.7269463987203477
59.0371	286.3	0.223113601961202	-1.358698078076997
200.1527	286.942	0.44421627852975754	-0.8248650150320114
155.0219	287.3	0.15008686188646378	-1.6899382097791524
110.0484	287.527	0.19895532302772792	1.4728175744814889
193.0375	288.5	0.5398494725339844	-0.6801227251905135
252.1211	288.933	0.15013709239173598	-1.6896852712189072
194.044	289.1	0.010326901124066335	-3.8339167317002443
114.0799	289.155	0.14357365360853883	-1.7677673501673827
218.1267	290.6	0.2978637265429138	-1.1397472851411474
175.0837	291.551	0.1435740051913598	1.9596729673714182
147.0532	292.4	0.6523185883991002	-0.47471733826610424
189.0637	293.0	0.31904366484410795	-1.1704397242160043
328.1543	293.2	0.16557608346754493	-1.6533168036418684
243.1217	294.53	0.037224531586278614	3.1852375586359254
638.1119	294.6	0.6379140845527926	0.5041430560059523
328.0794	294.7	0.9922854348728909	0.010097690882848714
329.0747	295.2	0.18974686292916051	-1.4800014247206525
188.0797	297.7	0.17635524596645996	-1.695964221811347
75.0684	298.4	0.3496615033893341	1.0162562748273538
282.0344	299.5	0.09632884125193536	-2.0142166329358995
146.1055	300.3	0.004903989952503296	-4.35492633600496
145.0739	301.7	0.17239387402243234	-1.5787970037268217
306.074	303.1	0.0007071587999748102	7.231180981376805
252.1213	303.872	0.15011974189702063	-1.6897762892058423
101.0477	304.0	0.053160689465982264	3.038392358597274
73.0528	305.8	0.01484899257386006	3.4866220343473358
145.0739	306.0	0.6528353003196218	0.4776519787846116
151.0494	306.2	0.36772977074579627	0.9741653460450744
165.0426	306.3	0.0028838193733066926	4.870926681681815
360.1321	306.4	0.5799265840632977	-0.5983903836062097
330.0951	306.8	0.7816857695525814	0.29570886647936423
286.0735	306.877	0.19676817931023693	1.6156747326783703
446.0604	307.3	0.8968096824150859	-0.13828430143348946
221.0913	307.6	0.00022324427772363347	-8.982672358106392
117.079	308.1	0.04453648744465863	2.780074247251912
87.032	309.7	0.0027395294677433884	4.893854240232352
245.1377	311.609	0.8005557162345912	0.27169675165865237
226.0589	313.318	0.14214359013423286	1.8613700640340625
103.0633	315.6	0.4847134575414078	-0.77589991057769
216.1103	315.81	0.4961197590292534	-0.7351039655193534
89.0477	317.0	0.7263766807480101	-0.36823052817601043
230.1268	317.067	0.7969319266968473	-0.27428510483754076
129.0426	318.0	0.7529063652186125	0.3398087231803236
101.0476	320.194	0.032164784249846826	3.292717021675926
314.0686	320.754	0.005635801177802362	4.2743089574700575
136.0385	320.9	0.4610522181058088	-0.81091443100969
135.0354	321.1	0.21747159783785672	-1.4327494177280884
244.1059	322.706	0.31235891638586066	-1.1727657928038815
259.1528	323.789	0.004435624012549685	-4.4277696622071865
293.1384	324.546	0.12548040296044335	-1.8063102827544388
87.0684	326.3	0.2637298920380871	1.2376224341595852
259.1208	327.6	0.41121623179168015	-0.9369865732821507
187.1689	327.776	0.036063422089275536	-2.6978548523264627
243.1567	329.378	0.5020594828407691	-0.7177573511100785
153.0426	331.1	0.1218810598556367	2.0105391142035263
222.1004	331.1	0.004650695453991751	5.543977932404946
131.0582	331.4	0.12167955201494819	1.9096394304534359
232.0042	331.9	0.3558135992793231	1.0035590254831033
237.0862	332.4	0.9255072127050754	-0.09922233094176956
115.0633	338.4	0.0037534339426811185	-4.59202316238616
230.1267	341.371	0.04391131988674685	-3.3218000789625335
206.0412	341.472	0.7915285215309849	-0.2765814252956886
279.1206	342.566	0.15026182414175346	-1.6890289235331368
562.2144	343.7	0.2700138303685782	-1.3491379160183157
260.1376	346.806	0.2155475442348609	1.5585085940163002
101.0841	347.0	0.15534460340280148	1.7195768394810913
426.0879	347.7	0.00984106194391757	3.7250648778870135
125.0951	348.287	0.021230972768040736	3.4789618972672622
198.1368	350.3	0.40896872295582976	-0.8879063024563488
640.1428	351.3	0.3841794265675449	1.0061408190663355
642.1432	351.4	0.28115583808079464	1.3075653632968234
70.0531	353.3	0.22163991583377501	1.455615789110367
117.079	353.8	0.03474337460366173	2.943577093346622
234.0852	353.8	0.6004108301423681	0.5701784226206513
139.0382	357.1	0.3649918280308748	-1.0254625840973803
103.0638	357.806	0.16153548285178876	1.6546011356314207
73.0523	358.34	0.39822478652612014	-0.9477582792608161
112.0273	358.5	0.21639562081287125	1.5611953494325335
433.1129	360.5	0.15016206112974512	-1.6895407859670606
302.0427	360.7	0.4437432975956734	0.8211298444490467
214.1319	360.794	0.20351289706092385	1.6052162877389442
266.1273	361.149	0.1228784336683855	-1.7957389277530655
208.0848	362.0	0.725044384680477	-0.3754243041616852
153.0426	362.1	0.8333270520880439	0.21982214263175734
246.1328	363.4	0.12734874891484607	-1.772056176201001
188.116	366.038	0.20597577633422948	1.5865150332992128
304.1383	369.5	0.007009206987695047	4.680560338043077
210.1004	370.6	0.021465690493366763	-3.368537850366362
114.0317	371.2	0.07228309177572796	-2.2444321519971506
248.0562	372.5	0.2180582180574458	-1.3837186822349294
279.0968	373.1	0.0551627699008099	-2.9136228563414397
70.0531	373.2	0.7041639667417369	0.401359226372315
70.0531	373.9	0.13462553768721358	1.868336793523584
222.1004	374.9	0.9568521258359527	0.058275612405966924
300.0845	375.1	0.07829279466989636	-2.357133848180289
228.1107	375.207	0.4000723872310812	-0.9583917315978658
187.1208	376.1	0.7733594138246059	-0.30258794759116286
212.1161	376.849	0.07692024945053366	-2.4805017620727057
230.1273	376.909	0.0020077017208847336	-5.20479476823733
195.0895	379.8	0.07984557170572691	-2.3584131107635566
300.0841	379.841	0.0037239070044516754	-4.62755676527788
337.1162	380.091	0.0011463191634455186	-7.139980911549242
167.0582	380.6	0.09252581175581602	2.0537674240081008
151.0633	382.9	0.15014274706384345	-1.6896102275800586
381.0686	384.3	0.4818314011170149	0.7626026770706966
186.1005	384.541	0.33554289300677276	-1.0505484430457668
126.0317	385.5	0.4775652706856189	0.7962364052194633
231.1337	390.266	0.6653419044898063	-0.4576260088261692
208.0736	390.5	0.25813115430691014	-1.3344416912092876
190.0954	390.9	0.08272626516330778	-2.3920559438455435
593.1461	393.361	0.923791349437461	-0.10097133880351203
165.0426	393.4	0.34076895630821696	1.1163312749839676
594.1585	394.2	0.7119171265363007	0.391313168080603
73.0528	396.0	0.12657015513284042	2.000442401328266
123.0661	397.698	0.121027363857258	1.8997556831047728
212.1162	398.97	0.19072489954727032	-1.5349787650992441
151.0633	400.0	0.009589411920247122	-3.785473170810691
286.0477	400.2	0.2867443127828799	-1.2311783761017863
101.0841	400.353	0.09211207768599544	2.071468694926006
142.0263	404.841	0.5397364462624437	0.6541220491000584
228.1469	405.602	0.6876500649924389	0.43462280731638675
396.0151	406.2	0.41784482432445874	-0.8779225813691404
326.0994	406.288	0.02652034004696567	-3.3822926017070967
131.0946	407.6	0.0768150811907984	2.590915997412532
126.0317	409.3	0.27205415258695115	1.2359527889146318
275.1486	414.09	0.34766186604950317	1.0948392072987752
159.1259	418.8	0.0222113303478264	3.355421425023977
240.0238	419.0	0.8575815942980662	-0.18849360740972454
162.1004	419.2	0.0002898682131003472	7.54359290869219
243.0855	419.2	0.17974522230014053	-1.5671970911439654
340.0794	419.2	0.26604814853956704	1.2263280613727552
480.0904	419.4	0.808223007918997	0.2567326470315731
281.1111	419.433	0.4053970241215749	0.9485981395645551
255.9984	419.9	0.2480047326178976	1.4184360641549967
523.2054	420.1	0.15046138573539194	-1.687927085532595
139.0746	420.4	0.6685838314818444	-0.4720996608076354
259.1169	420.8	0.12260161617421833	-1.7976201946929429
277.1487	420.82	0.941676691596631	-0.07831274657640819
203.0903	422.138	0.1920535747835261	1.6161813933975306
228.1466	423.384	0.8772678690849504	-0.16245031042243316
179.0946	423.5	0.12578490380748397	2.0695638597500725
286.0477	425.4	0.34153153145866133	-1.0411503669474445
283.1281	425.4	0.792318970590083	-0.27566637552174694
286.0477	425.6	0.7847237085660747	0.2945037720773416
126.0317	428.4	0.9337078217838992	0.08851307178034969
135.0694	428.631	0.39868944756072666	0.9767944192804389
127.0633	429.743	0.07706441033404059	-2.3121384195116255
168.0415	430.087	0.8769159350584554	0.1616190585442068
168.0423	430.1	0.5971404328396344	0.5594341999074148
121.0528	430.7	0.11383771654684983	2.206665701735733
284.0768	433.078	0.3283674677471644	-1.1293611028103399
114.0315	433.713	0.5937544098579656	0.5636452024692278
151.0633	434.7	0.6061937612582694	-0.5441362632783423
162.0351	443.2	0.9302654530974741	-0.09383278725511089
217.1426	445.8	0.13270418572582862	1.933633892725975
114.0315	448.277	0.12963314751167504	-1.7560181706451476
228.1471	449.883	0.25562241849392875	-1.2786778846727536
217.1426	451.5	0.04894846588384091	2.882766870141637
245.1379	451.706	0.1559121189490097	-1.665639040998548
73.0892	452.983	0.8833965262651812	0.15312320515784747
132.0899	456.2	0.0838755344953432	2.475379598053601
151.0997	456.4	0.1500393985367197	-1.6901565598556978
124.0524	458.4	0.7453479069960469	-0.3417666851956424
195.0895	459.5	0.15026964416156835	-1.6890007020159852
413.2626	461.935	0.15013509073056458	-1.6896868639724207
246.1029	463.556	0.1501418490990866	-1.6896509066367658
154.0266	464.8	0.22655490053511426	1.4982082189815618
153.0538	467.2	0.443242378910281	-0.8330181435265649
203.1273	467.577	0.3105696053010489	-1.1082069898106743
256.1099	467.6	0.363414457320692	-1.0514018737100077
189.0427	468.679	0.1630212634215345	-1.7106340080733644
576.1479	469.4	0.09420135163452917	-2.03922563261377
243.1223	469.9	0.7896433033125854	-0.27974969541776257
146.1055	474.7	0.08168353158350657	2.5630025087348254
146.0844	477.1	0.05577196504132426	2.7873654549074844
328.1543	479.0	0.9671180787795873	-0.04297506203233273
329.1627	479.2	0.29718633401267547	-1.1431557283985037
207.0896	480.155	0.209121201990697	1.570543873979037
138.0317	480.2	0.5185838866457722	-0.7285881580825871
224.0685	483.5	0.345914903913771	1.07208484615555
187.1689	486.22	0.42457502789539747	0.8586150065989826
133.0528	490.0	0.08201619009731424	-2.230328537518475
194.0579	494.8	0.7948406258433218	-0.2733073068217628
266.0903	495.4	0.7537512490948939	0.3284560003026319
268.0808	495.647	0.572978912748276	0.5971661809047185
564.1115	496.8	0.35162581118660546	-1.080199038021679
130.0744	497.032	0.7870802273174564	0.28530812811457057
244.1782	497.102	0.15029811572212695	-1.6889704203477762
128.0473	497.6	0.4394945521874804	-0.8660653363328759
148.0524	499.9	0.37553599759607337	-0.9923433679473018
161.0477	509.4	0.06792138366559988	-2.231446227049376
257.1052	511.0	0.15019731125843275	-1.689496459970961
109.0528	511.2	0.8101662382334591	-0.25282873917000825
182.0577	515.709	0.10459412916250724	-1.9133007616458826
209.0244	515.9	0.010338726416863984	-3.832430592928178
99.1045	516.111	0.3041018377520375	1.2344621528559974
121.0891	517.7	0.28828781637418993	1.285128797146338
336.0845	518.9	0.14937787833897662	-1.883129570704251
175.0243	521.4	0.5067745169531859	-0.7063525604834259
239.1018	522.0	0.03552487026840837	-2.8650623067758967
214.0994	524.7	0.43094966311889077	-0.8566456758192267
130.0733	527.362	0.038455211729981405	3.3766604729387484
176.095	529.4	0.6318909551089033	-0.5060313748379673
152.0473	529.6	0.46579991443547775	0.8263095486637839
149.0477	530.5	0.14935840136392262	-1.7540372064948841
87.1042	530.883	0.08749838309446947	-2.0625607726690545
343.1749	531.178	0.6490945250870157	0.479921947609139
138.0681	531.5	0.10886819452812613	-2.242971144730393
152.0473	537.0	0.121776453354083	-1.842695722002944
136.0524	538.2	0.7633098567060853	0.32433168110866895
184.0372	538.6	0.8992482135618787	0.13207117858316028
580.1792	546.4	0.05965828340937047	-2.3753994128073637
111.0796	547.2	0.7566966404575326	0.32755144752054144
224.1049	552.5	0.49368749346028296	-0.7322388671616324
138.0681	559.0	0.09329571021169258	2.408354564302292
164.0473	562.0	0.1009077574742609	2.1725717911155322
181.0739	562.3	0.5209351409630796	-0.7147107165541069
124.0524	567.2	0.36983220410385204	1.028767148601172
418.1264	573.1	0.11338464037601854	-1.910491935911948
154.0266	605.5	0.9806944783831193	0.02527177656750721
120.0575	607.0	0.20842426348883222	1.4218436678085837
152.0837	621.3	0.07031608381914917	-2.3067667651757118
145.1579	644.8	0.18958966523668694	-1.6900526000210043
61.0164	212.6	0.6754118254038983	0.44993070406088664
73.0164	212.6	0.02622290255712527	3.687275522335895
74.0004	212.6	0.20713433468435535	1.435960395530083
118.0742	212.6	0.10500102937822049	1.9760868990712397
181.0739	212.6	0.1749529691878029	-1.5775800108123443
183.0532	212.6	0.22350350530855012	1.418212274004691
187.0481	212.6	0.6963229937625878	-0.4101767033735673
191.0794	212.6	0.21084312963677973	1.498432984979727
222.0674	212.6	0.36963446775452324	-0.9904113641373726
197.0688	212.6	0.9418095979053485	0.07665521583429137
133.0739	212.9	0.7691425360785301	0.30804223729158214
161.0695	212.968	0.5712109115080481	0.605425245065164
161.0688	213.0	0.9785978366876047	0.02799316875077636
306.144	213.5	0.21247387646138355	1.4742876979867634
141.0426	213.7	0.3163823599392637	-1.1394381135420628
145.0739	214.2	0.41953522289918443	-0.8845668743193462
192.027	214.8	0.5102724643875937	0.7097028199444965
235.0481	216.2	0.6029773895296999	0.5550410470101369
195.0532	216.6	0.3094082129100314	1.2097915571282996
106.0266	217.3	0.09106069612559095	2.4526466061406698
239.0794	219.7	0.37059978900490326	0.9837059177470557
89.0113	221.1	0.8425550669624793	-0.2090152956406658
188.0797	223.3	0.9294082096045613	0.09239880500758417
76.016	227.4	0.14883701493263993	1.6558264990269738
175.0593	228.2	0.44005581462074644	0.8608032748628527
206.0427	229.4	0.3835690491198421	0.9421234076517275
195.0532	229.6	0.10492528805744211	1.908589624022063
351.0954	229.6	0.2235380463240411	1.4585646961723648
174.0164	230.0	0.5598868604826136	0.6225128921666294
117.0426	230.6	0.8697692671185604	0.17414151536038736
253.0223	230.9	0.7066878452730376	-0.3955497776180014
117.079	232.2	0.5812290194837348	0.5828509382358603
192.027	232.2	0.37489589570187953	0.9923269700211692
191.0219	232.5	0.9135190921622078	0.11328514794799747
166.0477	232.9	0.005775725182921197	-6.669223583092521
175.0481	233.4	0.5806468837743446	0.5852371806749809
168.0423	233.7	0.39181947874577266	-0.9265073332244129
134.0215	235.0	0.08942984829154517	2.0460822804283816
282.1328	235.0	0.651557817951183	-0.4956498798895905
117.0426	235.4	0.8743120932839361	0.1654139242897458
234.0852	235.5	0.18770544237647013	1.4957620406777912
304.0907	235.7	0.5811901856598887	0.5903742636287918
180.0634	235.8	0.08677919002648356	-2.434378963362221
253.0947	240.739	0.45215407923276635	0.8195586655558392
174.0164	240.8	0.24991045475365475	1.2765400411349097
132.0059	241.3	0.9040350065391569	-0.12748580005752433
130.0266	242.9	0.23975933940876396	1.3072150118594317
169.0487	243.4	0.03114504440325512	-3.5579417950453753
104.011	244.0	0.40152832918884984	0.9428610479126253
206.0427	244.0	0.33007854113557855	1.1240144269816066
189.0637	244.4	0.2825286821567965	-1.3035101101799982
145.0375	244.6	0.6502921589967308	0.48134304198558603
198.0528	245.9	0.09125331584710043	2.009229290529176
90.0317	246.1	0.15611645032957985	1.8228233453177842
145.0739	246.2	0.12743409044552775	-2.0272172274366955
113.0477	247.0	0.39591983238282696	0.9149727631680682
139.0269	249.0	0.910683516157665	-0.11707738762617367
157.0375	250.0	0.8088527720907549	0.2532513798531791
90.0317	252.1	0.2029815083935246	1.6000405538453453
163.0845	254.5	0.8538868535263333	0.19236667527490064
205.0586	254.5	0.06374537532224135	2.3979541489846103
115.0269	255.9	0.854418010390257	-0.1921126175018128
145.0375	256.2	0.9105026310058789	0.11727642991375307
246.1218	257.474	0.06183677066775111	-2.4945773797040376
172.0372	258.1	0.3247373639388929	1.1655816117337947
156.0535	259.9	0.9541897944420212	0.0600563385307043
219.0743	260.4	0.4471818424608521	-0.8697919261683864
143.058	260.748	0.20360437524503344	1.4735025303806233
162.0164	261.2	0.37115915047634035	1.0024658193635405
187.0476	261.615	0.3342630717279106	-1.1021232247029538
132.0423	261.9	0.0679070999948896	2.4198428644784666
300.0845	262.7	0.40135638948069396	0.9046056605643087
104.011	262.8	0.05218729308603399	2.901910157559422
158.0691	265.2	0.2758100021067997	-1.215730676021386
88.016	265.7	0.07064127295281551	-2.209037349024358
134.0579	266.0	0.19347647640460067	1.5238879787592408
365.1352	266.2	0.2087616337503271	1.5866640217401533
160.0372	266.4	0.11562532081178445	2.139301003955041
129.0426	268.3	0.7076935553957328	0.4017729320789964
226.0477	269.0	0.10834384947200139	1.9130659242025672
104.0473	269.8	0.787515735254523	0.2818936552456156
206.0427	270.3	0.6760766169071759	0.4440875307111873
87.032	271.8	0.4684257723657912	-0.8033068592453702
171.0895	272.1	0.6681166760147026	0.4661468964714877
133.0739	272.2	0.1846577989703834	-1.7088541495298721
143.0582	273.543	0.12591133505112495	1.920656813180063
189.0637	274.7	0.3007726323334812	-1.2433248066180405
206.0427	274.9	0.6342064185800302	0.5072133959869286
131.0582	275.5	0.7174746396771775	-0.38427076345769684
130.0266	275.6	0.2903485525684749	-1.2773467451272873
118.0266	276.2	0.1075627427589161	2.1610955987194798
198.0528	276.9	0.1964585411727344	1.5563054279080546
160.0484	278.9	0.30560527693930933	1.1966975496037497
244.1054	279.673	0.368181000121729	0.9806352374973885
88.016	279.973	0.2790648548381308	1.1949816835243923
148.0372	280.3	0.0031648965096913516	5.785675276405874
102.0317	283.1	0.27126746326670287	1.2403226783714725
104.0473	283.5	0.43782696957134665	0.8332933970521338
104.011	284.2	0.8756499623318872	-0.1681068190792887
159.0532	285.3	0.31173238627771843	1.1897395132655384
148.0372	285.6	0.013744462219496994	3.4890257802237636
168.0423	287.2	0.47419056901468076	0.804512235775919
160.0372	290.3	0.6398858364211322	-0.5124854551785253
190.0954	291.4	0.07743227323723387	2.1532244337170616
104.0473	292.9	0.2140438441720552	1.4092689376061
165.0455	295.029	0.22854003676249496	1.4443557620431087
143.0582	295.345	0.5938778283712027	-0.5766125136993159
173.0688	295.8	0.3200539131745287	-1.1810834456639192
234.0852	298.8	0.18773643251923233	1.5670238215973669
378.1274	299.6	0.13664372244284684	1.9960037250745193
157.0738	300.209	0.09481038861142574	-2.0613103526722347
182.0579	306.8	0.0823641801847953	2.1350270874852106
88.016	310.2	0.6194615723882458	0.5251452555736457
60.0211	311.1	0.24326700096729595	1.421257217770316
123.032	311.2	0.14282652115350866	1.9002001008002891
147.0895	311.2	0.2026072623008579	-1.5509005012541088
303.1675	313.779	0.9604623860205737	-0.05381622699693759
130.0266	315.2	0.36793859425155184	1.0210309416825858
345.1081	315.8	0.5350901042077634	0.6599487492408301
118.063	316.9	0.009571357445739474	3.75328749677054
590.3104	318.4	0.29623114673204054	-1.2226972289708355
116.0473	319.1	0.156784405678821	1.679806453204978
130.0266	319.6	0.010417488788518012	3.678030812876129
180.0423	320.0	0.10892172681734259	1.913592046051653
268.0551	320.3	0.08202006446169288	2.283309041957034
586.2791	320.9	0.020665501689356342	3.339431180017766
146.0579	322.6	0.4741062606646777	0.7777928924363949
472.1819	324.9	0.09907738449807452	2.1889964953542385
143.058	328.741	0.12730149394407206	-1.8505399756425243
174.1004	329.1	0.1823289440660335	-1.570137473903804
115.063	329.157	0.1283430193884679	-1.8709738597568069
161.0688	329.5	0.30774372080690465	-1.1837788370399758
127.0633	330.2	0.1606391640523305	-1.681714826789938
129.0426	330.8	0.3512450317158983	-1.0187627856025763
258.0852	330.9	0.38733790647883937	-0.9424657456261559
198.0528	335.0	0.3291637017650795	1.0763563718205773
314.0638	335.7	0.3881236028841247	0.9836780062441691
276.078	338.0	0.4392420265802561	0.8283231946684526
321.0696	339.2	0.17731013181945793	1.6774741891036051
212.0321	342.2	0.014419682750772414	3.41729965282713
161.0324	343.1	0.049981273901248326	-3.0938042966175217
145.1103	344.3	0.16222020998279532	1.7954763246886167
588.2948	344.8	0.6335599978069031	-0.5168642872027001
183.0532	345.1	0.27701380567305	1.2118298117734077
127.0633	347.5	0.2840428662668238	-1.2765715529094224
73.5253	347.741	0.7663487703132246	0.3117992541722157
159.0532	347.9	0.47809594377569187	-0.781122718709203
151.0633	349.4	0.019841706159914953	3.2165734156704437
160.0736	351.1	0.5656970386309481	0.6097041405092939
102.0317	354.4	0.0012262686528550432	-10.327975000937952
148.0008	354.5	0.509332769474018	0.7086737154352354
180.0423	354.6	0.33650753760373087	1.0574680772433431
166.0267	355.053	0.7181113809658242	-0.3784766948040696
152.0473	356.7	0.4176397062449536	0.9020594695823588
72.0211	359.6	0.32994376765703143	1.0608453265356939
180.0423	361.2	0.22326747475011577	1.4451763865930018
152.0473	362.0	0.5507648799079911	0.6407299890151867
281.0899	366.1	0.8592242228318816	0.18817511667566414
137.0477	371.9	0.1320865257327144	1.8859302163909566
280.1042	375.349	0.03663857571446227	2.807564221490776
191.0436	375.401	0.07827739975729453	2.454099421406142
210.0892	378.0	0.6459223201146458	-0.48344406857752587
138.0317	379.0	0.03505120286037611	3.34800649627998
278.075	379.0	0.7733436449390947	0.3013907271409711
180.0423	380.8	0.578932734320268	0.5938976236594077
152.0473	383.6	0.22361645056262278	1.4785223411116957
166.0266	384.7	0.3875323913490891	-0.9369245252011074
165.0426	386.1	0.30454457233146776	-1.196991423448942
84.0211	388.8	0.08777090292639861	2.0887548110684677
180.0423	389.5	0.3790201865090129	0.9559662623806924
86.0368	390.8	0.7756585599181304	0.310389544530038
161.034	398.338	0.8270409835865438	-0.23418488109105348
166.0266	400.3	0.6578176322633155	-0.46690627352102515
176.0321	400.8	0.14485800207623628	1.7349904364361572
226.0954	402.3	0.09303386225282678	2.2320511074853644
352.0642	406.2	0.04504589086722626	3.0299609944578307
148.0008	407.5	0.1419678879185571	1.7064244613109072
172.0372	410.0	0.1257835149235393	1.92609281586756
187.0481	411.4	0.07798228295762875	-2.6042223626321634
268.1059	415.5	0.4244673669932898	-0.904049385589595
584.2635	415.6	0.1175147260301869	1.9610618930870893
175.0481	416.9	0.42368533557897325	-0.9056566263204894
88.0524	417.6	0.0373981441270974	2.753076438346424
197.0324	418.0	0.44036904368757807	-0.8593750000000002
176.0321	428.0	0.06831805461822388	-2.769160900999979
131.0219	429.5	0.4363225394660501	-0.8369581893681874
100.0524	440.1	0.01641524176811587	3.3130907456578016
165.0421	440.7	0.9106842815753877	-0.11758378584351858
137.0477	441.4	0.344053244339498	-1.0759946836098488
146.0692	442.11	0.05412662030699782	2.633314324866344
162.0528	447.8	0.5714956036966203	0.6005438609741947
164.0473	447.9	0.6870205779933543	-0.4305597079133334
210.0531	449.239	0.8874754400955891	-0.15155468729940685
155.0695	452.9	0.003185605309537434	6.073156741811889
118.0266	453.3	0.07867589162375212	2.4706711938011723
122.0368	463.4	0.136651683477571	1.7342657885429835
144.0423	466.6	0.48849998484338	-0.7429831595829993
146.0215	467.3	0.610957042389271	0.5376028113326364
188.1412	467.7	0.4944023496718123	0.7335683986768489
490.2203	468.9	0.39698211539145845	0.9630420277827944
172.1099	470.1	0.016690858280046655	3.541722427514854
130.0266	471.9	0.06597100023062162	2.712456703844449
132.0423	475.9	0.23369646341857742	1.4858414373781401
186.1256	480.1	0.20481317300362561	1.6085259605882458
114.0681	480.1	0.04358359014375329	2.930393039021075
116.011	484.1	0.1746309607151195	1.7542293016970862
312.2301	484.7	0.19414646529696641	1.6653103948786052
212.1412	486.5	0.14382044373683678	1.9665750069274057
148.0524	487.4	0.29699829003684924	1.2572330012345951
192.0423	487.8	0.09825802736262643	1.9633235373883957
114.0681	489.2	0.027591204330052403	2.9168577481736992
168.0423	492.0	0.2067688727141165	1.5965627139007592
264.1031	494.5	0.42404068826721114	-0.9049151633170208
481.2312	499.3	0.10705391381653136	-2.1002820901143866
136.0524	502.6	0.21618014504871477	1.4736509480158817
186.1256	506.5	0.7922030432847699	0.2755079757717288
160.0736	511.8	0.08332771089013034	2.5332914516174214
210.1256	512.1	0.1124392865140124	-1.9118826784621206
116.0837	513.1	0.9104279156848567	0.12213739500894631
278.1154	514.4	0.8277577438502565	-0.2334737725874836
144.0423	520.8	0.280578259986838	-1.3109925415584918
172.0723	522.704	0.1811003805371808	1.6259657067342375
116.0837	523.1	0.37771544884915487	0.9684424850995262
162.0681	531.1	0.14625595818551715	1.6950939848171538
323.2093	531.176	0.3026725415285228	-1.1782262133134351
128.0837	532.5	0.09268706011647493	2.2301764812794893
158.0579	536.7	0.24665487118106766	1.2944423415221336
216.1725	538.0	0.22302616257296373	1.5234543549500232
174.0892	538.3	0.1940024113653271	1.6632250236785289
278.1188	540.3	0.28296780972264846	-1.304230879845561
144.0423	550.5	0.6050195424070484	-0.5611244592674806
212.1412	552.8	0.23405520625952178	1.478371399409821
308.1974	554.783	0.9481718251998805	-0.06790400819741875
130.0994	556.0	0.043526562572576075	2.8661636960696546
312.2301	569.0	0.6558347043018415	0.4728209943338292
165.079	569.4	0.15377263044481723	1.839772487482745
166.0994	574.8	0.08212379408746519	2.5166463952302256
332.1624	581.1	0.4614019067600775	0.8101963189937107
332.1624	588.9	0.18942961767287705	1.481472728546003
144.115	589.7	0.793464438995402	0.28559736946671105
336.2301	592.1	0.4269129946966622	-0.8987335808308755
166.0994	594.8	0.8427567928389628	-0.2087653478175634
330.1467	595.1	0.14741608939123135	1.86055205608143
144.115	596.0	0.07971685668635252	2.1764657633587916
334.2144	602.5	0.73982637519065	0.35559607217745637
313.2627	602.523	0.1591143648025872	-1.7425918847049
248.1412	603.2	0.11788228475722759	-1.838155372480423
316.1675	604.1	0.3906542893950983	0.9404484567171252
214.1569	606.3	0.14587365593149823	1.9429698172568974
336.2269	606.553	0.9343174631945373	-0.0861035776749149
314.2457	606.7	0.27447163238774175	1.3318051230950179
336.2301	606.9	0.3399490941264505	1.1270001829810306
332.1954	608.071	0.3410411321217515	1.0793741444417313
310.2144	609.8	0.7763942934470669	0.2977750001912794
296.2351	610.1	0.13931723713118696	1.9040919416369528
294.2195	614.3	0.412727032095122	0.9232545335968828
168.115	616.7	0.10863666718907458	2.1515983924073203
228.1362	619.2	0.1574124675834231	1.8712348470154785
294.2195	621.5	0.20416368367038054	1.4682051863441092
158.1307	622.8	0.9625258336561247	0.05065286654106869
257.2005	623.189	0.100850891672144	2.162180327803133
250.1569	626.0	0.33855243270109925	-1.0710521811844864
316.2614	632.3	0.06818743223993547	2.2202458791712107
334.2144	633.1	0.19450629208919515	1.478822466643806
312.2301	633.7	0.28450900857984396	1.2742764254595047
286.2144	640.1	0.47659914982344553	0.7624819221692866
334.2144	640.9	0.3585809869721531	-0.9969272685058455
312.2301	641.0	0.30584085336597183	1.2230510375416455
338.2457	645.6	0.8053795262261271	-0.25824205663193023
184.1462	646.621	0.2917638517157465	1.2327988259523015
172.1463	650.6	0.025230692194748407	3.4875740548178396
332.1988	651.4	0.9015401919451167	0.12904431134808403
292.2038	659.6	0.5097335440539563	0.7007998566885165
272.2351	663.1	0.35751167457683397	-1.0502000083049683
172.1463	667.3	0.08443527553313186	2.2344971043894497
346.2124	667.427	0.5266747636899185	-0.6759815202112065
332.1988	669.5	0.5449911428993582	-0.6730228987910931
318.2195	671.8	0.129666163970136	1.8962635070806857
278.2246	671.9	0.10366628989909815	2.1269327665948463
334.2144	677.3	0.42366700264766527	-0.9057390715461782
234.162	677.8	0.4975152476881298	0.721908756276869
270.2195	679.5	0.8529443546583376	-0.2013170093692295
294.2195	685.7	0.08885214676520944	2.333030278172269
258.1831	687.0	0.08577600521556089	2.4213869094363885
298.2508	691.4	0.7102097254444542	-0.3914711263228928
316.2038	691.5	0.34462001825789956	1.0446100934558429
320.2351	691.9	0.1560241066530578	1.7317382718907146
314.2439	696.872	0.17390281041324807	1.5426332219976115
292.2038	701.8	0.6310095309328784	-0.5307306754396943
320.2351	704.6	0.9726580325969983	0.036128756763244896
314.2457	708.0	0.41429779368405795	-0.91917751579933
318.2195	716.4	0.7288865737079868	-0.3637146543017109
292.2038	726.3	0.6312200442156355	0.5271285039440639
200.1776	727.1	0.08491118596464253	2.1960237512464773
250.1569	728.0	0.5081512942207717	0.7037491391875605
226.1936	737.429	0.8204064697407231	0.24138168530433313
276.2089	738.3	0.3841587532059152	0.9403471064092384
292.2038	739.5	0.7321799941798699	0.3725984747359871
320.2351	740.7	0.7925758930238924	-0.28727980743985526
320.2351	747.5	0.129045573898278	1.857339325009035
327.2779	757.153	0.24495795116098762	1.3100090275992173
278.2246	759.9	0.3256400113620007	1.1000507114771998
254.2246	783.7	0.5417885135105291	-0.6747675558469476
302.2246	787.0	0.8760817767222697	-0.16274216916330594
280.2402	795.5	0.533505314650015	0.6799767300834045
304.2402	818.2	0.4010332832321227	0.9252426251665661
306.2559	862.0	0.9164216576647066	-0.11068016082742309
256.2402	868.5	0.26371382499679613	-1.233046085446805
284.2715	950.8	0.45195187812909793	0.8080332183340126
