m/z	retention_time	p_value	t_score
118.0266	243.828	0.0077162433592370345	5.430322624176293
118.0266	276.2	0.008116111898152057	5.552750904569991
118.0266	453.3	0.010142035610482778	4.607940927112872
119.0582	207.274	0.1502113272367849	1.816394416853651
119.0582	207.274	0.5594328464698933	-0.6658909741079669
119.0582	207.274	0.1712040013470612	-1.7337062854303829
119.0582	207.274	0.3503605164570688	-1.0669266611064803
119.0582	238.3	0.026639186940099754	4.0767006567080415
119.0582	238.3	0.5279159277021823	0.6905754591342949
119.0582	238.3	0.27771775942675975	-1.2998411205929727
119.0582	238.3	0.6655100012752504	-0.4918130558735356
119.0582	250.8	0.038172788679408744	4.102084388438536
119.0582	250.8	0.710461800470183	0.4043734239796858
119.0582	250.8	0.20346484803227097	-1.6901903938443397
119.0582	250.8	0.5825551794071608	-0.642648085784064
119.0582	271.7	0.03193955137852604	3.2828002499814626
119.0582	271.7	0.4829157759518823	0.8066468778410165
119.0582	271.7	0.6359356395774329	-0.5155680351611797
119.0582	271.7	0.8695480104460728	-0.17674976410432908
119.0582	284.1	0.011654450561870243	4.436547994260596
119.0582	284.1	0.1330300415703997	2.069805437934579
119.0582	284.1	0.631493315927348	0.5209256476479913
119.0582	284.1	0.6356764074164809	0.5203603579911403
220.0853	497.195	0.7545725939874193	0.33519234926003444
220.0853	307.526	0.08423668747951468	2.489361797561708
116.0956	285.437	0.12238543962882537	2.0154711101236216
116.011	306.607	0.2610147128643523	1.4507141990562251
116.011	484.1	0.2962690099025423	1.3625382099937509
117.079	367.117	0.12130774910301872	2.29265249416792
117.079	367.117	0.23788564664672399	1.480214325570061
117.079	367.117	0.3290706447228027	1.1809315994062317
117.079	308.1	0.31163968897124467	1.336824789287684
117.079	308.1	0.8671367704690931	0.18908732314087057
117.079	308.1	0.9778303256121227	-0.031296019036235224
117.079	353.8	0.13185271030965473	2.276532649619425
117.079	353.8	0.25733101192706415	1.4468930146166832
117.079	353.8	0.3534558515276139	1.1361161050084296
117.079	232.2	0.5580535680075273	0.6644651739023021
117.079	232.2	0.6248549080165446	-0.5394868856304765
117.079	232.2	0.5441411620598785	-0.6815104243677321
129.0426	314.245	0.12276426807522062	2.5020420768224088
129.0426	314.245	0.4547725497195326	-0.9011019175850624
129.0426	314.245	0.6219282259957389	-0.5670637348341804
129.0426	314.245	0.038536026657918915	3.636228519452678
129.0426	318.0	0.12778941759684384	2.4687424590808416
129.0426	318.0	0.42873473402506107	-0.969776481102115
129.0426	318.0	0.5825454761361715	-0.641005276711238
129.0426	318.0	0.04549112734537561	3.6368080606054756
129.0426	268.3	0.05700879791965438	3.0842721233402175
129.0426	268.3	0.8288544631358762	0.23311177476343603
129.0426	268.3	0.5752401869326469	0.6140608962289893
129.0426	268.3	0.021214331417448384	3.8672870954374985
129.0426	330.8	0.10695020498192735	2.6817341213415573
129.0426	330.8	0.5816784533868047	-0.638024005362569
129.0426	330.8	0.8039751007637861	-0.27749632882133995
129.0426	330.8	0.02588295854611137	4.013195713778438
131.0949	407.601	0.3393471699265529	1.2099653143729743
175.0633	501.725	0.028715834251065116	-4.863611044011809
175.0633	501.725	0.41597946129950253	-0.9251745374712403
129.0899	238.278	0.6519130781019192	0.5218741389995954
236.0797	332.279	0.15846053634197718	2.0165682087086374
147.0533	330.532	0.15692775768469128	1.739583232030017
314.2453	615.341	0.9776524431896513	-0.031102728832568784
330.2403	514.1	0.1406115122455407	-2.039350456147855
240.0091	296.401	0.5971344857948511	0.5920564096530754
146.0691	194.544	0.2832659087996917	1.4245973615946177
146.0691	194.544	0.006885073107087498	8.75043470813395
146.0691	200.0	0.19920835335506012	1.824508983734197
146.0691	200.0	0.004732995702485625	9.300948983736948
87.032	362.361	0.020993816241144898	3.7118741998573648
87.032	362.361	0.4807486030383165	0.8505709284590631
87.032	362.361	0.11898607788687893	2.479208882522357
87.032	196.5	0.8591399390717409	0.2004954602878904
87.032	196.5	0.8903033326413227	0.14802949889230188
87.032	196.5	0.526590274856383	0.7184879360410885
87.032	309.7	0.027091957471540702	3.4575692261932667
87.032	309.7	0.5204582626873733	0.7665393978488555
87.032	309.7	0.1307267252083371	2.3648356944040287
87.032	271.8	0.05441366533926034	2.746325411811149
87.032	271.8	0.5317050783698262	0.7370044903675615
87.032	271.8	0.12849439970441123	2.2737447337490457
180.0642	388.88	0.5590409614838963	0.6832006244156463
180.0642	416.97	0.4225653941683454	0.9958676937567464
180.063	240.714	0.1117075573356456	-2.188705565015764
147.0532	311.418	0.0783937937790799	3.2900095834778735
147.0532	311.418	0.16875066047667717	2.0642206752668892
147.0532	311.418	0.020520234517640724	5.898614675560033
147.0532	311.418	0.027675597122728796	5.11276444909325
147.0532	311.418	0.03297998167788805	5.040892605422879
147.0532	220.1	0.13797020506474023	1.928564925179607
147.0532	220.1	0.6330385849296178	0.5165966233445136
147.0532	220.1	0.09775395907419138	2.224318863489325
147.0532	220.1	0.16790629923854394	1.7264292091496276
147.0532	220.1	0.059262668703033705	2.6146499036204496
147.0532	229.8	0.3210608675958217	1.1429246460973943
147.0532	229.8	0.750239562868475	-0.34107876036520623
147.0532	229.8	0.3798251268902267	1.013311418341541
147.0532	229.8	0.6092248990225676	0.5642305623761394
147.0532	229.8	0.1950271952311243	1.5585546970581228
147.0532	292.4	0.03317566498856275	-4.115515036796831
147.0532	292.4	0.02760505615244567	-4.955090148082613
147.0532	292.4	0.03928806307026195	-4.57948754273536
147.0532	292.4	0.036801705114479895	-4.7403847397426775
147.0532	292.4	0.040381072263762564	-4.22299372796881
228.1473	379.45	0.03383188996295252	3.172989014834653
246.1011	453.706	0.831895188603601	-0.2380965354951048
218.1268	290.52	0.3379751727406089	-1.1281845978787792
217.1428	445.77	0.5510242255054932	0.6508667865480892
259.0457	148.0	0.0515924467730955	3.028158966786531
211.0358	149.6	0.3133699867104613	-1.3270367560414744
199.0246	150.0	0.15110396789862182	2.0597246861511884
153.0096	152.0	0.6160035902762797	0.5455116565616934
215.0559	155.0	0.035711798611479086	3.8679614706840955
169.0045	156.0	0.9996660557428704	0.00047028175701665294
195.0743	163.0	0.3532156614116708	1.091597891081239
261.0307	164.3	0.20473720019559774	-1.5151669877905356
332.1332	164.9	0.06945276442300306	3.2544351510124434
307.0838	165.4	0.1359557559401063	-2.1861045201776186
274.1277	168.7	0.1895260001632096	1.5881108116141258
283.0917	173.4	0.009563689039775563	-10.04351843700803
335.0631	181.8	0.07881451769426309	2.346643398514919
173.08	184.3	0.5654493907563521	0.6277260876846191
163.0481	188.0	0.7024282186908486	-0.4305201534892422
174.1117	189.0	0.459944760560615	0.8592710860108093
190.0954	192.9	0.12412475550989083	1.9450719100615845
190.0954	192.9	0.0035533005125461463	6.1502290297015385
190.0954	212.5	0.05582958348705628	2.7771394241010587
190.0954	212.5	0.0038790563192578945	6.404274400525614
190.0954	390.9	0.1778254581887259	1.7855873682881258
190.0954	390.9	0.02241827575838308	4.454957785503781
190.0954	291.4	0.07922718233048259	2.6894564818981546
190.0954	291.4	0.005279694989373927	8.146862646611458
151.0303	196.2	0.22251807936456722	1.517891555960659
177.0637	196.3	0.13663649896994579	1.936146153793532
347.0631	197.1	0.016759011990906476	-3.954225643455623
163.0593	198.3	0.6163680463815474	-0.5873273867616919
204.111	199.8	0.24355320311790463	1.3954684628573615
204.111	199.8	0.07865049621583474	2.3526478715790726
204.111	253.3	0.14556171490351028	-2.060485294629815
204.111	253.3	0.31338437955431064	-1.2075926423086683
175.0957	200.7	0.12795522961502018	2.013369499518224
267.0968	209.6	0.2290774120050534	1.5789556111450966
267.0968	209.6	0.292930802483626	1.2701165241727261
105.0426	211.2	0.3001130237991919	1.197611691343127
165.046	212.0	0.7988469401667077	0.2817040976577401
234.0852	212.4	0.9455793508543383	-0.07513634438306777
234.0852	212.4	0.24506616954066307	1.5845915464093292
234.0852	212.4	0.698194347175294	0.4329687495385294
234.0852	353.8	0.5487102323376809	0.6723919659438453
234.0852	353.8	0.002161777727327882	7.0301059472373675
234.0852	353.8	0.1590253593012522	1.8715817375623298
234.0852	235.5	0.5368498533951643	-0.6831143196622878
234.0852	235.5	0.14663392766796784	2.0857334382967716
234.0852	235.5	0.9072264480368354	0.12491375158033469
234.0852	298.8	0.3151789352446967	-1.28022250565923
234.0852	298.8	0.012747560084977521	5.396848221665783
234.0852	298.8	0.9214880798158719	0.10992215770158204
232.1059	216.3	0.2328751069485763	1.594362814758702
232.1059	216.3	0.17599953804732843	1.971807252509988
232.1059	216.3	0.08193011353949593	3.222610077786612
232.1059	258.6	0.12505892234479787	2.2133677784300083
232.1059	258.6	0.11514325836691643	2.444271372859201
232.1059	258.6	0.0702553246041278	3.458218333623698
218.0903	220.3	0.018222520113419655	4.815496895394839
133.0375	220.7	0.015755153760629147	4.850103068277235
289.1274	222.1	0.011579930946711595	4.5410485291374565
131.0582	224.6	0.03366907945947254	3.4504377359603895
131.0582	224.6	0.3701727020083223	-1.145855461458345
131.0582	224.6	0.787633552443891	0.29949540441171263
131.0582	257.6	0.02155526057626092	6.480105758226737
131.0582	257.6	0.0032642741232774704	14.532650878448198
131.0582	257.6	0.23463019347944858	1.676484380482066
131.0582	274.3	0.015016936996134527	5.605154653638089
131.0582	274.3	0.09609418823029806	2.9747144957918956
131.0582	274.3	0.28659795098295315	1.393196629489761
131.0582	331.4	0.4693082874659397	0.8527239117532698
131.0582	331.4	0.5509513167615657	-0.7107225333792918
131.0582	331.4	0.8257830345535894	-0.2384226628209011
131.0582	275.5	0.012015285323165315	4.614973579411499
131.0582	275.5	0.3421926832785296	1.234366054020522
131.0582	275.5	0.3434951363834868	1.1475387916645823
141.0426	238.3	0.5085518845484986	-0.7543553052985067
141.0426	213.7	0.9669767291700553	-0.044949733142611116
161.0688	239.3	0.2506593401179515	-1.3747444017275579
161.0688	239.3	0.038164345931671895	4.717081572929185
161.0688	283.8	0.0009297922272159732	-12.514316816056146
161.0688	283.8	0.1508747878398805	2.188575470188815
161.0688	213.0	0.36510758773354185	-1.1436006598757535
161.0688	213.0	0.028950817583176944	3.715713163690967
161.0688	329.5	0.2908655099897094	-1.393987690319089
161.0688	329.5	0.03185742133031558	3.606730645203504
188.1161	239.3	0.3583175329690545	1.1699535750585937
188.1161	239.3	0.0139703912264196	4.18014018639408
114.0429	239.7	0.15838113006828622	2.1846785405070137
133.0739	240.115	0.6393072056799882	0.5096653414635366
133.0739	212.9	0.8177720912811177	0.24925847209927973
133.0739	272.2	0.6606360629271518	-0.5047034622531265
61.0528	242.2	0.32238032143792184	1.2925679136859376
377.1335	242.3	0.10561653509095298	2.5730237331428842
174.1004	243.9	0.7720623761641071	-0.33059635684957084
174.1004	243.9	0.3077540399206567	-1.2964556512354193
174.1004	243.9	0.4434670915611864	0.8680618828047427
174.1004	260.7	0.09879592251446621	2.8970818315355533
174.1004	260.7	0.2775576708994235	1.3587958318904756
174.1004	260.7	0.11499637129727407	2.285463923171676
174.1004	329.1	0.10848522617401923	2.72396513395836
174.1004	329.1	0.45664121778100425	0.8526750750904816
174.1004	329.1	0.1494293831661382	2.065126451674633
197.0688	244.8	0.6134669648035384	-0.581913084573102
197.0688	212.6	0.3432586622834226	-1.0869313991114276
199.0957	244.9	0.14778379841379444	2.0286522539102014
237.0862	245.6	0.1250826197600917	2.3092411793170813
237.0862	245.6	0.2607017612442764	1.318657387135948
237.0862	332.4	0.11676233205918202	2.613046229321838
237.0862	332.4	0.1494428417295734	2.100766536130246
346.09	246.5	0.019850444772108275	-6.937742828523845
346.09	246.5	0.008296832563273489	-5.332151887548731
363.058	247.7	0.17873264548516876	1.8745353900542565
160.0848	249.3	0.031923597442734486	3.2723720979737743
433.1362	250.2	0.15816049126071982	1.739530028608686
103.0633	255.4	0.19352650774081387	1.8292742050426358
103.0633	255.4	0.6914820543649851	0.4513834795367053
103.0633	315.6	0.24614898378329253	1.4687480966365305
103.0633	315.6	0.7465352125291418	-0.36845778115182914
216.111	262.2	0.005218226050513134	6.323071066521515
434.2311	262.2	0.006485568075712334	6.262353681742799
217.9885	270.4	0.35776706995248725	1.0593225316051795
174.0641	270.6	0.08403735895591977	-2.5850335868081817
174.0641	270.6	0.9283445420154195	0.09817674210862444
180.0899	271.4	0.03632341688127154	3.3132728813060206
180.0899	271.4	0.36048424860847234	1.1728719902301976
132.0059	272.4	0.9856093654842413	-0.02013529842275549
132.0059	272.4	0.08663970170402142	2.6925071812895407
132.0059	272.4	0.2914117744736808	1.3257255317917866
132.0059	241.3	0.014815739021395243	-5.838161815167463
132.0059	241.3	0.2790278246514223	1.424919600277946
132.0059	241.3	0.9602301706315677	0.055730777675437514
89.0477	276.3	0.11589398430418071	2.5433226113373486
89.0477	276.3	0.23275399802234764	1.449528465155769
89.0477	317.0	0.08396781204316082	2.8825478446456088
89.0477	317.0	0.299378583968979	1.2744957406392672
127.0382	280.3	0.1647874008482163	-1.7347393868053513
117.0426	282.4	0.11604351938394722	2.6496989605127896
117.0426	282.4	0.004826187151903576	13.623387587483828
117.0426	282.4	0.0017725222083253382	20.147462265391816
117.0426	230.6	0.7951479699781832	-0.27772392004691165
117.0426	230.6	0.00862228581679522	5.3391574577410905
117.0426	230.6	0.018615411928829803	5.2066009148358985
117.0426	235.4	0.31540123623415106	-1.2167268345626434
117.0426	235.4	0.148609181665241	2.074263955481913
117.0426	235.4	0.21328936365776263	1.741146610131154
158.0691	283.4	0.005950165989999997	6.12013080977602
158.0691	283.4	0.2692474827780913	1.29422819636157
158.0691	265.2	0.019815295954663432	6.905560954738128
158.0691	265.2	0.2965041764392736	1.3828393454701384
183.0532	284.0	0.6022383032016675	-0.6083878670978004
183.0532	284.0	0.7595363424433452	0.3495791413511825
183.0532	284.0	0.002620493280399487	6.991233625415185
183.0532	212.6	0.6677456987338727	0.4740194205836015
183.0532	212.6	0.4328440289364216	0.8724369326577138
183.0532	212.6	0.2169734277575726	1.7652077281913572
183.0532	345.1	0.5420122786156316	-0.6660052050420275
183.0532	345.1	0.8854892784883579	0.1562146578717665
183.0532	345.1	0.2533805453016232	1.5405057554229622
300.0845	285.2	0.1578193383592866	1.7773449953106055
300.0845	285.2	0.19426275687815284	1.5915097189493506
300.0845	285.2	0.15607224108763085	-2.1842921228255228
300.0845	375.1	0.23704263033632167	1.5232473671515925
300.0845	375.1	0.26675391405004456	1.402924894193934
300.0845	375.1	0.4837218312280458	-0.8504916989788897
300.0845	262.7	0.03582518276970048	3.1442719026438675
300.0845	262.7	0.0438038191044535	2.9355538177347413
300.0845	262.7	0.3709174168475917	-1.1293263170118226
278.1271	285.718	0.39347777445562054	-0.9576167433838351
59.0371	286.3	0.007160252099257137	-5.524345787133002
155.0219	287.3	0.4403596901453659	-0.9378818941690484
193.0375	288.5	0.8004791480581386	0.2859495897660261
218.1267	290.6	0.6649324603256238	-0.4753199940902795
189.0637	293.0	0.08361649491663352	2.681231820763525
189.0637	293.0	0.5254428061017085	0.7322479702336646
189.0637	293.0	0.6180858555101898	0.5562308102931182
189.0637	244.4	0.09048859961231687	2.5823734410232997
189.0637	244.4	0.5450798010801433	0.6948138718685479
189.0637	244.4	0.6466249930716617	0.5095070748973113
189.0637	274.7	0.02926333916271111	5.01474517622088
189.0637	274.7	0.6555981215267588	0.5185433544006087
189.0637	274.7	0.8080707544836179	0.27638169396095413
328.1543	293.2	0.3485729908080401	1.208519076802934
328.1543	479.0	0.4153422170103774	0.9739515364209643
638.1119	294.6	0.09040328282030159	-2.995650833683312
328.0794	294.7	0.011986508963569538	-5.026026384027755
188.0797	297.7	0.7776064833417435	0.30386650189242237
188.0797	297.7	0.6315931871251296	-0.556430211085516
188.0797	297.7	0.7694542676060274	-0.3310743804887782
188.0797	297.7	0.7656828259320556	-0.33668851342499384
188.0797	297.7	0.6861513502597935	0.4502996715774499
188.0797	223.3	0.4547186640744112	-0.8296282395249627
188.0797	223.3	0.09902843307302728	-2.7249000934183085
188.0797	223.3	0.12154058053315656	-2.300397919000779
188.0797	223.3	0.12045607886251215	-2.3058620950704034
188.0797	223.3	0.41728119878084063	-0.9169164203837978
75.0684	298.4	0.0001421928407450479	15.551003745236496
282.0344	299.5	0.011299557913555901	-5.288488877911106
146.1055	300.3	0.05789315292310354	-3.207227290232036
146.1055	474.7	0.002215853560568928	8.26155042666057
145.0739	301.7	0.45940035170104254	-0.8733080741279592
145.0739	301.7	0.0017464690556918388	-10.489914046974867
145.0739	301.7	0.01867591668466181	-5.180543798959646
145.0739	301.7	0.12926389213443384	-2.01173516587546
145.0739	301.7	0.007603453804073862	6.71734707553252
145.0739	306.0	0.24404050617701498	1.4104311883638003
145.0739	306.0	0.8028396838671431	-0.2835309507654353
145.0739	306.0	0.6025728342199075	-0.5801519499873857
145.0739	306.0	0.2903271529016032	1.337998199419338
145.0739	306.0	0.060564168543969475	3.8068277481088035
145.0739	214.2	0.04755599277215726	4.39254210417471
145.0739	214.2	0.012881874877359572	6.781313896859254
145.0739	214.2	0.48963638205309173	0.8377010123633296
145.0739	214.2	0.018057586783414275	7.133245135695362
145.0739	214.2	0.00011334855555298023	45.160618702207394
145.0739	246.2	0.09419821622456867	2.559504129470012
145.0739	246.2	0.4928253317429301	-0.7883537466932041
145.0739	246.2	0.38438735530567963	-1.0203733901300247
145.0739	246.2	0.030566526355206115	3.425072834744707
145.0739	246.2	0.0014914926082147738	14.122875804014722
306.074	303.1	0.08918994934084687	-3.081602492784517
101.0477	304.0	0.24814438623348475	1.3810472033483694
73.0528	305.8	0.3502282817949114	1.107797287490757
73.0528	305.8	0.15576267890204246	1.7927987583834313
73.0528	396.0	0.37421294701683716	1.0063085586338356
73.0528	396.0	0.2847987797676477	1.3218502314820246
151.0494	306.2	0.014274862088708212	4.505368835621842
165.0426	306.3	0.05102990359516973	-2.8090533236850748
165.0426	306.3	0.2404856805897936	-1.3920419593911153
165.0426	393.4	0.14895704610345015	2.2797087531394684
165.0426	393.4	0.04122386914507471	4.718762419433974
165.0426	386.1	0.37828588472026664	0.993072692596194
165.0426	386.1	0.05001300223758302	2.7954104386820084
360.1321	306.4	0.0020778518564566538	-7.164480233119718
330.0951	306.8	0.20617085962003287	-1.706790943534619
446.0604	307.3	0.7331791816833468	-0.37900155910876954
221.0913	307.6	0.026720726637708882	4.812661529623048
136.0385	320.9	0.3306199615047496	1.1371759278713276
135.0354	321.1	0.31588141314043466	1.1878441779260034
293.1384	324.546	0.7050854124526369	0.4098241008458167
87.0684	326.3	0.09966357994676776	2.148957129899783
259.1208	327.6	0.2407733311991918	1.6392711310763417
153.0426	331.1	0.49332622934104686	-0.8267581892251554
153.0426	331.1	0.4207641171529272	0.9413005282543913
153.0426	331.1	0.7673970698638833	0.3322177165976551
153.0426	331.1	0.70610219392939	0.42082770902422106
153.0426	331.1	0.9995982773126176	-0.0005390374148254658
153.0426	362.1	0.6350677888525846	0.5419306778326719
153.0426	362.1	0.02625485447052493	3.472386670434495
153.0426	362.1	0.05084298117389586	2.8768118239317535
153.0426	362.1	0.054248654753350986	2.6972657255954844
153.0426	362.1	0.2838899148628201	1.2912640047045718
222.1004	331.1	0.1222412216208278	1.9551423999986506
222.1004	331.1	0.7408367643552503	0.3647941819940482
222.1004	331.1	0.5327876574209536	0.7098688070682162
222.1004	374.9	0.05909288669478232	2.9141227164860632
222.1004	374.9	0.5841515118769572	0.6344181379336994
222.1004	374.9	0.41601779281269663	0.992083220665368
232.0042	331.9	0.23604967879386732	1.3960759066192006
115.0633	338.4	0.021593486605326312	4.331567940013401
426.0879	347.7	0.78600127716808	-0.2917347031222801
198.1368	350.3	0.07340465177647325	3.1657281298220346
640.1428	351.3	0.03367058050786648	-5.101019921852663
642.1432	351.4	0.23591313564767227	-1.6745830185278732
70.0531	353.3	0.0504000280991115	-3.4533491513601637
70.0531	353.3	0.0504000280991115	-3.4533491513601637
70.0531	373.2	0.7307459499996756	-0.3691249072096968
70.0531	373.2	0.7307459499996756	-0.3691249072096968
70.0531	373.9	0.9450704683743788	-0.07508311557454331
70.0531	373.9	0.9450704683743788	-0.07508311557454331
139.0382	357.1	0.22196255432285175	1.4759689809069243
112.0273	358.5	0.11229296684080199	2.6974238977174076
433.1129	360.5	0.0030448809124847525	-8.517697813575355
208.0848	362.0	0.1254605097379443	2.5270592096548956
246.1328	363.4	0.0776870737231674	2.521878082375617
304.1383	369.5	0.7906098755370833	-0.2896250529340749
114.0317	371.2	0.7359010541426894	-0.3616750263170369
248.0562	372.5	0.015896632200365926	4.228604966561609
187.1208	376.1	0.025873213741027978	4.380977480402207
195.0895	379.8	0.06140177419897282	3.3187074607201508
195.0895	459.5	0.5966856679121135	-0.6225479974470414
167.0582	380.6	0.09469513209931135	2.723295160839698
167.0582	380.6	0.5849897447278336	-0.6417491850184774
167.0582	380.6	0.9192325889254293	-0.10827472429191602
151.0633	382.9	0.15128910649720081	1.8279597368393916
151.0633	382.9	0.29976893950463784	1.3218520979708654
151.0633	382.9	0.1706531577298994	2.004542570214735
151.0633	400.0	0.02618895006567891	3.4445096068080847
151.0633	400.0	0.22528712385317082	1.6794008306290753
151.0633	400.0	0.1439231002467654	2.283136026371673
151.0633	434.7	0.06595908378320393	-3.416006197037707
151.0633	434.7	0.1487345880476837	-1.7913315970578112
151.0633	434.7	0.5396881969145095	-0.6781866972090758
151.0633	349.4	0.239492752823213	-1.6550900904091403
151.0633	349.4	0.2607543929210484	-1.5273190736574604
151.0633	349.4	0.3105800483438533	-1.314817796475146
381.0686	384.3	0.021941515940177573	3.6689750021930125
126.0317	385.5	0.5055083566902829	0.7511452254031272
126.0317	385.5	0.6430356818077348	-0.5005421762249076
126.0317	385.5	0.9395575461008804	-0.08083246408520928
126.0317	409.3	0.08101059384345663	2.3279840889118915
126.0317	409.3	0.8813457880445823	0.16228966105952455
126.0317	409.3	0.4916611296427225	0.7738097063611911
126.0317	428.4	0.11340042651288802	2.4698907718490872
126.0317	428.4	0.8994170630677429	-0.14205069383224078
126.0317	428.4	0.651931090097616	0.5196504963986189
208.0736	390.5	0.045580849954554734	3.0902697002125588
286.0477	400.2	0.20878157266773514	1.7347102402720826
286.0477	400.2	0.05720250477279167	3.463288035678232
286.0477	400.2	0.09068839326927455	2.74199084277942
286.0477	425.4	0.36243811789596747	-1.0286236725438114
286.0477	425.4	0.03141385867720731	3.251408797368311
286.0477	425.4	0.2054786138511676	1.5116209122786062
286.0477	425.6	0.0017889422386556228	10.664002084801458
286.0477	425.6	0.0010596968343802198	14.752584956186595
286.0477	425.6	0.00183853761897582	12.307954563010064
131.0946	407.6	0.4087339604156779	0.978306310690014
240.0238	419.0	0.2578065006254804	-1.4641836222287132
243.0855	419.2	0.34732771877163277	-1.1856332264117608
243.0855	419.2	0.46702465983822794	-0.8768666893109964
340.0794	419.2	0.1932775195688896	1.6091805144376237
480.0904	419.4	0.7574242162958507	-0.3310782840694751
255.9984	419.9	0.621019620059446	-0.5383968673364685
179.0946	423.5	0.9058005351777764	0.13328985555299555
179.0946	423.5	0.017345964706128342	4.186360747970465
283.1281	425.4	0.23558382499536024	1.4169143246434757
127.0633	429.743	0.1641308577957782	-2.1498684699260315
127.0633	330.2	0.9094809155278976	0.12843593779177365
127.0633	347.5	0.520136615872457	-0.7619153491049026
168.0423	430.1	0.7537968399743683	-0.33918555820691026
168.0423	430.1	0.6419343849034947	0.5320743643545129
168.0423	430.1	0.18445262009702043	-1.9232587634102927
168.0423	233.7	0.023781101816158702	-3.730667392303969
168.0423	233.7	0.6816828247422573	-0.46747109440311363
168.0423	233.7	0.020211650614824453	-6.149347575091882
168.0423	287.2	0.763284848602509	0.32318211657527113
168.0423	287.2	0.5333140977869695	0.7344073646804147
168.0423	287.2	0.2721833736410543	-1.4443556761781156
168.0423	492.0	0.078216521177843	2.382848825878653
168.0423	492.0	0.3476971685495889	1.2028601658334
168.0423	492.0	0.45130684503172885	0.8863868422383836
121.0528	430.7	0.6535444542015939	0.48519153866833004
162.0351	443.2	0.008686667221376374	-10.638293235876656
217.1426	445.8	0.5567296346497727	0.644858297359305
217.1426	445.8	0.8653601909242742	0.18084610926505315
217.1426	451.5	0.479784837593655	0.7785562247008757
217.1426	451.5	0.717023879477866	0.3904974669904461
132.0899	456.2	0.2922599369674119	1.4132631552138875
124.0524	458.4	0.9407802542576624	0.0813436492204855
124.0524	567.2	0.8528048923064943	-0.20784246412594345
154.0266	464.8	0.07007630413760384	3.1922573841697055
154.0266	464.8	0.857984885900208	0.19435215005449788
154.0266	464.8	0.06580252143867221	2.5796899178035586
154.0266	605.5	0.6626720320491865	0.5057290439976371
154.0266	605.5	0.7363325184919073	-0.38412246106290593
154.0266	605.5	0.5257651191043332	0.7308205427005656
153.0538	467.2	0.08950593151896827	2.6813249844569698
256.1099	467.6	0.5175617749168577	-0.778254933524536
146.0844	477.1	0.09938112845152168	-2.2167631658291946
138.0317	480.2	0.35439354934339773	1.1297641489974517
138.0317	480.2	0.5810166606594224	0.6012892138932596
138.0317	480.2	0.9619257196737996	-0.052371176416791176
138.0317	480.2	0.7031152147218833	-0.41291311909550493
138.0317	379.0	0.7719177855552265	-0.32177483971543797
138.0317	379.0	0.1082086291071585	-2.07150884895753
138.0317	379.0	0.040958530203955165	-3.8076180381957183
138.0317	379.0	0.05349874362181206	-2.8025587655808155
133.0528	490.0	0.32530496090821465	-1.1526461239373282
133.0528	490.0	0.041469114981517556	4.476284443095991
194.0579	494.8	0.49862266217005574	-0.7446106657768542
564.1115	496.8	0.4423729639759159	0.9072409253443334
128.0473	497.6	0.3680076606970571	1.1479772008322326
128.0473	497.6	0.4035660308730114	-0.9331977978903778
128.0473	497.6	0.010089512233360506	4.60102036404149
148.0524	499.9	0.2649824542111331	1.3230344352896584
148.0524	499.9	0.4121476274591116	0.9703167399180547
148.0524	487.4	0.3162569929244822	1.1619282098754027
148.0524	487.4	0.5455269683288764	0.6614984059302367
161.0477	509.4	0.024153816600213814	3.9247497055243765
161.0477	509.4	0.2672536495386999	1.325655017032882
109.0528	511.2	0.05209136473543489	3.806869693559311
209.0244	515.9	0.06762154618944398	2.488629641493534
336.0845	518.9	0.07369306548799606	2.423785249421156
175.0243	521.4	0.3049737510512539	-1.3620092506232788
239.1018	522.0	0.47265055229553293	0.79305581975169
239.1018	522.0	0.36930266710937576	-1.1481744942874477
239.1018	522.0	0.23528475510338173	-1.6777873611239325
176.095	529.4	0.03538291419840099	5.157793927862777
176.095	529.4	0.12567667803147806	2.543350668074951
152.0473	529.6	0.3507269649217624	-1.0559853988213561
152.0473	529.6	0.36488275320602415	-1.0825241546349311
152.0473	529.6	0.5930977971840146	-0.5900394699981687
152.0473	529.6	0.08917421800720964	-2.2554338678306176
152.0473	537.0	0.03915983989519404	-3.8731322296029145
152.0473	537.0	0.05177905334726377	-3.9825333597078796
152.0473	537.0	0.05388945563835743	-3.7260961516003728
152.0473	537.0	0.03018437348337663	-4.514408402261182
152.0473	356.7	0.6536067900588526	0.4944072532861071
152.0473	356.7	0.5478512873267551	0.7017995895667765
152.0473	356.7	0.4219365078497536	0.9556439852072166
152.0473	356.7	0.7956506796150987	-0.28351071022302266
152.0473	362.0	0.05939415006612497	-3.080906761750287
152.0473	362.0	0.008922856902775637	-4.7591556450874455
152.0473	362.0	0.03633417080272759	-3.2609268703453425
152.0473	362.0	0.015850809176842142	-4.973937372364948
152.0473	383.6	0.6369432525333738	0.5309391733988597
152.0473	383.6	0.5649699356399805	0.6754848901704783
152.0473	383.6	0.4671875664590515	0.8683617789772994
152.0473	383.6	0.9556473877403167	-0.061335707574197304
149.0477	530.5	0.10840195449661261	2.783104144407563
149.0477	530.5	0.000285286924812809	14.1322565986461
138.0681	531.5	0.9297947616965304	-0.09412945483901136
138.0681	531.5	0.9168084094224642	-0.11613486097130456
138.0681	531.5	0.9822628441543854	-0.024891226344262322
138.0681	559.0	0.6877104479884422	0.46234680480774015
138.0681	559.0	0.33721598592060814	1.1749653605523174
138.0681	559.0	0.12622576643466155	2.0611359562537697
136.0524	538.2	0.7764003412168432	-0.31433257829268635
136.0524	538.2	0.6784963408473881	0.453975168491977
136.0524	502.6	0.42717200974931685	0.936548221213586
136.0524	502.6	0.15596175182492078	2.082905654225989
184.0372	538.6	0.7750643732937861	-0.3099381866059188
580.1792	546.4	0.35889100696772136	1.17673365449013
164.0473	562.0	0.9194390633320749	0.11258910395815754
164.0473	562.0	0.7627895207313963	0.3374389894729203
164.0473	447.9	0.21539773871771617	-1.71033175745006
164.0473	447.9	0.5384586585519778	-0.7252216562108333
181.0739	562.3	0.005110303716596571	10.303230720824862
181.0739	562.3	0.5437998099044353	0.703534232248108
181.0739	562.3	0.12268109326534536	1.9724085267506155
181.0739	212.6	0.011951200846571306	7.511322336129483
181.0739	212.6	0.8804961848379138	0.16601299284711266
181.0739	212.6	0.6158947312563902	0.5480824256401629
418.1264	573.1	0.2574652534916902	1.5443205997875382
418.1264	573.1	0.19982607314463918	1.8644899704907807
152.0837	621.3	0.6177812813407978	-0.5832552931412112
152.0837	621.3	0.6966958215338656	-0.44419400357289235
145.1579	644.8	0.16126454961742828	2.0363459452307255
61.0164	212.6	0.1255780685731162	2.3391022107559083
73.0164	212.6	0.9523642144582776	-0.0639701321298602
74.0004	212.6	0.3013205580803086	1.3581822038242197
187.0481	212.6	0.3364838508398862	1.128666978498886
187.0481	212.6	0.046774460149274735	3.211489915870843
187.0481	411.4	0.56112552371714	-0.6363967103430509
187.0481	411.4	0.9961329308065385	0.0053167520190359
191.0794	212.6	0.5889262822987829	0.6358903608404821
306.144	213.5	0.29568681819432	1.3999885732768156
192.027	214.8	0.8406128015787213	0.2170297208617978
192.027	214.8	0.12842041874695856	1.9606651470671552
192.027	214.8	0.6036250389188206	0.5719859804740753
192.027	214.8	0.0770980465777658	2.5994982797011454
192.027	232.2	0.7717490865034815	0.31102688415838076
192.027	232.2	0.05949055285420963	2.6934463238855124
192.027	232.2	0.5776869460787263	0.639266561113662
192.027	232.2	0.018180320769381305	3.8612204977706086
235.0481	216.2	0.9493378877900076	0.07124209498609715
195.0532	216.6	0.9762744968367596	-0.03207281901775581
195.0532	216.6	0.16795326778949957	-1.8547621140925965
195.0532	216.6	0.7945304207181245	-0.28063606711023314
195.0532	229.6	0.18205640201479437	1.6270992047571469
195.0532	229.6	0.3235627940757164	-1.12575211188614
195.0532	229.6	0.33168164422278607	1.1213070734780768
106.0266	217.3	0.32973197590596814	-1.1582794974080348
239.0794	219.7	0.2770155477898276	1.3109944334609618
89.0113	221.1	0.40952341655859537	1.0197251749995495
76.016	227.4	0.06377366740752832	2.640977752641317
175.0593	228.2	0.052252239824277735	-3.450779991202798
206.0427	229.4	0.018134012018088595	6.699440249298125
206.0427	229.4	0.3078739599507994	1.2079777292056562
206.0427	229.4	0.18603588968455914	1.6095517237037236
206.0427	229.4	0.1374486633698898	1.95849419653263
206.0427	229.4	0.5680514630401587	-0.6606786815497515
206.0427	244.0	0.015751283234523142	4.95324219513354
206.0427	244.0	0.27527992666709755	-1.3056660717746573
206.0427	244.0	0.28121310761507107	-1.3354116166678716
206.0427	244.0	0.44216620629945247	-0.8729730141105906
206.0427	244.0	0.11819634545236617	-2.6099880063694383
206.0427	270.3	0.010375758042650118	6.026566791324406
206.0427	270.3	0.622124185270589	0.5399035769509272
206.0427	270.3	0.5654451156914384	0.6470983781749513
206.0427	270.3	0.3794487678806776	1.0076452643146623
206.0427	270.3	0.6429866878436368	-0.5384817213026145
206.0427	274.9	0.014666318774841241	5.051890595557258
206.0427	274.9	0.350166239150944	-1.0879110839719617
206.0427	274.9	0.35779599118257	-1.1017226501481205
206.0427	274.9	0.5542548091013104	-0.6580911792757373
206.0427	274.9	0.14162394750265558	-2.3394083958441216
174.0164	230.0	0.0702876586923672	-3.5502679959703776
174.0164	230.0	0.14363015138685745	-1.8429031088340322
174.0164	240.8	0.5391182884051491	-0.7342505492631826
174.0164	240.8	0.8771607827294297	-0.17104252932852998
253.0223	230.9	0.1411825516491524	2.2567886728468443
166.0477	232.9	0.8916163682161455	0.15067856660016074
175.0481	233.4	0.34012966234906794	1.0857964750439337
175.0481	416.9	0.22294868207046623	-1.4430028034047226
134.0215	235.0	0.12242785579874182	1.9537642929545027
134.0215	235.0	0.2797774714638654	-1.3431135224058537
130.0266	242.9	0.23096576604051022	-1.6886972172047585
130.0266	242.9	0.563786306136433	-0.65111578826537
130.0266	242.9	0.8673225800040588	-0.18359442663009165
130.0266	242.9	0.7027411290805223	-0.42223302930480555
130.0266	242.9	0.38120382890008	-1.0654652861861422
130.0266	275.6	0.033768197555399004	-4.404933564789569
130.0266	275.6	0.3819550667150827	1.1092405955467617
130.0266	275.6	0.12988367482871807	2.480354287938639
130.0266	275.6	0.2407958834893184	1.6439838041326136
130.0266	275.6	0.7490522356640199	0.3657350298144788
130.0266	315.2	0.151293539432127	-2.185664299210618
130.0266	315.2	0.8470736681072762	-0.20575558173116504
130.0266	315.2	0.5945917507527114	0.5789749418977039
130.0266	315.2	0.8794257738835234	0.1616842227156494
130.0266	315.2	0.42386823287597125	-0.9061404049238371
130.0266	319.6	0.15611178403079468	-2.136119076255547
130.0266	319.6	0.9289713180847372	-0.09488411071929098
130.0266	319.6	0.5124733134340094	0.7191100372731162
130.0266	319.6	0.7916403521829926	0.2824134935991762
130.0266	319.6	0.47187077762316354	-0.8041133696522382
130.0266	471.9	0.04172907920061449	-4.609102120840584
130.0266	471.9	0.05326084033699371	-3.017232648522961
130.0266	471.9	0.08631240856955917	-2.53531425490005
130.0266	471.9	0.06665403232153254	-2.751454822274337
130.0266	471.9	0.044069879598178416	-3.6744366549271343
104.011	244.0	0.10916406326799025	2.7360772499008714
104.011	244.0	0.0033498701555027327	11.634093628350413
104.011	262.8	0.02982488339837481	-3.5548564023734084
104.011	262.8	0.024053400955898013	-4.462162483245875
104.011	284.2	0.21872193775522003	-1.6322832455771714
104.011	284.2	0.30239247255738533	-1.3667831507167112
145.0375	244.6	0.0012896808028983599	8.154264971690706
145.0375	244.6	0.055185326017901985	3.6880228382584628
145.0375	256.2	0.01134435592409949	7.514327971664249
145.0375	256.2	0.005269713786381563	5.718213921381151
198.0528	245.9	0.0009901157170513924	-12.71344053696047
198.0528	245.9	0.023803454777152677	-5.714565478898942
198.0528	276.9	0.00038102113724776605	-12.33572048613156
198.0528	276.9	0.017513881270493192	-5.996425418866579
198.0528	335.0	0.0013225474459164835	-13.910142714212114
198.0528	335.0	0.022557067310610652	-6.067669765972642
90.0317	246.1	0.1708079296020864	1.667171724127415
90.0317	246.1	0.04626222845421061	4.242484195793554
90.0317	252.1	0.14451769059824393	1.8356703241227494
90.0317	252.1	0.027113101370334465	5.339628068225048
113.0477	247.0	0.048411513363775145	2.8085086501172256
139.0269	249.0	0.2972008356688099	1.3071464933576513
157.0375	250.0	0.5260424713232865	0.7273312934164522
163.0845	254.5	0.18434036411841767	-1.7574052832807798
172.0372	258.1	0.08725802848868654	-2.8550369394501867
172.0372	410.0	0.05510796553546544	-3.943353204361331
156.0535	259.9	0.0027679878491747166	12.987850731329617
219.0743	260.4	0.42030278629182105	0.9031515773753119
132.0423	261.9	0.9023447480690532	0.13356568351611411
132.0423	261.9	0.014808885036045539	4.337736145413927
132.0423	475.9	0.1266842464601	2.164684072646786
132.0423	475.9	0.001219806858753456	8.510841098402457
88.016	265.7	0.021814397324396582	6.010924131862439
88.016	265.7	0.24417302246643952	1.4915408891911877
88.016	279.973	0.0009196630944416825	10.68173307363654
88.016	279.973	0.8713644878669671	0.18331077169765472
88.016	310.2	0.0006260588462363261	11.0446526381542
88.016	310.2	0.5586311131758004	0.6923711988533707
134.0579	266.0	0.2393043039051628	1.501758570795821
160.0372	266.4	0.5880720684679224	0.6138863469762359
160.0372	290.3	0.2628119792826721	1.4369406661140285
226.0477	269.0	0.8281575068491012	-0.2376142238715064
226.0477	269.0	0.23838450460072078	-1.6540250037830768
104.0473	269.8	0.5245681674265699	-0.6963419882953616
104.0473	269.8	0.8820191734038152	-0.16475842046515407
104.0473	269.8	0.2966768338419756	-1.3409526637916713
104.0473	283.5	0.1612071501093421	-2.1396073859773175
104.0473	283.5	0.033342154530018334	-3.988433994954529
104.0473	283.5	0.003905285927566387	-8.35871491352907
104.0473	292.9	0.320802815414893	-1.1674721324063384
104.0473	292.9	0.47207321562917604	-0.8206558848913784
104.0473	292.9	0.08279181813915487	-2.654457641288052
171.0895	272.1	0.9288518249682017	-0.09672485352629935
160.0484	278.9	0.9610293680558036	-0.054699284983544635
148.0372	280.3	0.008586291525861241	-7.526069798952508
148.0372	285.6	0.001970425262136811	-9.935601838632012
102.0317	283.1	0.09105128861605889	2.3991616761244594
102.0317	283.1	0.09730363333930345	2.539560280661545
102.0317	354.4	0.3379707269670837	1.1841596538942945
102.0317	354.4	0.11958135486476865	2.058180924096474
159.0532	285.3	0.44720230598675426	0.9182993662770811
159.0532	347.9	0.30929641538151825	1.2658051047753578
173.0688	295.8	0.698885009373961	-0.43092443534474345
173.0688	295.8	0.0012405430047265895	11.221812322608724
378.1274	299.6	0.6824301380919591	0.4448948644494198
182.0579	306.8	0.17938009808251407	2.0265441588645765
182.0579	306.8	0.007230878561023722	6.005922452688463
182.0579	306.8	0.04330417532259647	-3.3074400769031658
182.0579	306.8	0.4011513850095297	-0.9868655119796214
60.0211	311.1	0.010650565253155829	7.009956822165926
123.032	311.2	0.06211550145915368	2.698219332794873
123.032	311.2	0.06782585297777581	2.526452374431647
147.0895	311.2	0.15807392373680684	1.802911469812036
147.0895	311.2	0.1300696868799948	2.0757842138782197
118.063	316.9	0.5474926564400082	-0.6896635227057327
116.0473	319.1	0.007500496535140558	-9.141461968249981
116.0473	319.1	0.19565278340239453	-1.8482817215134462
180.0423	320.0	0.1414321452659439	-2.3541048192575604
180.0423	320.0	0.8779382749302334	0.16371751534086743
180.0423	320.0	0.8049213701479528	0.27327772752451357
180.0423	320.0	0.29684542314401824	-1.291951203210168
180.0423	354.6	0.006714400443614209	-10.66088827862597
180.0423	354.6	0.2925908996851958	-1.3291842109285261
180.0423	354.6	0.0539748793455421	-2.7028177359646133
180.0423	354.6	0.005044237941187637	-5.620473926889999
180.0423	361.2	0.06275053345915724	-3.7620199383422253
180.0423	361.2	0.543239773088806	-0.6647064486179755
180.0423	361.2	0.44928306769111764	-0.8836988940422695
180.0423	361.2	0.09393065274294969	-2.518845123105576
180.0423	380.8	0.07099878567544245	-3.5276428584108404
180.0423	380.8	0.38428392656713667	-0.9769623927466515
180.0423	380.8	0.32849135026447923	-1.216796202082916
180.0423	380.8	0.10000921269273184	-2.5635888608780313
180.0423	389.5	0.07805229212789573	-3.3399590102708663
180.0423	389.5	0.5986589613167936	-0.5709237348807007
180.0423	389.5	0.5283936759383193	-0.7262179996080139
180.0423	389.5	0.12317217324347433	-2.241698152537619
268.0551	320.3	0.01538522207362576	-4.878242586322101
146.0579	322.6	0.1455434380612157	2.296500205882974
146.0579	322.6	0.11012365034289087	-2.392897598670502
258.0852	330.9	0.7182710599270167	0.38802440723078746
314.0638	335.7	0.8292354757745007	0.23457620757610673
212.0321	342.2	0.14202996887481376	-1.9840807391973052
212.0321	342.2	0.3817296759798108	-1.1114713897738422
161.0324	343.1	0.44775040058258714	0.923216894431428
145.1103	344.3	0.4409740928985537	-0.9005469606835674
588.2948	344.8	0.4762621807065189	0.7861977674377307
73.5253	347.741	0.2992631641272526	1.2380065458093086
160.0736	351.1	0.03566995544657253	-4.970419616357589
160.0736	351.1	0.20337740866502899	-1.8196868525154917
160.0736	511.8	0.06499858937297162	-2.5915963282568018
160.0736	511.8	0.0005789534888001718	13.883938326837578
148.0008	354.5	0.3499252379664933	-1.1219870797309281
148.0008	407.5	0.11217935806695074	-2.0490583869209513
72.0211	359.6	0.06613867781588488	3.6432468633632316
281.0899	366.1	0.471402880821419	0.854260278099482
137.0477	371.9	0.39533240417853005	1.0435982580235506
137.0477	441.4	0.29807085793439725	1.3774566415503933
278.075	379.0	0.359728907550261	-1.123245163514487
166.0266	384.7	0.2324248470200845	1.4190507861956674
166.0266	384.7	0.3977532463426256	-0.9659892693969492
166.0266	384.7	0.4188746036814833	0.9681480018865749
166.0266	400.3	0.6100206558629531	0.5792003612193535
166.0266	400.3	0.03221859413099466	-3.3737277417981186
166.0266	400.3	0.4456111368107401	-0.8539572222369708
84.0211	388.8	0.7050578194793101	-0.4309285953600592
86.0368	390.8	0.00390921679395657	-9.728315539727799
176.0321	400.8	0.025206297905379347	3.5658783709278077
176.0321	400.8	0.8362313681037911	-0.23461120917962114
176.0321	400.8	0.6533404694556539	-0.5214551894704577
176.0321	428.0	0.026793567100546697	3.687794530893823
176.0321	428.0	0.6575223262340355	-0.5148681382447922
176.0321	428.0	0.4781779887446859	-0.86108539140722
226.0954	402.3	0.6126976408855745	-0.5757540495494797
268.1059	415.5	0.13797451560992882	2.2079426162687423
584.2635	415.6	0.17544466938335573	1.7067526377700364
88.0524	417.6	0.0005024223423142716	-17.26434112168469
131.0219	429.5	0.304615678893045	-1.3328816996946162
131.0219	429.5	0.0024697656201401333	-19.774258570549524
162.0528	447.8	0.12115346181219587	-2.0177759299250533
162.0528	447.8	0.3636449581889108	-1.0342908613564692
155.0695	452.9	0.4591541869537965	0.9093439853634352
122.0368	463.4	0.03190421223882452	-5.135062082929637
144.0423	466.6	0.05600944694835955	-3.555659882843048
144.0423	466.6	0.05775016305620865	-3.404573336345731
144.0423	466.6	0.7679856881852756	0.3341410246507875
144.0423	520.8	0.06238930579402064	-3.559804191195749
144.0423	520.8	0.09953602867328057	-2.804236515338742
144.0423	520.8	0.0023020916290397674	14.346708467431892
144.0423	550.5	0.01493919728193551	-5.279576588502746
144.0423	550.5	0.014728799607849749	-4.977161532671438
144.0423	550.5	0.5490073074736352	0.6930551337706697
146.0215	467.3	0.5471738328898064	-0.6581890086551866
490.2203	468.9	0.557978147980868	0.6665613667081727
186.1256	480.1	0.7829968036946273	0.2953396479581637
186.1256	480.1	0.09949349493309952	-2.465474077268695
186.1256	506.5	0.029859532470948073	3.703049770622932
186.1256	506.5	0.5294032384822969	0.6886494883223644
114.0681	480.1	0.0028134853963265026	-15.120914773183454
114.0681	480.1	0.0014055475999806175	-15.067582356272608
114.0681	489.2	0.19479366970126064	-1.9178252801624613
114.0681	489.2	0.1803748093031014	-2.0157590862868977
312.2301	484.7	0.9719995288266947	-0.03786905932029012
312.2301	484.7	0.6881013431184204	-0.4636907705037732
312.2301	484.7	0.5220874087716774	0.7561930380141904
312.2301	484.7	0.5297962724237926	-0.7404236130551645
312.2301	569.0	0.5780868546508373	-0.6049483649917314
312.2301	569.0	0.2784615670616874	-1.4638044265084333
312.2301	569.0	0.7071904109035656	0.4215247367573253
312.2301	569.0	0.1852797685635949	-1.8175264853101583
312.2301	633.7	0.0742802402576758	3.1338451949500525
312.2301	633.7	0.005157945696286485	8.677478511044805
312.2301	633.7	0.0009482511931910393	9.917908998720932
312.2301	633.7	0.015507106503795422	4.336725182556929
312.2301	641.0	0.20119631743561717	1.5290395735760973
312.2301	641.0	0.2775552147423324	1.4644369897214946
312.2301	641.0	0.05110588963011427	3.419101609188223
312.2301	641.0	0.4518986950729376	0.8791682146286519
212.1412	486.5	0.565226423460076	-0.6819086416033704
212.1412	552.8	0.21337945323562274	-1.7953516017124171
264.1031	494.5	0.34581418951971005	-1.171698640547877
481.2312	499.3	0.7395381607320182	0.3712725706058837
210.1256	512.1	0.3026465742229616	1.226861987953386
216.1725	538.0	0.007062126372304768	-5.909755508771883
174.0892	538.3	0.1038832730715654	-2.1411341112365063
165.079	569.4	0.407095409138526	-0.9743436943934767
166.0994	574.8	0.2666296362254592	-1.523507789082496
166.0994	594.8	0.3263798470559213	-1.2883176778066248
332.1624	581.1	0.1706732591892634	1.7146252793862542
332.1624	581.1	0.8123110144291152	0.2601706980021073
332.1624	588.9	0.33316108325804067	1.167873351764497
332.1624	588.9	0.6831985902622557	0.4445199741623155
144.115	589.7	0.005082602928153285	-9.203017289344233
144.115	589.7	0.009640561073220753	-10.052413822512733
144.115	596.0	0.0006570519718079067	-11.284580755758753
144.115	596.0	0.004758867337773203	-14.108123687559559
336.2301	592.1	0.09797998081600993	2.86757173958922
336.2301	592.1	0.223099629578034	-1.4565444561356784
336.2301	592.1	0.21558104038820997	-1.4779772481561546
336.2301	606.9	0.07170075079119928	3.4361053727141395
336.2301	606.9	0.43595288147344974	0.8776854087769029
336.2301	606.9	0.20959781014171439	1.4939421193214344
330.1467	595.1	0.053548689581961184	2.8016335738078526
334.2144	602.5	0.11911409023889563	2.468501189093056
334.2144	602.5	0.016789353247924778	5.321586423593699
334.2144	602.5	0.4157580007282319	0.9485569064990471
334.2144	602.5	0.4494506436935024	0.8750356227797826
334.2144	633.1	0.08462676863774793	3.1701627252947358
334.2144	633.1	0.01789668930964744	6.8156677546170945
334.2144	633.1	0.14182481616877346	2.2754200168436456
334.2144	633.1	0.1543681200438798	2.1640968822315005
334.2144	640.9	0.10985101034880966	2.489421442443091
334.2144	640.9	0.012726518577319483	5.168403299900918
334.2144	640.9	0.37977364533583813	1.0104528976844989
334.2144	640.9	0.4104678711156178	0.9409937526724854
334.2144	677.3	0.3991014226635929	-0.9429498708438893
334.2144	677.3	0.6489488235499019	-0.5014058351515746
334.2144	677.3	0.060628805239397905	-2.9596038080165386
334.2144	677.3	0.0589682571697667	-2.973207717810649
316.1675	604.1	0.5705926315358704	-0.642123668537603
310.2144	609.8	0.003119731971029328	8.327993192620905
310.2144	609.8	0.728730789258023	0.37210420376762515
296.2351	610.1	0.02717084546674971	5.7197577388707606
296.2351	610.1	0.002420942432998406	13.517077241768977
296.2351	610.1	0.5905981945925678	-0.5860853690597132
294.2195	614.3	0.0029171256100032857	10.098106516166085
294.2195	614.3	0.3366648207215489	-1.1805661508060212
294.2195	614.3	0.003742188594729372	-7.679368179864655
294.2195	621.5	0.006719091879710735	5.790417737216291
294.2195	621.5	0.3363214803990436	-1.0984844622727545
294.2195	621.5	0.0906437773312699	-2.974584379707924
294.2195	685.7	0.0010222493679086263	9.620068961860822
294.2195	685.7	0.6465342887440981	-0.5036290224785516
294.2195	685.7	0.037573755279688266	-4.084327555841217
250.1569	626.0	0.08160314955320498	-2.7645444110423014
250.1569	626.0	0.09426641352581575	-2.9002315271939794
250.1569	728.0	0.004187442902031886	-7.349137687357814
250.1569	728.0	0.01003447841929055	-8.173575355619143
316.2614	632.3	0.04923616501839164	-2.802445975714294
338.2457	645.6	0.2930844552843541	1.3310384575725929
172.1463	650.6	0.5175942563896598	-0.7768104715277478
172.1463	650.6	0.5112023497994231	-0.792102612413536
172.1463	667.3	0.02875971022610929	-3.8543295510392923
172.1463	667.3	0.041658868217084574	-4.406064287043738
332.1988	651.4	0.6975636468443864	-0.447957049584557
332.1988	651.4	0.6208578106925867	-0.5782412452560892
332.1988	669.5	0.9415251290405307	0.08208095303906007
332.1988	669.5	0.8188410924476033	-0.25774626062106315
292.2038	659.6	0.11219609094453567	-2.5733712956323225
292.2038	659.6	0.11743606122299748	-2.543437884850965
292.2038	659.6	0.08438059311509526	2.5964426991171843
292.2038	659.6	0.07779669949772648	2.957633087949502
292.2038	659.6	0.08548627187982097	2.851607022302427
292.2038	701.8	0.0023342605530832336	-11.329634927946918
292.2038	701.8	0.0030353964434552375	-11.489144978688302
292.2038	701.8	0.23265428512864098	-1.4077533661449857
292.2038	701.8	0.29469752572569036	-1.2418463246898346
292.2038	701.8	0.23255785184298056	-1.4680955485736953
292.2038	726.3	0.06980119135679061	-3.3492841268575684
292.2038	726.3	0.07305602661896805	-3.3247178737047673
292.2038	726.3	0.20912300476628215	1.6273678207829958
292.2038	726.3	0.17485216300295509	1.916623552075182
292.2038	726.3	0.19346772235744444	1.8103934242133612
292.2038	739.5	0.0010242842531962934	-11.422419129166837
292.2038	739.5	0.0014691008775830586	-11.726777303337096
292.2038	739.5	0.5568327022059079	0.6426999829569418
292.2038	739.5	0.28416977501405477	1.2412462260737875
292.2038	739.5	0.37106661248508865	1.012988845472858
272.2351	663.1	0.12440137428761185	-2.202343376580757
318.2195	671.8	0.022284694274951118	-5.477340468698002
318.2195	671.8	0.5064230866884185	0.7289437749335305
318.2195	716.4	0.0005216607437931091	-13.578977256407413
318.2195	716.4	0.1653613941254682	2.0809365931000596
278.2246	671.9	0.0253161430939323	-5.5601541297215515
278.2246	671.9	0.024059816124720926	3.9504942624902255
278.2246	759.9	0.06877904403516648	-3.6006087339424577
278.2246	759.9	0.30678367317130995	-1.3456852538492818
234.162	677.8	0.27115146591382355	1.4840617608699715
270.2195	679.5	0.8423957867172979	-0.21852721217260676
258.1831	687.0	0.00204801971941536	8.591362923904747
298.2508	691.4	0.900588644671622	0.13325570570579162
316.2038	691.5	0.30573596506010214	-1.362279628490872
320.2351	691.9	0.03184246797807933	3.9100008201725176
320.2351	691.9	0.4622736162882216	0.8423379481410997
320.2351	691.9	0.07618643717561935	2.5943195909468018
320.2351	704.6	0.13140083407794823	2.188897086536399
320.2351	704.6	0.7813378641201494	-0.30743933197621726
320.2351	704.6	0.3348198218206894	1.1637320287080373
320.2351	740.7	0.46765450731040764	0.8580422787143502
320.2351	740.7	0.3048914613185519	-1.2920042118194692
320.2351	740.7	0.9985603969330059	-0.0019846800801241286
320.2351	747.5	0.0009650098613768949	17.012816497017127
320.2351	747.5	0.003972779655517592	10.093265316500236
320.2351	747.5	0.0028755389054050296	12.44994788342008
200.1776	727.1	0.3426937551140566	-1.179348474725562
276.2089	738.3	0.08545699099945735	3.090093866241871
254.2246	783.7	0.15863834854383016	-1.8900201919325748
302.2246	787.0	0.10757204210762224	2.0897001841311145
302.2246	787.0	0.21875250155534803	1.4573624333284283
280.2402	795.5	0.029054802833215033	5.205169677231775
280.2402	795.5	0.07656379762148303	2.7538966675502152
304.2402	818.2	0.004677145481832424	5.813209663637342
306.2559	862.0	0.5255990827538168	-0.6970794652012339
256.2402	868.5	0.6327819500493947	-0.5247206024914213
284.2715	950.8	0.2875646592119309	1.2797962977705524
