m/z	retention_time	p_value	t_score
118.0266	243.828	0.3367062513607518	-1.1684434249595428
118.0266	276.2	0.43889094282969326	-0.9084206171046835
118.0266	453.3	0.3296020538880895	1.2412860446456229
119.0582	207.274	0.21618015304040117	1.46736862829273
119.0582	207.274	0.015795139575185118	5.477370896245427
119.0582	207.274	0.21039928531618515	-1.7041408508713356
119.0582	207.274	0.4934024503383964	0.8017409588108467
119.0582	238.3	0.23135467975515295	-1.4233825943974825
119.0582	238.3	0.035354298044819044	3.603868924612424
119.0582	238.3	0.033960582866693304	-4.713369743007178
119.0582	238.3	0.6143610923075278	-0.5671624839743749
119.0582	250.8	0.09699558150261398	-2.2679598519726465
119.0582	250.8	0.06005174194708133	2.759354412899685
119.0582	250.8	0.031042201974656486	-5.097894698407919
119.0582	250.8	0.35051383799625013	-1.1035680275330089
119.0582	271.7	0.4953695829981752	-0.7703679686782402
119.0582	271.7	0.028157980392457413	3.474688115118438
119.0582	271.7	0.09188756865021698	-2.953050010517393
119.0582	271.7	0.7636717156304866	-0.3264973475644648
119.0582	284.1	0.044856810721045394	2.890537445950541
119.0582	284.1	0.012294156250514969	6.272505059326432
119.0582	284.1	0.9292559079417575	0.09824786385821274
119.0582	284.1	0.27644269174708025	1.4045425644242162
220.0853	497.195	0.15571912541496996	-2.2094057927278823
220.0853	307.526	0.20730735589960333	-1.503559767688672
116.0956	285.437	0.4675463305659634	0.8869964022642133
116.011	306.607	0.07333404767125298	-3.1683789889570275
116.011	484.1	0.014803660147501684	-4.489853413000442
117.079	367.117	0.08116642784373031	3.1526917208143237
117.079	367.117	0.000637891418223945	14.89615498105798
117.079	367.117	0.011899063502974936	7.276675733701196
117.079	308.1	0.34505289303478837	-1.0804938841583105
117.079	308.1	0.26101521746549244	-1.5460175302127475
117.079	308.1	0.7985630042385765	-0.28049295081009573
117.079	353.8	0.08760806720331675	2.982130925307458
117.079	353.8	0.0016359330142893284	12.439939517962783
117.079	353.8	0.011519351170416381	6.932011075788389
117.079	232.2	0.170910058997611	1.7671542068881778
117.079	232.2	0.08490042521845487	3.0932785158534766
117.079	232.2	0.014652024638368217	4.130144779444611
129.0426	314.245	0.0016591176209349667	-7.786622042958408
129.0426	314.245	0.4494462113122736	-0.9199791751918803
129.0426	314.245	0.7560923372582744	-0.34902158972093317
129.0426	314.245	0.8102418571640964	-0.2697961213325255
129.0426	318.0	0.0018256673106205143	-7.743579209102428
129.0426	318.0	0.43047038629507467	-0.96459554944492
129.0426	318.0	0.7101440714457352	-0.4190926249216569
129.0426	318.0	0.7700047639713047	-0.32931553932481966
129.0426	268.3	0.05307696921331334	3.0918999970770114
129.0426	268.3	0.28285579302117797	1.4490321967666402
129.0426	268.3	0.07310872873249188	3.4055962189171782
129.0426	268.3	0.10064265187770764	2.8659550412861177
129.0426	330.8	0.4100416315458762	-1.020836964183927
129.0426	330.8	0.9726720935894647	-0.036456548408428345
129.0426	330.8	0.5962502640604694	0.5815597136207568
129.0426	330.8	0.6061131091741038	0.5608164892315395
131.0949	407.601	0.07518755919259186	2.8154955798053782
175.0633	501.725	0.12722272465010875	-2.097722634072021
175.0633	501.725	0.10523794548842036	-2.779300280681355
129.0899	238.278	0.01318328486269811	-4.622988832244426
236.0797	332.279	0.008886482512272734	6.048165647393219
147.0533	330.532	0.3122754704335073	-1.160498594523989
314.2453	615.341	0.47614137121927996	0.78953702351759
330.2403	514.1	0.011815875076019978	-6.387494555227891
240.0091	296.401	0.07342031459767982	2.7312809272951686
146.0691	194.544	0.5219891295717072	0.7108864727006399
146.0691	194.544	0.06857769390593943	2.833104617782641
146.0691	200.0	0.883920143089281	-0.15559986050087865
146.0691	200.0	0.13202904937252702	1.9494260473829164
87.032	362.361	0.6334000369106688	-0.5496392136619351
87.032	362.361	0.10942055475093637	2.4783554428212713
87.032	362.361	0.08292311294395904	-2.300683865252951
87.032	196.5	0.0018647382123776284	9.935079154794154
87.032	196.5	0.00015190971577720255	14.891925073336191
87.032	196.5	0.21189436192219163	1.6473732604016238
87.032	309.7	0.00935204760322979	4.771569047018333
87.032	309.7	0.000443619941134535	11.478176382976836
87.032	309.7	0.3916542117970771	-1.0541993817675481
87.032	271.8	0.07751880324035179	2.7149084492652737
87.032	271.8	0.002130620873138886	7.976888611991583
87.032	271.8	0.33220169686026546	-1.1683592904510414
180.0642	388.88	0.312282729587058	-1.174859640226745
180.0642	416.97	0.5060252669514955	-0.7542422452415598
180.063	240.714	0.3011833962059056	-1.2028163715144407
147.0532	311.418	0.4101291618630495	-0.9281442250438051
147.0532	311.418	0.1925059596789981	1.8871523795237357
147.0532	311.418	0.021501277782518043	6.110530158166135
147.0532	311.418	0.02177639703044461	6.070294233204573
147.0532	311.418	0.03629379899385632	-4.988876290515012
147.0532	220.1	0.10410862767310804	-2.27008799221215
147.0532	220.1	0.2654037848666074	1.4808792563302418
147.0532	220.1	0.022847868716933093	5.595134985365943
147.0532	220.1	0.0231798536984895	5.553982155372519
147.0532	220.1	0.03059931403609357	-5.505678045468685
147.0532	229.8	0.5623441601715589	-0.6769825456921211
147.0532	229.8	0.224376177223842	1.510441309067126
147.0532	229.8	0.010985260191633527	5.093517577711077
147.0532	229.8	0.011198189124152932	5.055110482761975
147.0532	229.8	0.19787959406779834	-1.897837751099425
147.0532	292.4	0.21613028677506166	-1.781681248458894
147.0532	292.4	0.4455715405527893	-0.8960552035635614
147.0532	292.4	0.7118470860694446	0.414476839576377
147.0532	292.4	0.7236913415474033	0.39619349105265744
147.0532	292.4	0.17756786049628775	-2.0444984397620467
228.1473	379.45	0.010875203807200588	8.973293709669823
246.1011	453.706	0.11460776118241356	-2.038089331186409
218.1268	290.52	0.6452216747036539	0.49943579903083213
217.1428	445.77	0.09021504435555691	2.2593758657765988
259.0457	148.0	0.5549200360616854	-0.6965011177864314
211.0358	149.6	0.7681241426887222	-0.3337413703168986
199.0246	150.0	0.21514127479477063	-1.7415948575952211
153.0096	152.0	0.6348306738806123	0.5202197320936928
215.0559	155.0	0.22756654102879845	-1.5214466268171005
169.0045	156.0	0.1787034499481353	1.6404141498260834
195.0743	163.0	0.12396908348956853	-2.545885718352081
261.0307	164.3	0.12217732929952718	-2.5785584330116533
332.1332	164.9	0.7587602193743619	-0.35014207693080873
307.0838	165.4	0.06523391549767797	-3.5534146679776852
274.1277	168.7	0.19952117398260755	-1.6043022660340764
283.0917	173.4	0.0053194307304124805	-12.345127943920119
335.0631	181.8	0.13385031073349554	-2.3044845142789234
173.08	184.3	0.07769884961972649	-3.0008895674529197
163.0481	188.0	0.04699512532252617	3.6584470514818217
174.1117	189.0	0.6080738113324538	-0.5983308503623286
190.0954	192.9	0.01741600483284995	5.626115817395817
190.0954	192.9	0.13387920605058662	2.1775256550121016
190.0954	212.5	4.501806759507664e-05	21.12522049703043
190.0954	212.5	0.06345358755247647	3.707841460434343
190.0954	390.9	0.01925817356473046	6.104190887249585
190.0954	390.9	0.05326705197015792	3.0671618262631917
190.0954	291.4	0.004066514544851991	8.074313795449429
190.0954	291.4	0.12197982326691292	2.412927892237058
151.0303	196.2	0.015928114894844855	6.703849030470587
177.0637	196.3	0.3132710461607349	-1.1674399316101138
347.0631	197.1	0.2713104486376652	-1.4670752699712477
163.0593	198.3	0.0734165581189911	-2.6851016078822183
204.111	199.8	0.5437875226646943	0.6674202709733214
204.111	199.8	0.013877472741624416	5.132665705661651
204.111	253.3	0.11698050811524066	-2.4530072606677606
204.111	253.3	0.6768848793475805	-0.4668625571354662
175.0957	200.7	0.5157193288244573	0.7719679419928868
267.0968	209.6	0.007514990410991569	-7.961087527065999
267.0968	209.6	0.012161332710611369	-8.675948796436783
105.0426	211.2	0.039091958045778724	4.201077246836294
165.046	212.0	0.0021731989814846057	7.406707919011494
234.0852	212.4	0.6752866098090722	-0.4573228751056296
234.0852	212.4	0.28826230263460617	1.3536941132009284
234.0852	212.4	0.3128195871351727	1.1571870229652472
234.0852	353.8	0.44610766068891117	0.9123527117779419
234.0852	353.8	0.21383841444990598	1.7937721558651232
234.0852	353.8	0.12494841414291046	2.48691396333607
234.0852	235.5	0.4056585674829392	-0.9305032083193071
234.0852	235.5	0.31959214585986634	1.2741227912481297
234.0852	235.5	0.36759937549481775	1.0394626177832975
234.0852	298.8	0.8197024657978018	-0.2441446373343842
234.0852	298.8	0.2625455767732013	1.5162532401121964
234.0852	298.8	0.20118582087558606	1.6761634497286189
232.1059	216.3	0.03236861259720987	-3.3132635081485264
232.1059	216.3	0.6649256715420788	-0.49318419667226276
232.1059	216.3	0.05145260740961138	3.8766140410874357
232.1059	258.6	0.024000390375961238	-5.526356193698379
232.1059	258.6	0.40429615863631924	-1.0449109313070515
232.1059	258.6	0.07089156732593252	3.5222338015448615
218.0903	220.3	0.990402019411023	0.013053160558131901
133.0375	220.7	0.22069897496229393	-1.4522830611753033
289.1274	222.1	0.08632075903905158	-2.8490662352651346
131.0582	224.6	0.004682490379557757	8.273884735159339
131.0582	224.6	0.06679016386845195	2.5073574249280517
131.0582	224.6	0.7161840084221598	0.4163371716366484
131.0582	257.6	0.006832495334732086	5.197580741108033
131.0582	257.6	0.8048314278072468	0.2740663893175438
131.0582	257.6	0.9730240794735382	0.03730337277607036
131.0582	274.3	0.0033780349938785825	8.35784649272909
131.0582	274.3	0.05017216916000246	2.833972955249673
131.0582	274.3	0.6498601574858225	0.5245288793753796
131.0582	331.4	0.002774593853709063	9.089977350573523
131.0582	331.4	0.017052931436811403	4.039565331417071
131.0582	331.4	0.5214309457378625	0.7636165747760064
131.0582	275.5	0.002984406848373912	8.623609642193266
131.0582	275.5	0.032851384921919746	3.2944573970032383
131.0582	275.5	0.5924653113681992	0.6256066862159563
141.0426	238.3	0.5976005737753528	0.6154298632964734
141.0426	213.7	0.3609516350586963	1.1411328747937586
161.0688	239.3	0.032175764766663915	-3.250929431585847
161.0688	239.3	0.0344310558118049	4.796030604522104
161.0688	283.8	0.833760496134132	-0.2351978514704484
161.0688	283.8	0.014798126587755733	4.107459449875499
161.0688	213.0	0.008891841681000281	-7.221644239009872
161.0688	213.0	0.4185576382627618	0.920245855650897
161.0688	329.5	0.3065800892752772	-1.3426929575369315
161.0688	329.5	0.13185172116025393	1.9851883124883618
188.1161	239.3	0.16547922219011227	1.895346957297451
188.1161	239.3	0.081471656810277	2.3269744066801588
114.0429	239.7	0.15534699046460462	-1.8759002516450445
133.0739	240.115	0.18193004653034986	1.717994827039078
133.0739	212.9	0.38844880586152736	1.025973245321123
133.0739	272.2	0.2091076038290542	1.6281735277120486
61.0528	242.2	0.18894035508145393	-1.5952745604659313
377.1335	242.3	0.33195743086658513	-1.1195683404146441
174.1004	243.9	0.03346852373340769	4.895461742006295
174.1004	243.9	0.44382622475782624	0.8487712771084652
174.1004	243.9	0.31206525691245696	1.3167738254334238
174.1004	260.7	0.06597653789394185	3.5918763515932257
174.1004	260.7	0.4123373892587052	0.9312620312837183
174.1004	260.7	0.2885521973541798	1.375224871003505
174.1004	329.1	4.400597320240778e-06	35.50306357428239
174.1004	329.1	0.02481616466174173	5.769398121878932
174.1004	329.1	0.1652828162566294	2.1415539358927607
197.0688	244.8	0.5592389161277699	0.6861132026210941
197.0688	212.6	0.1827315723540485	-1.6101244620677904
199.0957	244.9	0.48725518878792906	0.7916855904407732
237.0862	245.6	0.710561290298218	0.4221362187936973
237.0862	245.6	0.9105026475685523	-0.119692898165142
237.0862	332.4	0.011301725822595409	9.275498549483594
237.0862	332.4	0.2603843047749915	1.5540249746542036
346.09	246.5	0.2618165222237985	-1.4338041586243961
346.09	246.5	0.19280123695948584	-1.722258158316444
363.058	247.7	0.08179952348638493	2.3650082905463488
160.0848	249.3	0.05898761635604267	3.4047416603712866
433.1362	250.2	0.6130564883492328	0.5906546448319034
103.0633	255.4	0.2050776918752352	1.8505301887434797
103.0633	255.4	0.7483826175288382	0.36337880721444143
103.0633	315.6	0.006003995846523487	11.561880087264758
103.0633	315.6	0.020414892167505225	3.7248355413146417
216.111	262.2	0.1425799932506331	2.0681040401198234
434.2311	262.2	0.08162925748637632	2.7504365047435186
217.9885	270.4	0.5000168130921852	0.7417738581439819
174.0641	270.6	0.24072024799975933	-1.6360152729449582
174.0641	270.6	0.46964446566921275	-0.8140577877038278
180.0899	271.4	0.04272540837592596	3.0385153671832392
180.0899	271.4	0.7900073270938112	-0.2867556665045451
132.0059	272.4	0.005778253099185352	-6.54404530843818
132.0059	272.4	0.0001691672424845752	18.275678210400308
132.0059	272.4	0.004595903216962939	12.751986229122647
132.0059	241.3	0.1840799586458399	-1.9887111218366196
132.0059	241.3	0.8016730557933882	-0.2859283795792314
132.0059	241.3	0.4635870446920078	0.8864915831899551
89.0477	276.3	0.000694224533735442	9.802298362432456
89.0477	276.3	0.0034123221600326574	6.312549976628919
89.0477	317.0	0.016123469506865967	5.003098910736853
89.0477	317.0	0.0455121576175229	3.0414041109481453
127.0382	280.3	0.4281571994549658	-0.9572672940460326
117.0426	282.4	0.8201934374509096	0.25689458201961307
117.0426	282.4	0.21237539731522925	1.7455775333489203
117.0426	282.4	0.004292175895055019	6.434962778947212
117.0426	230.6	0.18819159772674174	-1.9370915863773543
117.0426	230.6	0.35215381403240625	1.1616101709742452
117.0426	230.6	0.011562156884246262	4.455116345414926
117.0426	235.4	0.0004970436635337024	-16.2399411368963
117.0426	235.4	0.3895218654993221	1.0898558745965208
117.0426	235.4	0.030211865708101894	5.575147643974649
158.0691	283.4	0.046218258677822664	3.970945409356131
158.0691	283.4	0.04131198374443829	3.0161230292702723
158.0691	265.2	0.06024263419447987	3.8243777735241005
158.0691	265.2	0.08104341725848382	2.9501070326647536
183.0532	284.0	0.00491688444493256	5.62395102598948
183.0532	284.0	0.16043850513129423	2.013450220762967
183.0532	284.0	0.001063531215045657	9.966205377573964
183.0532	212.6	0.47719373645754387	0.8521198397239537
183.0532	212.6	0.6500547378780237	0.4945716360771994
183.0532	212.6	0.2222866342929356	1.7211614290508952
183.0532	345.1	0.01513464191754917	7.237811581499164
183.0532	345.1	0.19163891854988474	1.9352185792577359
183.0532	345.1	0.0018442789740863881	16.294988871363135
300.0845	285.2	0.4286506117064749	-0.9740050199097339
300.0845	285.2	0.5175703550989527	-0.7475522058852967
300.0845	285.2	0.02893678847459514	-5.543040636366609
300.0845	375.1	0.12809234662565527	2.338680631088627
300.0845	375.1	0.09349242369272379	2.304428000323603
300.0845	375.1	0.02654154302514282	-5.4119438531551625
300.0845	262.7	0.7416535463051451	0.37803383608303737
300.0845	262.7	0.7118544244194225	0.42447835674559176
300.0845	262.7	0.5065855740820914	-0.8019233846549061
278.1271	285.718	0.20346732213732222	1.7568155601091213
59.0371	286.3	0.04474653287797234	-3.481851577523773
155.0219	287.3	0.5590947833864847	0.6827302035926106
193.0375	288.5	0.12379607609140407	1.9723524270171162
218.1267	290.6	0.06400177199819795	-2.9041663222646474
189.0637	293.0	0.2859736740701992	1.3388160313553599
189.0637	293.0	0.16972751775693296	1.8995194272482965
189.0637	293.0	0.4580214425709194	-0.8608082501364419
189.0637	244.4	0.2602321200566424	1.4246316132645558
189.0637	244.4	0.15553010155220867	1.9785741500453764
189.0637	244.4	0.5134408454202704	-0.7447276859310302
189.0637	274.7	0.5635158828143443	0.6404217167718245
189.0637	274.7	0.3178344389745005	1.1788797462897063
189.0637	274.7	0.23942230653223548	-1.411676087284088
328.1543	293.2	0.57495210576768	-0.6232714453373583
328.1543	479.0	0.2877235855265855	1.263352196808722
638.1119	294.6	0.09614153343091299	-2.4016700970736475
328.0794	294.7	0.21391219374524545	-1.6602710705179688
188.0797	297.7	0.28975390691465563	1.2195311321709537
188.0797	297.7	0.19691838473691442	-1.9059738113114588
188.0797	297.7	0.9537091062024733	0.06227845054698988
188.0797	297.7	0.9552219930230437	0.06023242430888644
188.0797	297.7	0.7500449189011544	0.3476116974122911
188.0797	223.3	0.4084594121972438	1.024772322276523
188.0797	223.3	0.003635580804375834	-16.488094414966824
188.0797	223.3	0.4611837539809176	-0.8860293437517377
188.0797	223.3	0.4609086454934596	-0.8867612254619653
188.0797	223.3	0.658123714766035	-0.5042333199529253
75.0684	298.4	0.007236005599823231	-5.321201017797524
282.0344	299.5	0.02149838438618149	-5.3498248373778585
146.1055	300.3	0.1209122899741208	2.38633557305487
146.1055	474.7	0.23323952625569952	1.524766570914408
145.0739	301.7	0.8406283218829654	-0.22224050847439425
145.0739	301.7	0.614247808898222	0.5496842839076848
145.0739	301.7	0.29302281348880715	-1.4064602422459467
145.0739	301.7	0.853752877005789	0.20654542564012876
145.0739	301.7	0.005648791125823409	5.914487214900117
145.0739	306.0	0.8934086977429436	-0.146984316240761
145.0739	306.0	0.5382965547931449	0.6743435617478286
145.0739	306.0	0.2762222601936901	-1.473336850657547
145.0739	306.0	0.7662003447045588	0.3346109904774318
145.0739	306.0	0.005976476479375082	6.190559451682607
145.0739	214.2	0.29582719853363904	1.2496940817392257
145.0739	214.2	0.17699125141209132	1.9134346188804787
145.0739	214.2	0.08322039240070184	-2.706923284983992
145.0739	214.2	0.03646370842858477	3.106587764187241
145.0739	214.2	0.014395406271608844	7.713908103436073
145.0739	246.2	0.6877763901668623	0.4528478230795908
145.0739	246.2	0.27103193151181393	1.4768801542311525
145.0739	246.2	0.0043754993685860884	-6.402403360923018
145.0739	246.2	0.0990978403736035	2.3453505233807577
145.0739	246.2	0.01649430815251771	7.5150003876003755
306.074	303.1	0.003007327669388335	-16.438087533079532
101.0477	304.0	0.8014281102153451	-0.2708839725565103
73.0528	305.8	0.8331176428947604	-0.23731878544430035
73.0528	305.8	0.8885864311173151	-0.15655466875001173
73.0528	396.0	0.22210355066973156	1.5512949562237592
73.0528	396.0	0.1906476215933496	1.6417214130150448
151.0494	306.2	0.20696310807252125	1.5190526711235173
165.0426	306.3	0.04195741876377231	4.228646184147448
165.0426	306.3	0.20708715779147088	1.7583995074367624
165.0426	393.4	0.006702705760426491	5.587401446963154
165.0426	393.4	0.029376595409603	3.505892526131419
165.0426	386.1	0.0168172131972043	7.542308599401134
165.0426	386.1	0.037866615264259246	4.95771909013269
360.1321	306.4	0.43192775607868306	-0.9396703073808064
330.0951	306.8	0.49918528657956796	-0.8133797303890403
446.0604	307.3	0.02573762234785587	-5.551034895076476
221.0913	307.6	0.35568307445949643	1.077748393342744
136.0385	320.9	0.7807079184181045	-0.29847204451276016
135.0354	321.1	0.8490915837058837	-0.20298035483422885
293.1384	324.546	0.08427820848130825	2.3787164050801093
87.0684	326.3	0.4899226148118851	0.7976932427613093
259.1208	327.6	0.022716643100262814	6.520852520975324
153.0426	331.1	0.010670140052641634	4.562008196589599
153.0426	331.1	0.0018637266338218383	9.386786574377524
153.0426	331.1	0.04302366344456227	3.9010330326234617
153.0426	331.1	0.029469082979621357	4.219951266803379
153.0426	331.1	0.025855996193512573	4.43201277668027
153.0426	362.1	0.4795674248197728	-0.7900793719693404
153.0426	362.1	0.007744580582260834	5.179383401612047
153.0426	362.1	0.23432125180291138	1.5179805291249047
153.0426	362.1	0.30003126252432927	1.2359189985934214
153.0426	362.1	0.2480251736927212	1.4100415296772724
222.1004	331.1	0.12738489514069035	2.017339379130877
222.1004	331.1	0.2654389521648697	-1.5298643304939719
222.1004	331.1	0.76856529154544	0.31505837297638567
222.1004	374.9	0.022331653804553896	4.027333559905298
222.1004	374.9	0.13319831030670673	-2.439506013680752
222.1004	374.9	0.3953908228148288	1.0081339409315966
232.0042	331.9	0.6687681931281151	0.48106424552331034
115.0633	338.4	0.22995679215612844	1.4999433504817516
426.0879	347.7	0.37675828207458045	-1.0455454280284617
198.1368	350.3	0.059746599526544125	3.4376604234538073
640.1428	351.3	0.26813413575335915	-1.5188398155017
642.1432	351.4	0.2541396427224478	-1.58299736346267
70.0531	353.3	0.01089821630461568	-6.898312312634303
70.0531	353.3	0.017974315088525063	-6.800693145815706
70.0531	373.2	0.20278614579148355	-1.8209841140969543
70.0531	373.2	0.30400836646086576	-1.2853619453060159
70.0531	373.9	0.15374794204296177	-2.2337135526117584
70.0531	373.9	0.15865779322623744	-2.152064799885081
139.0382	357.1	0.6439591202160359	0.5298798632604717
112.0273	358.5	0.28860349476388925	-1.27476443809332
433.1129	360.5	0.09343427449654798	-2.8726567491152415
208.0848	362.0	0.09567380027518103	2.9943391430572355
246.1328	363.4	0.06517117396153282	-3.4349862096940598
304.1383	369.5	0.834462484053561	-0.23687520066569517
114.0317	371.2	0.11679263207794272	2.184411512110588
248.0562	372.5	0.006317360033951108	-6.353558931043424
187.1208	376.1	0.006970303492256898	11.809609993320626
195.0895	379.8	0.06049513408474332	-3.0651046509221356
195.0895	459.5	0.4698455910661214	-0.8629686478498807
167.0582	380.6	0.0805564888129202	2.373354845215777
167.0582	380.6	0.15282978070265196	-2.225382946074135
167.0582	380.6	0.7290540276842495	0.37157674123340256
151.0633	382.9	0.24281471988761827	1.5363875828596716
151.0633	382.9	0.634201243030336	0.5382497380265799
151.0633	382.9	0.0913232011835477	2.230614990443135
151.0633	400.0	0.23408820835063035	1.6843016950169256
151.0633	400.0	0.5825312566042055	0.6496341431159631
151.0633	400.0	0.06553678200461421	3.6877683603978446
151.0633	434.7	0.35389668380074224	1.1938931696372705
151.0633	434.7	0.9267939127479388	0.10366016523448048
151.0633	434.7	0.18733935429450563	1.871870660523286
151.0633	349.4	0.3041727847347365	-1.2877693084581212
151.0633	349.4	0.21442109307913637	-1.6767530525979981
151.0633	349.4	0.24950627901452968	-1.594679519798217
381.0686	384.3	0.5725049050544742	0.6139473198209038
126.0317	385.5	0.2061811014586675	-1.8438452302689095
126.0317	385.5	0.7067251235514851	-0.40429252364542173
126.0317	385.5	0.30867113319263717	1.332671963025239
126.0317	409.3	0.03388294431710881	-5.266077495383374
126.0317	409.3	0.10886508545725565	-2.113751765633258
126.0317	409.3	0.4032037117530277	-1.030985160452982
126.0317	428.4	0.005556636563581296	-11.887061867847944
126.0317	428.4	0.3674909030890954	-1.1333586500296187
126.0317	428.4	0.05255311128812112	2.7887920005668576
208.0736	390.5	0.5097065354706244	0.7589833469989078
286.0477	400.2	0.4269898721653915	0.978145369331968
286.0477	400.2	0.11986754834638011	2.2759198483777556
286.0477	400.2	0.22380936413613922	1.607458341493704
286.0477	425.4	0.036095147435279216	-3.1588475898844774
286.0477	425.4	0.2274235605099185	1.5304646279210274
286.0477	425.4	0.8832873587761643	-0.1594172759760409
286.0477	425.6	0.003790573134175294	15.735269827429699
286.0477	425.6	0.01013836414652962	9.82149321557828
286.0477	425.6	0.01225824842710484	8.911838222724676
131.0946	407.6	0.7207538157473516	0.39941851258819483
240.0238	419.0	0.07874067307272285	2.669726585813653
243.0855	419.2	0.07827636798216843	2.855815511299464
243.0855	419.2	0.04088530296852505	3.9151925281954583
340.0794	419.2	0.9486512300562657	-0.0700114143923814
480.0904	419.4	0.9032312675104733	0.1295919227469539
255.9984	419.9	0.1826644073159815	-1.8499382533309587
179.0946	423.5	0.07696150134156156	-3.1597950762881815
179.0946	423.5	0.30740108066186816	-1.3240795481472358
283.1281	425.4	0.33054726801532835	-1.2508261315407077
127.0633	429.743	0.4914454408106563	0.8335923455448767
127.0633	330.2	0.1588052729702442	2.199745225253448
127.0633	347.5	0.2376068862503968	1.6547807024820995
168.0423	430.1	0.05329346830578364	-3.5074152680543036
168.0423	430.1	0.038422818660298674	-3.5444299694468144
168.0423	430.1	0.042775461327306634	-4.325245946846488
168.0423	233.7	0.11135066132699255	-2.365576254518089
168.0423	233.7	0.08343985687224283	-2.4630197597251806
168.0423	233.7	0.07055515211503499	-3.2804043963222265
168.0423	287.2	0.9956256218630422	0.005835529049034212
168.0423	287.2	0.6747689666951497	-0.45908372064300407
168.0423	287.2	0.14355248834769768	-1.8858341912392456
168.0423	492.0	0.08595309693019183	2.549307063170951
168.0423	492.0	0.3079838158683446	1.283422172053274
168.0423	492.0	0.37443651382872484	1.002952387509749
121.0528	430.7	0.8200026238213931	-0.25694173396403147
162.0351	443.2	0.006478976828714805	-10.563046738874974
217.1426	445.8	0.05432079000375566	2.7644722676019455
217.1426	445.8	0.030808699371502674	3.4186445511163837
217.1426	451.5	0.23269334992001445	1.4838683708327631
217.1426	451.5	0.14584256019038883	1.9206977831025127
132.0899	456.2	0.17081014803168054	1.7769977638565677
124.0524	458.4	0.8050440652742341	0.2758924256779405
124.0524	567.2	0.1787259534816849	1.8125810496781327
154.0266	464.8	0.41855071226544194	0.9945623313319314
154.0266	464.8	0.30330299585996556	-1.3337827240235056
154.0266	464.8	0.7714017689063132	0.31825797510866255
154.0266	605.5	0.383895754210313	1.0697909916556179
154.0266	605.5	0.6116382030143924	-0.5914898326557009
154.0266	605.5	0.6184684437053721	0.5657852017743296
153.0538	467.2	0.674566605970204	0.46966309306901094
256.1099	467.6	0.3414739924127977	1.2374656260548091
146.0844	477.1	0.44691105023715816	-0.8494238088538087
138.0317	480.2	0.8230803381766342	0.2419813808881922
138.0317	480.2	0.2820773492771255	-1.3381605612818808
138.0317	480.2	0.5752358377318049	-0.627872494602965
138.0317	480.2	0.2732570758213954	-1.272127104688669
138.0317	379.0	0.9811298022378573	-0.025361149919093055
138.0317	379.0	0.21678986202404998	-1.6303924213490202
138.0317	379.0	0.4028154937717915	-0.9849574319939562
138.0317	379.0	0.20235380113898194	-1.5232991311044328
133.0528	490.0	0.9750954398660712	-0.034796054719608276
133.0528	490.0	0.7257618950622218	0.37800372524464343
194.0579	494.8	0.13686485517479435	2.2332261043978443
564.1115	496.8	0.02038584954762358	6.8912947880508915
128.0473	497.6	0.04296631141745316	4.664058957393737
128.0473	497.6	0.47664595350872585	-0.8672258169808893
128.0473	497.6	0.1196564046616455	2.624380342531405
148.0524	499.9	0.4295883939265459	0.8951658429120684
148.0524	499.9	0.08548993475478939	-2.9422122595926368
148.0524	487.4	0.469150243528578	0.8062953477560516
148.0524	487.4	0.10549155494835004	-2.6694973878692907
161.0477	509.4	0.197653135216483	-1.5969011346014292
161.0477	509.4	0.683810809189165	-0.4402591344663834
109.0528	511.2	0.11238460756313674	2.0306238835761468
209.0244	515.9	0.0378147594217588	3.0574325020113355
336.0845	518.9	0.8424108039084502	0.22235723386602269
175.0243	521.4	0.21133430284184723	-1.8100350589613938
239.1018	522.0	0.27681464028785996	-1.4676757070676076
239.1018	522.0	0.15316856148226315	-2.2489838328451746
239.1018	522.0	0.34792290213583066	-1.195846591205301
176.095	529.4	0.5944413546265178	-0.6221588273368883
176.095	529.4	0.7198065100341399	-0.41247310277806276
152.0473	529.6	0.5020912170937916	-0.81174463477081
152.0473	529.6	0.25680767084290457	-1.5119213197894772
152.0473	529.6	0.6047056273434119	-0.6063299660761116
152.0473	529.6	0.8250640289969636	-0.24872495551125975
152.0473	537.0	0.030371762127169	-5.560197170490349
152.0473	537.0	0.006634930608865787	-6.3491412834519
152.0473	537.0	0.03009446310296375	-4.941173477960479
152.0473	537.0	0.032872677034721555	-3.8200568404283626
152.0473	356.7	0.05267012948633767	3.9862728109133783
152.0473	356.7	0.7004876349842004	-0.4189530439836184
152.0473	356.7	0.015097826426815234	4.377429714380002
152.0473	356.7	0.013381464183352088	4.495739690485189
152.0473	362.0	0.19088505961469446	-1.9292647719283091
152.0473	362.0	0.024549048891162762	-3.516785338680223
152.0473	362.0	0.3818887688860629	-1.0395826359711542
152.0473	362.0	0.8382073024787055	0.2182204310716304
152.0473	383.6	0.001797983238517277	13.606582509545849
152.0473	383.6	0.4605423681121011	0.8815733688570975
152.0473	383.6	0.0018024990164792964	9.198775498629264
152.0473	383.6	0.012768259386189225	6.846387480361451
149.0477	530.5	0.18224048704660648	2.009321776378742
149.0477	530.5	0.04685020320450382	4.453881092876946
138.0681	531.5	0.26250399841919286	1.5437842253220688
138.0681	531.5	0.08044194664760657	3.3083360315591346
138.0681	531.5	0.08044194664760657	3.3083360315591346
138.0681	559.0	0.4695855828538497	-0.8837490262720517
138.0681	559.0	0.22529895227090058	1.730893448731177
138.0681	559.0	0.22529895227090058	1.730893448731177
136.0524	538.2	0.9500183777595523	0.06799208484228488
136.0524	538.2	0.5037090903734571	0.738452790337306
136.0524	502.6	0.08376125821761782	3.103195111691085
136.0524	502.6	0.08006782414386746	3.2502251403780713
184.0372	538.6	0.29996721184389197	-1.3727524128577593
580.1792	546.4	0.05490275805350175	-2.795704668394161
164.0473	562.0	0.30794293813457446	1.2281379606899963
164.0473	562.0	0.234095407739907	1.42233735896329
164.0473	447.9	0.35511923603040946	1.06889947898285
164.0473	447.9	0.29653611249268036	1.2844615417573317
181.0739	562.3	0.011765685168473778	4.605020687321579
181.0739	562.3	0.45432993194151344	0.8758533866234887
181.0739	562.3	0.8869086198261956	0.157353457329319
181.0739	212.6	0.015340624604615572	7.641270675448049
181.0739	212.6	0.11817295770792971	2.4859775596784632
181.0739	212.6	0.5777072219462971	0.6447628116213485
418.1264	573.1	0.08698085434900653	-2.7639656822017535
418.1264	573.1	0.5213297285219269	-0.7612626910206405
152.0837	621.3	0.011547644955308776	9.202512657006235
152.0837	621.3	0.08531821075736704	3.1993195287369525
145.1579	644.8	0.364360355853616	-1.1640943562093369
61.0164	212.6	0.2828875460258088	1.2850692101327454
73.0164	212.6	0.6204278088057724	0.536412624728419
74.0004	212.6	0.07733789433986989	2.8110581433558277
187.0481	212.6	0.9687924160322124	-0.04330393231560299
187.0481	212.6	0.5534477226479739	-0.6652464017643895
187.0481	411.4	0.37062258634329	1.1416813054953305
187.0481	411.4	0.36027290586712846	1.167119768731992
191.0794	212.6	0.11717439117885818	2.3163689005906654
306.144	213.5	0.3926288836069838	-0.9598159681065264
192.027	214.8	0.02434533598995282	4.148406066161938
192.027	214.8	0.000901245649671686	12.753070651830901
192.027	214.8	0.00020482847981753764	15.799954127129261
192.027	214.8	0.005991646767885856	9.200299144326902
192.027	232.2	0.23521889443070307	-1.666846779168759
192.027	232.2	0.5343483824830512	-0.741685526250872
192.027	232.2	0.5647196553309358	-0.6824188593293538
192.027	232.2	0.6032607967915107	-0.6066249753981449
235.0481	216.2	0.3919556842191516	-0.9636720336415258
195.0532	216.6	0.7329438986450518	-0.3773111739292232
195.0532	216.6	0.10579453640463432	-2.498341456573952
195.0532	216.6	0.03683488400522262	-3.2545976722472156
195.0532	229.6	0.3251641274694243	1.1461492860494569
195.0532	229.6	0.3409908214642929	-1.1323579416087992
195.0532	229.6	0.9972639591683203	0.0037350684164696537
106.0266	217.3	0.014528610266761468	-4.128430860549918
239.0794	219.7	0.11668730003951452	2.1018070012887256
89.0113	221.1	0.9039207018135569	0.1327705786729961
76.016	227.4	0.008609741328020074	9.962720537332467
175.0593	228.2	0.6916387438745626	-0.45656737240190337
206.0427	229.4	0.05959847645663214	2.6474758140214734
206.0427	229.4	0.4624996247254048	-0.8993107975208167
206.0427	229.4	0.533831101163191	-0.7451370407059945
206.0427	229.4	0.5927019724431123	-0.6306876268800043
206.0427	229.4	0.4025354444091847	-1.0532748190108612
206.0427	244.0	0.10777894505604854	2.0737480190577577
206.0427	244.0	0.19225007164732388	-1.9263139586283942
206.0427	244.0	0.2201255591408987	-1.761713470918082
206.0427	244.0	0.243271070199517	-1.6370159324568525
206.0427	244.0	0.17064346643780573	-2.0973075376058006
206.0427	270.3	0.03037846844649471	5.478532406878393
206.0427	270.3	0.21668265589695038	1.4674618302152354
206.0427	270.3	0.05607741778264641	3.8633088422972626
206.0427	270.3	0.0333418491718032	5.316364163417689
206.0427	270.3	0.9157542208004995	0.11692920202883435
206.0427	274.9	0.09374831136480204	2.1943004908908423
206.0427	274.9	0.19860295424391577	-1.8831597430840528
206.0427	274.9	0.22880561718235906	-1.7129115727004023
206.0427	274.9	0.2540666397305082	-1.5838804139478766
206.0427	274.9	0.17530216165360044	-2.060156098519209
174.0164	230.0	0.6791942287014268	-0.477137678328192
174.0164	230.0	0.4716283192047084	-0.8217031948045862
174.0164	240.8	0.4909265701575725	-0.8308363077349021
174.0164	240.8	0.32687769312231846	-1.1559275951398988
253.0223	230.9	0.0024458788830089406	6.999253005130108
166.0477	232.9	0.20162732403184289	-1.5845811419465774
175.0481	233.4	0.09516896387176071	-2.432281772007969
175.0481	416.9	0.0850585342724662	-2.3202232084491063
134.0215	235.0	0.4993367963485879	0.8126563697111255
134.0215	235.0	0.6474777477860525	-0.504679365034413
130.0266	242.9	0.12283077079879309	-2.5811043688792537
130.0266	242.9	0.3175466899155965	-1.3135684240258412
130.0266	242.9	0.6196623425418115	-0.5701534897554075
130.0266	242.9	0.8217129978992502	-0.24882549496793085
130.0266	242.9	0.8671969138328126	0.18522410205708653
130.0266	275.6	0.08009883373553531	-3.3074470711433683
130.0266	275.6	0.3392769690926756	-1.2290503039935803
130.0266	275.6	0.9667330240413657	-0.045612948014341036
130.0266	275.6	0.712278178976846	0.40068409719518555
130.0266	275.6	0.35653314823349413	1.0778780632741656
130.0266	315.2	0.02340352248276185	-6.226880347524226
130.0266	315.2	0.38614487738951503	-1.0402381388604396
130.0266	315.2	0.2780361529526671	1.2558249657390506
130.0266	315.2	0.1851846642654738	1.6664724419264056
130.0266	315.2	0.04809012186458677	2.939648106636272
130.0266	319.6	0.006753260516728729	-10.618898099308542
130.0266	319.6	0.23342299927485893	-1.4383840485707935
130.0266	319.6	0.20424030724377484	1.616970583295285
130.0266	319.6	0.16897222074562848	1.9240608282902456
130.0266	319.6	0.05047727238316994	3.432676046171547
130.0266	471.9	0.3635810526127355	-1.1667898785447142
130.0266	471.9	0.5246603468802699	-0.7638177069159573
130.0266	471.9	0.648532299090289	-0.5297664945162951
130.0266	471.9	0.7107707240930796	-0.42545168756871243
130.0266	471.9	0.8056842370685244	-0.2793226841770532
104.011	244.0	0.7262892634806686	-0.3999064658754546
104.011	244.0	0.6658571164922265	0.49161158105383834
104.011	262.8	0.059720391503144926	-3.75692228772055
104.011	262.8	0.09176115879106754	-2.808139201325631
104.011	284.2	0.10732013037179675	-2.6982301349092683
104.011	284.2	0.22248992897571118	-1.640078343860039
145.0375	244.6	0.011360672348598553	5.890316356953771
145.0375	244.6	0.03232644743451998	3.47542521656811
145.0375	256.2	0.011231125670056217	8.434615597201475
145.0375	256.2	0.0009843300238818	11.213314561378294
198.0528	245.9	0.05663467672365377	-3.2928240717189916
198.0528	245.9	0.003883102896889897	-11.236332121951335
198.0528	276.9	0.12849325931216468	-1.9253394828469723
198.0528	276.9	0.07431052322149063	-3.4012048712718883
198.0528	335.0	0.04114931764515937	-4.2466694845737765
198.0528	335.0	0.0003759646387976557	-19.154575353981528
90.0317	246.1	0.33642848667350195	1.143062267511715
90.0317	246.1	0.05335846159219919	2.714105962944011
90.0317	252.1	0.4218421559855469	0.9604966159010393
90.0317	252.1	0.06119859349960503	2.756792110780203
113.0477	247.0	0.003924649631773878	6.95521748066595
139.0269	249.0	0.2420808548243038	1.634813951444986
157.0375	250.0	0.4695444026757827	-0.8077386966965252
163.0845	254.5	0.1826317917699935	1.7515144416526887
172.0372	258.1	0.5891913417102459	-0.6360620896066504
172.0372	410.0	0.03278008893366509	-4.651346752709362
156.0535	259.9	0.010798528471862448	6.248019239619072
219.0743	260.4	0.3902640242057158	-0.9640647796299293
132.0423	261.9	0.8759697634569492	0.1707895878507572
132.0423	261.9	0.4143025399457939	-0.9102756447380282
132.0423	475.9	0.1199203277909026	2.5086511402630842
132.0423	475.9	0.03698947305271809	3.767151452401792
88.016	265.7	0.04795246465652276	2.985218420679114
88.016	265.7	0.8602584662679118	0.19886906975597243
88.016	279.973	0.13531239702527956	1.8669200103638963
88.016	279.973	0.9836786350943862	0.02291726528118408
88.016	310.2	0.03797441959071632	3.4961972902135905
88.016	310.2	0.8127876544230019	0.2688688297270053
134.0579	266.0	0.009705934000554596	4.9612756207434785
160.0372	266.4	0.5473038636947629	-0.7154228519335888
160.0372	290.3	0.1929859683358527	-1.7971824550277133
226.0477	269.0	0.005547260469805327	-8.768635821682723
226.0477	269.0	0.0033629183221834547	-13.74089215783427
104.0473	269.8	0.1498503235312363	-2.260374243563634
104.0473	269.8	0.4435463115904048	-0.9365456750914717
104.0473	269.8	0.8430304843213619	-0.21157005258799585
104.0473	283.5	0.03336862071996911	-5.0428157737331265
104.0473	283.5	0.09135725563010864	-2.814586331893805
104.0473	283.5	0.4529922056277935	-0.8605734005911084
104.0473	292.9	0.01622101820227795	-5.468617104822193
104.0473	292.9	0.7943182166881396	-0.2810129311115227
104.0473	292.9	0.6920008006954965	0.45294487024390134
171.0895	272.1	0.5633174326230289	0.6786598415848242
160.0484	278.9	0.12200064833046999	-2.5659088336847873
148.0372	280.3	0.28050027450236364	-1.4524643425206893
148.0372	285.6	0.27909922803138165	-1.4562392703467377
102.0317	283.1	0.6200491658113517	-0.5433116597682834
102.0317	283.1	0.38812413827578934	1.0766179088543906
102.0317	354.4	0.8811367781278427	-0.16758331267487073
102.0317	354.4	0.3976026043409938	0.9776706486866032
159.0532	285.3	0.04160882185266431	3.8830846284339016
159.0532	347.9	0.013532901919689132	7.817663540201712
173.0688	295.8	0.3681016625304474	1.0965736881886974
173.0688	295.8	0.0917911173096939	2.3948931760965864
378.1274	299.6	0.3759245538438978	1.1289324241196441
182.0579	306.8	0.06058632200151466	3.473748291346685
182.0579	306.8	0.6355820603590137	-0.5267353571944874
182.0579	306.8	0.22081131866835974	-1.463665469036611
182.0579	306.8	0.20778956096588622	-1.5036435411798257
60.0211	311.1	0.4725633141641714	-0.8694817295948768
123.032	311.2	0.8690844786595968	0.18431556014558675
123.032	311.2	0.23854455626864524	-1.64256528925093
147.0895	311.2	0.9171620305687843	0.1119033373753402
147.0895	311.2	0.13688805012790753	2.3530338750870663
118.063	316.9	0.2388178952042558	1.5252893381080306
116.0473	319.1	0.045518196164073085	-2.972707641196442
116.0473	319.1	0.7791560273328063	-0.31773391772147813
180.0423	320.0	0.7496659717054378	0.359751700305203
180.0423	320.0	0.7677787784160572	0.33208887006557725
180.0423	320.0	0.1701286301912836	1.9905021433498968
180.0423	320.0	0.2962125684162705	-1.335640047015679
180.0423	354.6	0.14843999246721437	-2.2573782575553634
180.0423	354.6	0.13997674575902597	-2.3391202329206613
180.0423	354.6	0.6809946300436667	-0.4739700181504169
180.0423	354.6	0.04607291386401939	-4.319875918913169
180.0423	361.2	0.06790598147393709	-2.750551148584865
180.0423	361.2	0.06279448502631511	-2.825428544330576
180.0423	361.2	0.3316901865047942	-1.153100144311441
180.0423	361.2	0.01591692538450671	-4.5381521852436695
180.0423	380.8	0.374992422868277	-1.0369480074387007
180.0423	380.8	0.3674572567520526	-1.0581404385548372
180.0423	380.8	0.852542793743177	-0.20172897932086126
180.0423	380.8	0.16841713037225411	-1.8359600367013813
180.0423	389.5	0.6047310665090657	-0.5703277994920632
180.0423	389.5	0.5810387854001545	-0.6092419059560257
180.0423	389.5	0.4247085861298267	0.9115650089016865
180.0423	389.5	0.11130956047203021	-2.108431429583873
268.0551	320.3	0.36627401611908733	-1.056729093445359
146.0579	322.6	0.30105050600473116	1.3806472187207166
146.0579	322.6	0.00014686618021157483	-20.74853213325191
258.0852	330.9	0.2957239011602189	1.2181150359421287
314.0638	335.7	0.009246047327231123	-4.743860027326405
212.0321	342.2	0.13804991156306343	-2.01632187045161
212.0321	342.2	0.3120712076510551	-1.3100099312771392
161.0324	343.1	0.6759013547466735	-0.46307894199665967
145.1103	344.3	0.008769453153760778	-4.787243333709327
588.2948	344.8	0.07377272165948859	-2.444720175444098
73.5253	347.741	0.022862924084917448	-5.167211648925739
160.0736	351.1	0.061843252476954214	-3.8069608593960664
160.0736	351.1	0.15192690967093844	-2.2067676041403366
160.0736	511.8	0.9627560082209832	0.0513226450344175
160.0736	511.8	0.002104703584673978	7.076411672043411
148.0008	354.5	0.0016180431452213046	-9.13566970147358
148.0008	407.5	0.6413987539239034	0.5394567285707492
72.0211	359.6	0.0035300260852351834	9.400258064066524
281.0899	366.1	0.1688490173420674	-1.8468217341319246
137.0477	371.9	0.7347277535135515	0.3874077696823516
137.0477	441.4	0.8015654993516417	-0.26865569371754455
278.075	379.0	0.14544761215973856	2.0798819748010513
166.0266	384.7	0.03764910072451297	4.368327572199944
166.0266	384.7	0.9234319374787152	0.1084005654413784
166.0266	384.7	0.3125875268711669	1.288021318066314
166.0266	400.3	0.05574768730525527	3.600239029321423
166.0266	400.3	0.8924952632310179	-0.15262179388682817
166.0266	400.3	0.6399963615625958	0.5349173243301292
84.0211	388.8	0.2031506488197266	-1.8513551350788977
86.0368	390.8	0.020233445930626773	-4.127428575307945
176.0321	400.8	0.15000469912181918	1.8983071826209976
176.0321	400.8	0.42229417905362915	-0.9278311250306442
176.0321	400.8	0.5706296688929076	-0.617290047555951
176.0321	428.0	0.017956391087568555	3.8914833303452707
176.0321	428.0	0.7147243446230642	-0.392475735498156
176.0321	428.0	0.9427266304879631	-0.07781527286430462
226.0954	402.3	0.15307439571432635	2.0266654332502214
268.1059	415.5	0.22666262302777904	1.6178760097492937
584.2635	415.6	0.13387669910185493	2.2166876448004516
88.0524	417.6	0.0010161507405421991	-16.64440342929842
131.0219	429.5	0.04602153769821077	2.9945449287874486
131.0219	429.5	0.004818721840826232	-14.04746865867041
162.0528	447.8	0.7936889387646703	-0.28309504215309617
162.0528	447.8	0.7406054698396112	0.3666676558816656
155.0695	452.9	0.4571562156929443	0.9140868700454248
122.0368	463.4	0.06688071901090732	-2.8647494799665303
144.0423	466.6	0.039340143606188066	-4.732151523049017
144.0423	466.6	0.035637438834015454	-3.7495047421170367
144.0423	466.6	0.23155723974661654	1.4488781172107945
144.0423	520.8	0.08486016473339342	-3.1785028104493094
144.0423	520.8	0.09691182190356606	-2.6680567091552705
144.0423	520.8	0.317094703172429	1.1422553779770077
144.0423	550.5	0.006162581845380697	-9.366375006739808
144.0423	550.5	0.0061900202369108365	-5.383470877378523
144.0423	550.5	0.1467892389512495	2.1637397864178483
146.0215	467.3	0.09091616501272176	-2.251924476041822
490.2203	468.9	0.4233548025623659	0.8972128354274621
186.1256	480.1	0.42818448610241266	0.9752567895630669
186.1256	480.1	0.5123162646248849	0.7624119914462384
186.1256	506.5	0.3160258098952331	1.3095081653192737
186.1256	506.5	0.2603807163664045	1.465059141087375
114.0681	480.1	0.0017153224919248527	-17.567749203206656
114.0681	480.1	0.0020179824521946994	-18.898104889575347
114.0681	489.2	0.007563343629323442	-9.403934873309698
114.0681	489.2	0.0073206442085581545	-10.483686762506183
312.2301	484.7	0.7847984959489553	-0.30503386865256316
312.2301	484.7	0.7570755819696345	0.34767568378814945
312.2301	484.7	0.7513161979148466	0.3477567222484025
312.2301	484.7	0.8744190854018292	0.17425462854993154
312.2301	569.0	0.020482690471887707	-5.328634776842498
312.2301	569.0	0.030023393990336735	-4.6684022020692
312.2301	569.0	0.021907194108470217	-4.252046922769562
312.2301	569.0	0.023192616827898475	-4.684238439826239
312.2301	633.7	0.1206975639772696	2.234085112054604
312.2301	633.7	0.021369979238653924	4.5848112373504755
312.2301	633.7	0.08955929417830864	2.8408727642381195
312.2301	633.7	0.06608078645108265	3.13637638775115
312.2301	641.0	0.24455994527284486	1.3901265480765193
312.2301	641.0	0.03076146006501059	3.3652320711242476
312.2301	641.0	0.11597280952572595	2.2674421431942906
312.2301	641.0	0.0942163434697783	2.3540878158795207
212.1412	486.5	0.0032812896339326097	10.1978021978022
212.1412	552.8	0.05106789192125416	-3.073763769655051
264.1031	494.5	0.16511346858599713	-1.9070279578771019
481.2312	499.3	0.400861372304619	-1.048958550002467
210.1256	512.1	0.00937805119832259	-8.049594779126595
216.1725	538.0	0.0017915878455432058	-9.177537825306
174.0892	538.3	0.47661200718826346	0.8117736177861262
165.079	569.4	0.18560751493634114	1.8543879838390567
166.0994	574.8	0.18374190794900455	-1.9421476963660593
166.0994	594.8	0.00014732167910196158	-14.090859598563734
332.1624	581.1	0.9479457634220771	-0.07368074087782964
332.1624	581.1	0.9303686069795707	0.09865262270889343
332.1624	588.9	0.981844075131967	-0.02422304334376498
332.1624	588.9	0.9336850622393009	0.08881410785713237
144.115	589.7	0.21950601484394044	-1.6341686194119736
144.115	589.7	0.3606666332114861	-1.1420296960911394
144.115	596.0	0.00456430470247767	-7.404121005186355
144.115	596.0	0.0020286134910678525	-7.638298883263128
336.2301	592.1	0.025881333189517238	-3.593319165455955
336.2301	592.1	0.015946851900554677	-5.233415220226734
336.2301	592.1	0.02007105606068348	-4.558146386290926
336.2301	606.9	0.693904016896835	-0.4256957034614869
336.2301	606.9	0.2105162022746996	-1.6185932421324873
336.2301	606.9	0.38319533233300684	-1.0211220294225891
330.1467	595.1	0.585483954480533	0.6395442674971634
334.2144	602.5	0.3554234587652591	1.1007961144008358
334.2144	602.5	0.10676089745768857	2.0752164368558126
334.2144	602.5	0.47969053725333793	-0.7791058075079854
334.2144	602.5	0.799195079995497	0.28493744685614725
334.2144	633.1	0.048422126936101935	3.7306716438163163
334.2144	633.1	0.0037879573322616186	6.997072620699089
334.2144	633.1	0.017755481504261365	4.084132083970657
334.2144	633.1	0.19146409796808353	1.8836518474604982
334.2144	640.9	0.06129563098096547	3.2049100956729593
334.2144	640.9	0.005262385089716064	5.8375505645302495
334.2144	640.9	0.04187185846323911	2.9769757478534573
334.2144	640.9	0.24298560137618894	1.582249227650442
334.2144	677.3	0.18326331438194232	-1.9065018284567394
334.2144	677.3	0.1941529287489827	-1.9007267830634988
334.2144	677.3	0.13892961444366364	-2.3657696014133727
334.2144	677.3	0.15427025542577993	-1.9815216788686214
316.1675	604.1	0.4662325093925542	-0.8053891538131884
310.2144	609.8	0.27566265448563976	1.2622664709541223
310.2144	609.8	0.5252525641702281	-0.754088474787443
296.2351	610.1	0.032597971266464285	4.881408535202469
296.2351	610.1	0.14464726840200856	2.291200294541714
296.2351	610.1	0.08989755922347867	-2.5711923796868112
294.2195	614.3	0.0754062328205932	-3.0011044435208913
294.2195	614.3	0.0016306662337457745	-12.6931678363793
294.2195	614.3	0.00203419283334545	-14.14635674490764
294.2195	621.5	0.4216301350584042	-0.8944657958327877
294.2195	621.5	0.115408052380717	-2.616919970371304
294.2195	621.5	0.09358792630923173	-2.9829391796834286
294.2195	685.7	0.5460639910912152	-0.6755015898610139
294.2195	685.7	0.05260117086713899	-3.756656246781202
294.2195	685.7	0.04085113863616127	-4.436545321889983
250.1569	626.0	0.04741488901707464	-2.84375
250.1569	626.0	0.0352181720464667	-3.392715367059605
250.1569	728.0	0.19759563292877133	-1.686658128939057
250.1569	728.0	0.21746234526353003	-1.6954888681940758
316.2614	632.3	0.09885350121714466	-2.2751586807015465
338.2457	645.6	0.5850549616252183	-0.600682828042989
172.1463	650.6	0.7318660994884956	-0.3821527237790339
172.1463	650.6	0.5754195463375358	-0.6544752127617803
172.1463	667.3	0.3730737903842098	-1.0411725675130155
172.1463	667.3	0.07030456306170085	-2.4521817896605116
332.1988	651.4	0.4283184099549353	0.9699103033092108
332.1988	651.4	0.14311161316369228	2.140225593194094
332.1988	669.5	0.9867018801662146	-0.018533406023555007
332.1988	669.5	0.6587538683290082	0.49161280915926525
292.2038	659.6	0.0766323255169129	-2.4363155269707466
292.2038	659.6	0.05382728809303116	-4.056105911707288
292.2038	659.6	0.7342156236456903	0.36943995450745093
292.2038	659.6	0.2613869507569148	1.5254292746465035
292.2038	659.6	0.04834540673866945	3.382219003628215
292.2038	701.8	0.05352152301929721	-3.137723996228534
292.2038	701.8	0.006724092243070673	-9.510149630310684
292.2038	701.8	0.30770337635633044	1.2043843194276267
292.2038	701.8	0.021316284887309415	4.925460509328905
292.2038	701.8	0.002370223025696007	7.105531990680774
292.2038	726.3	0.14945808586987988	-2.0293595197779184
292.2038	726.3	0.006513001530120366	-8.61158593814585
292.2038	726.3	0.07535187453165434	2.732609106791813
292.2038	726.3	0.002888625508061021	8.994922765157028
292.2038	726.3	0.001357225930067434	9.565057854239676
292.2038	739.5	0.6402258483441737	-0.51406620313525
292.2038	739.5	0.2921598342484605	-1.4111496691499668
292.2038	739.5	0.152459556454824	1.9337221029336973
292.2038	739.5	0.0921955946063719	3.0014256450316887
292.2038	739.5	0.03062968567536938	4.4602555127397965
272.2351	663.1	0.8982793486807394	0.13958985774772953
318.2195	671.8	0.029110783679125653	-5.565869775939626
318.2195	671.8	0.10379373213342852	-2.7092210002420556
318.2195	716.4	0.0029190218065808637	-8.798975183602705
318.2195	716.4	0.07415180484040541	2.4027197895575774
278.2246	671.9	0.021573934785548206	-6.456395311458023
278.2246	671.9	0.645226235031868	0.5071009375118762
278.2246	759.9	0.0020826823340160824	-20.471856907008373
278.2246	759.9	0.00593518033909268	-6.558537213139008
234.162	677.8	0.920381581156495	-0.10650989107234
270.2195	679.5	0.8915393289607068	0.14818148527502353
258.1831	687.0	0.7024892466602712	0.42494755659024935
298.2508	691.4	0.015702980960883597	-5.982805599493719
316.2038	691.5	0.6521406691456153	-0.49784668682705036
320.2351	691.9	0.058566555136873984	2.651584781602046
320.2351	691.9	0.07500451599077587	2.4271735748300265
320.2351	691.9	0.04949136994294152	2.8121734721554374
320.2351	704.6	0.5945100027662613	0.579079662694674
320.2351	704.6	0.7656275140350917	0.3201229508242097
320.2351	704.6	0.494095726545666	0.7535053347370956
320.2351	740.7	0.14065512687955725	2.1622373679398805
320.2351	740.7	0.1568164817802666	2.0425191650925565
320.2351	740.7	0.13089433312436963	2.245356230800481
320.2351	747.5	0.031204247357138053	3.9484473112603684
320.2351	747.5	0.03576681769547675	3.7987599974334603
320.2351	747.5	0.028627686664083715	4.056899856908775
200.1776	727.1	0.8539453637173732	-0.19673967094149336
276.2089	738.3	0.01104505333555201	7.373947635726735
254.2246	783.7	0.26998033659579707	1.470320276128309
302.2246	787.0	0.7179468775268092	-0.3968664552992999
302.2246	787.0	0.18306872988291864	-1.771503302892957
280.2402	795.5	0.004493026270034451	14.586584094210401
280.2402	795.5	0.042605752150691505	4.677514324819686
304.2402	818.2	0.0002918886392621588	12.1912769588451
306.2559	862.0	0.1341633267489182	2.358839515222065
256.2402	868.5	0.6330189938965187	0.5375559921274569
284.2715	950.8	0.16137791075748534	2.079242033662847
