m/z	retention_time	p_value	t_score
118.0266	243.828	0.008857145394883812	5.689733354577874
118.0266	276.2	0.008354103710066707	5.777685400479514
118.0266	453.3	0.07318648940931718	2.4644334954212033
119.0582	207.274	0.2851396264075026	-1.3963057209076521
119.0582	207.274	0.08131584974406568	-3.2747299388562903
119.0582	207.274	0.17049561623057666	-1.7164239136508692
119.0582	207.274	0.5974626733973079	-0.5775922163628353
119.0582	238.3	0.017175237201240673	4.029041195243448
119.0582	238.3	0.4446374464961952	-0.9318450822583946
119.0582	238.3	0.3162247380587511	1.221947141833315
119.0582	238.3	0.28483733225701646	1.4066254571424808
119.0582	250.8	0.018745469860278828	5.4963587888161864
119.0582	250.8	0.02025178475008128	-4.166264407115939
119.0582	250.8	0.3760592147657158	1.1200052444772646
119.0582	250.8	0.3126014208761578	1.3353214965992504
119.0582	271.7	0.8294677467754457	0.24323842008013796
119.0582	271.7	0.42451051945941004	-0.9945648433444925
119.0582	271.7	0.8764976461749234	-0.16998230008945267
119.0582	271.7	0.7102692176493093	0.3991261888797155
119.0582	284.1	0.7163876804214073	0.3980772810564723
119.0582	284.1	0.06360683445414196	-3.6811841548801962
119.0582	284.1	0.6206968184760655	-0.5427215610129069
119.0582	284.1	0.6945187173888201	0.4430725357021449
220.0853	497.195	0.030842625959462928	-3.2826744893927273
220.0853	307.526	0.0038683176258937266	6.006114644930395
116.0956	285.437	0.9538002333205097	-0.0652969718589953
116.011	306.607	0.021357551519712234	6.321622652591097
116.011	484.1	0.024643316054346824	6.158500380044419
117.079	367.117	0.15998892989013797	1.7599847190388185
117.079	367.117	0.160189210803182	-2.1425974929619196
117.079	367.117	0.26794270044193674	-1.3399835456162805
117.079	308.1	0.032418744454172484	4.90388169972706
117.079	308.1	0.03391088119955521	-3.181224783655059
117.079	308.1	0.9183105507819782	-0.11409861838028522
117.079	353.8	0.024767966159855347	3.5922311370857893
117.079	353.8	0.2265910375909731	-1.6511950132289916
117.079	353.8	0.6732951510416554	-0.45412951908605076
117.079	232.2	0.04051973281371872	4.35467891381277
117.079	232.2	0.00864790415897828	-4.875529190277747
117.079	232.2	0.5038181238896104	-0.7851158799870536
129.0426	314.245	0.8313235486758568	0.2273765031673334
129.0426	314.245	0.27048734427319976	-1.4560288389098441
129.0426	314.245	0.21025838267497066	-1.6844355019675443
129.0426	314.245	0.5083399015393004	-0.7785005492222192
129.0426	318.0	0.2385121966000301	1.6070580517110689
129.0426	318.0	0.4462993313824855	-0.8458527478017305
129.0426	318.0	0.2546459904757311	-1.3787344845515708
129.0426	318.0	0.28981949305085414	1.2341000942185738
129.0426	268.3	0.14272999805537384	2.2959518646670034
129.0426	268.3	0.2700559137117252	1.3224972114708153
129.0426	268.3	0.8313801387227382	0.2342645166941288
129.0426	268.3	0.04152442090803554	3.4037427276022547
129.0426	330.8	0.23055002901566524	1.698373889029654
129.0426	330.8	0.4693784626846864	-0.865294201054369
129.0426	330.8	0.2822079051822977	-1.4305239231487876
129.0426	330.8	0.22180765981850264	1.6934515434825805
131.0949	407.601	0.16054691541997146	2.1305091839826953
175.0633	501.725	0.09705979628834413	-2.7181753801070316
175.0633	501.725	0.5104788185531928	-0.7333058979342661
129.0899	238.278	0.0032364438020424727	15.972059376832819
236.0797	332.279	0.054871809372833806	2.691963039336152
147.0533	330.532	0.07951401916539635	3.173021864130042
314.2453	615.341	0.08288194033101066	-2.507848657816359
330.2403	514.1	0.5423909116835176	0.6850267033494406
240.0091	296.401	0.5182618522255633	-0.7449978784118039
146.0691	194.544	0.7845874907159716	0.3050873203038917
146.0691	194.544	0.16957198000186166	1.728615307793626
146.0691	200.0	0.23951609741249857	1.440054981792666
146.0691	200.0	0.03790056908748626	3.093426254883369
87.032	362.361	0.054609353357696185	-2.693920291673466
87.032	362.361	0.0004445561075391563	-11.027366724785102
87.032	362.361	0.7098907648005756	0.42755649763633735
87.032	196.5	0.5104136047205864	-0.793806973572459
87.032	196.5	0.38045364120371056	-1.1158265562165461
87.032	196.5	0.6418553067111952	-0.5299505044681585
87.032	309.7	0.42268231786139693	-0.9792355353308609
87.032	309.7	0.06683626074990526	-3.455738589323917
87.032	309.7	0.7559363368877234	0.34391983792649383
87.032	271.8	0.3103048775852779	-1.2530354672543667
87.032	271.8	0.018475941554357188	-5.534813360592881
87.032	271.8	0.6818684968209332	0.46774285260628473
180.0642	388.88	0.0675715503892856	2.8682478209047138
180.0642	416.97	0.2058108847833287	1.7595296951958757
180.063	240.714	0.4017447285531269	0.945472217495376
147.0532	311.418	0.06364361327705274	3.725633217034611
147.0532	311.418	0.22240797169961166	1.7081769877673603
147.0532	311.418	0.050007784094332576	2.8204857850067135
147.0532	311.418	0.15344826296631067	1.7789169330088048
147.0532	311.418	0.08230744503128466	3.25595403474333
147.0532	220.1	0.1575472117215189	2.005897729168307
147.0532	220.1	0.2739988600055058	-1.2876264982721433
147.0532	220.1	0.060912098204034794	-3.3914488858850946
147.0532	220.1	0.05044539921461502	-4.0035092096407405
147.0532	220.1	0.13588481306608424	2.3378641416738777
147.0532	229.8	0.25660341087354255	1.479027513946293
147.0532	229.8	0.09330153740479923	-2.298244118736985
147.0532	229.8	0.021775980368068572	-5.331574786713453
147.0532	229.8	0.021255294453157342	-6.05526119034295
147.0532	229.8	0.17103871043395352	2.0377908539564937
147.0532	292.4	0.9248911805847895	-0.10245895541805276
147.0532	292.4	0.24744267222225885	-1.5513132498738929
147.0532	292.4	0.2074819691500402	-1.8332923731061967
147.0532	292.4	0.1929582599576963	-1.9307052888943588
147.0532	292.4	0.4930305548393225	0.7538495849220405
228.1473	379.45	0.0564460579623388	-3.512066999718492
246.1011	453.706	0.7297530066645515	0.39249579575771254
218.1268	290.52	0.029486213405229444	5.20919567024248
217.1428	445.77	0.07095378851801781	3.303080995147893
259.0457	148.0	0.608256742350078	0.588763567334529
211.0358	149.6	0.1233563855489856	2.248698412738379
199.0246	150.0	0.1312589193817269	2.2497771334391836
153.0096	152.0	0.1732455219030295	2.0009844847735656
215.0559	155.0	0.04340617006688133	2.925843453068828
169.0045	156.0	0.9388873179887434	0.08585551592774829
195.0743	163.0	0.010202446598697205	9.785273044222134
261.0307	164.3	0.015851733984317388	5.9857488399429695
332.1332	164.9	0.007638532248672772	11.342718221834675
307.0838	165.4	0.0062565898569290805	7.090916965492818
274.1277	168.7	0.015593763730164195	5.548325751158542
283.0917	173.4	0.000305919880251339	11.754307054181645
335.0631	181.8	0.9518481467583548	-0.06570376473563579
173.08	184.3	0.02766559991276056	3.6930264981147825
163.0481	188.0	0.009931185627210888	-5.691174755538313
174.1117	189.0	0.03952339273646558	3.801020050272021
190.0954	192.9	0.6505722926127093	0.5182006139865686
190.0954	192.9	0.1780952367972532	-2.026934463943426
190.0954	212.5	0.16665036885925252	1.9148286212878074
190.0954	212.5	0.2200096452431629	-1.741000433548326
190.0954	390.9	0.620744075230107	-0.56049309344344
190.0954	390.9	0.04832458148290989	-4.262719095223529
190.0954	291.4	0.07791835807648378	2.6099925647324524
190.0954	291.4	0.13436886173399784	-2.3651012964488607
151.0303	196.2	0.6855112592986738	-0.46720883828643045
177.0637	196.3	0.9926324006832814	0.010291565223256255
347.0631	197.1	0.04252663246986039	-3.0246323740226755
163.0593	198.3	0.24207938375364696	1.4850247213511478
204.111	199.8	0.8361360267229261	-0.22871522715205853
204.111	199.8	0.024678654987795524	-3.8294355960636386
204.111	253.3	0.17570445165267773	2.05643841463429
204.111	253.3	0.13681471130968495	2.3615545573185686
175.0957	200.7	0.4718029760142576	-0.8652186201615195
267.0968	209.6	0.0007783525984467952	12.609292102856635
267.0968	209.6	0.0006513443312424348	16.092735677140848
105.0426	211.2	0.41964979334573765	-0.9916160607179781
165.046	212.0	0.06971216254570756	2.7075378702032493
234.0852	212.4	0.25572979833571846	-1.5688409956232099
234.0852	212.4	0.2658660734752277	-1.527519409881728
234.0852	212.4	0.3874807506647143	-1.0931916952642338
234.0852	353.8	0.21404246044891823	-1.738296670578162
234.0852	353.8	0.23863838150834732	-1.6484569688640927
234.0852	353.8	0.6629313566096192	-0.5015556748141213
234.0852	235.5	0.19036791086604593	-1.5883549877781342
234.0852	235.5	0.2499712175606334	-1.4784015583446188
234.0852	235.5	0.08820890387703327	2.3188946657442613
234.0852	298.8	0.007179140746321674	-5.1182845445964515
234.0852	298.8	0.007814370907408295	-6.2480790685558105
234.0852	298.8	0.5544503318185404	-0.6443319211256651
232.1059	216.3	0.02742891601380256	5.528956578839541
232.1059	216.3	0.1761298171147272	2.037951395258386
232.1059	216.3	0.3904386868294704	-1.0277926146519392
232.1059	258.6	0.016115660549680288	6.733723987261249
232.1059	258.6	0.10632199411794992	2.7548640780205496
232.1059	258.6	0.1994856066400882	1.632334470451639
218.0903	220.3	0.007947072941187483	7.230589117018274
133.0375	220.7	0.008491988536774528	5.386687973686268
289.1274	222.1	0.9372787064458126	0.08726641593183268
131.0582	224.6	0.06018100888676036	-3.854985262170719
131.0582	224.6	0.1088311455723189	-2.586616464971379
131.0582	224.6	0.05988874942965593	-3.558861130391467
131.0582	257.6	0.374802396148102	-1.095937086475749
131.0582	257.6	0.07067210546868574	2.4497604495025516
131.0582	257.6	0.7959733581032639	-0.2764900202742696
131.0582	274.3	0.017289047613433157	-4.621724885053172
131.0582	274.3	0.1660343288175643	1.8240113326965481
131.0582	274.3	0.17786672941786855	-1.745867248569131
131.0582	331.4	0.35292550108514237	-1.1999179304958285
131.0582	331.4	0.49429629288199467	-0.8270121553957277
131.0582	331.4	0.3731638908652202	-1.1343997536891424
131.0582	275.5	0.05374693890579144	-3.291795520317825
131.0582	275.5	0.13381492315943314	1.9414248495254456
131.0582	275.5	0.250535765228099	-1.3690645916775628
141.0426	238.3	0.5592768474438138	-0.6373208847575217
141.0426	213.7	0.03101825596824104	-3.522470205442783
161.0688	239.3	0.44776311868104174	0.9200445597844374
161.0688	239.3	0.13023993220547414	2.32163542123118
161.0688	283.8	0.08088446145989361	-2.7422059961368848
161.0688	283.8	0.11257612772087135	-2.4376259602703705
161.0688	213.0	0.2310838411500101	1.6925642216845078
161.0688	213.0	0.07705791657839202	3.3399362600137703
161.0688	329.5	0.18504013550959716	1.9318005175194588
161.0688	329.5	0.059580882491561134	3.5969613694125417
188.1161	239.3	0.27521043480064666	1.2731421590804903
188.1161	239.3	0.3990716807409579	-1.0100916122160406
114.0429	239.7	0.05850080393083595	3.0503746950999613
133.0739	240.115	0.0598636926047182	-3.8656990686458887
133.0739	212.9	0.24153781535245886	-1.585623640979883
133.0739	272.2	0.10089775956673544	-2.5584100931384994
61.0528	242.2	0.01051419484828972	8.902028882446809
377.1335	242.3	0.002991567166906398	10.445831708055657
174.1004	243.9	0.9709189938806968	-0.03897873979303988
174.1004	243.9	0.9570221976134847	0.05734356086983357
174.1004	243.9	0.6207314043605048	-0.548669516871417
174.1004	260.7	0.26265802774851915	1.32944073164763
174.1004	260.7	0.2699674286318622	1.2809458707069494
174.1004	260.7	0.4045080561203236	0.9717279102649006
174.1004	329.1	0.47973146899825964	0.792883608962355
174.1004	329.1	0.4680992547468165	0.8033171531198596
174.1004	329.1	0.7106328198821761	0.4108757471524619
197.0688	244.8	0.43978395667248354	-0.950537131867817
197.0688	212.6	0.18745213451700757	-1.7152988896531458
199.0957	244.9	0.11445352617059106	-2.44310018675048
237.0862	245.6	0.05528803898869667	3.9493499334824076
237.0862	245.6	0.49470772676523983	0.8187949465408497
237.0862	332.4	0.05981674818881518	3.7907950556654844
237.0862	332.4	0.5994421814514842	0.6127057917980735
346.09	246.5	0.8080466429360978	0.26954174654496754
346.09	246.5	0.3391024406715195	1.1943794804682144
363.058	247.7	0.03609272386975028	3.1125878015079667
160.0848	249.3	0.3638790176528231	-1.1595623508192445
433.1362	250.2	0.2584994788158673	1.464042917344412
103.0633	255.4	0.08755173637066088	2.5725913085254377
103.0633	255.4	0.008021152005107335	5.038557016726874
103.0633	315.6	0.1900920353196051	-1.9247415516170494
103.0633	315.6	0.19512845468726753	-1.9139688118574034
216.111	262.2	0.48284288099633105	-0.8365560571792516
434.2311	262.2	0.9989799790322937	-0.0014381067184219194
217.9885	270.4	0.40743268964786167	0.9247541112991003
174.0641	270.6	0.7205277495604403	0.3908955230847461
174.0641	270.6	0.9762800645895358	0.03211032458725138
180.0899	271.4	0.46503607967907706	0.8461777401560264
180.0899	271.4	0.15263585295387186	1.8582196602493959
132.0059	272.4	0.02394021717740334	3.8554778461668473
132.0059	272.4	0.9552616803064566	0.06007619589550111
132.0059	272.4	0.6759590846864626	-0.4508699696785001
132.0059	241.3	0.40248663661575423	0.9797766650466897
132.0059	241.3	0.4007192872416806	-0.9916344074708318
132.0059	241.3	0.31444268157138017	-1.2508041202078397
89.0477	276.3	0.7179180143966574	-0.4129798267070955
89.0477	276.3	0.2899646855227778	-1.4253155732092984
89.0477	317.0	0.5262290081271819	0.7275549358539258
89.0477	317.0	0.22725586638886336	-1.7155993403468672
127.0382	280.3	0.10825860263379988	-2.3752667535341607
117.0426	282.4	0.000135868539004787	33.19258755054791
117.0426	282.4	0.2579109042417422	1.3418015548977127
117.0426	282.4	0.23060378756273453	1.5879145741691088
117.0426	230.6	0.003075498945903998	14.993496156380843
117.0426	230.6	0.19010744619751124	-1.7868845146380685
117.0426	230.6	0.19784394604641325	-1.8559010346437212
117.0426	235.4	0.0019818848752608544	17.515272906758558
117.0426	235.4	0.29599478799077583	-1.2999313625073394
117.0426	235.4	0.2993023993624243	-1.3598166018746156
158.0691	283.4	0.005510503080333939	-8.86834630665355
158.0691	283.4	0.004537615372427501	-11.005688914936531
158.0691	265.2	0.015470744208147508	4.050404743675527
158.0691	265.2	0.7516955213819899	0.34033186753425926
183.0532	284.0	0.24031294954453938	-1.5617319302749935
183.0532	284.0	0.08249546544301486	-2.3049504435144645
183.0532	284.0	0.09531140901319489	-2.986621628914149
183.0532	212.6	0.01887174556465803	4.779040556262062
183.0532	212.6	0.9742853934616977	-0.036208899456294644
183.0532	212.6	0.27404548911742327	1.3651419001002012
183.0532	345.1	0.012362315848270331	4.471848198549458
183.0532	345.1	0.9417069311226258	0.08161143076126738
183.0532	345.1	0.29110075221384857	1.3661896552600723
300.0845	285.2	0.19434429747182885	1.5725019983892257
300.0845	285.2	0.1668135230842498	1.744646571883167
300.0845	285.2	0.19943715150225322	1.8759970072827103
300.0845	375.1	0.7879469843947333	-0.2954271994477022
300.0845	375.1	0.9450256846225779	-0.07456993008918386
300.0845	375.1	0.25218311043080716	1.533666804042379
300.0845	262.7	0.10177876252852422	2.120833112701046
300.0845	262.7	0.09387456749660894	2.2363046609848563
300.0845	262.7	0.18489363110111523	1.9705586454250712
278.1271	285.718	0.7753669908884862	-0.31306817413094284
59.0371	286.3	0.05562024925746885	-4.0534750388336915
155.0219	287.3	0.3622297272478108	-1.1654836533429824
193.0375	288.5	0.6534490682665325	0.4843754333630876
218.1267	290.6	0.0029727341736033265	6.701699399267113
189.0637	293.0	0.17761764114178538	1.8459722559476714
189.0637	293.0	0.20213475890751725	1.7886214636160587
189.0637	293.0	0.019696846111628714	3.964208633420656
189.0637	244.4	0.005506617289198089	5.453159844460578
189.0637	244.4	0.17198893567805548	2.070593907393467
189.0637	244.4	0.0054170386438454265	7.119104671589351
189.0637	274.7	0.4265122392124869	-0.9853728361940319
189.0637	274.7	0.7466989623835858	0.3463544275677988
189.0637	274.7	0.8610805212110116	-0.1966894065460362
328.1543	293.2	0.3074156089710451	-1.1732260299316672
328.1543	479.0	0.23720913907577604	-1.4902019968903253
638.1119	294.6	0.0625866233243248	-3.761035356620076
328.0794	294.7	0.5257916648067232	0.7147609639144032
188.0797	297.7	0.3457653842730242	-1.1998497280455427
188.0797	297.7	0.5539445713809017	-0.6908818353957554
188.0797	297.7	0.2879571212628135	-1.4199688561757249
188.0797	297.7	0.2875369764338243	-1.4214970076456397
188.0797	297.7	0.4607081706523332	-0.9032217430355695
188.0797	223.3	0.027564953833038024	-3.410099858734608
188.0797	223.3	0.298642536077738	-1.2170194118156443
188.0797	223.3	0.008748481100149036	-5.131553316081382
188.0797	223.3	0.008694628188272076	-5.129370922084682
188.0797	223.3	0.06329369728626479	-2.9798762475885456
75.0684	298.4	0.0012362380836662135	19.586074710547898
282.0344	299.5	0.008940405674623604	-10.347552835862215
146.1055	300.3	0.6366313362771603	0.530754662408425
146.1055	474.7	0.2608776268205396	1.5499694963428166
145.0739	301.7	0.6256572290489416	0.5635906398308611
145.0739	301.7	0.9777690399793767	-0.03140219863932615
145.0739	301.7	0.7438463020838638	-0.36697002223300773
145.0739	301.7	0.9460730794880052	-0.07614584514189741
145.0739	301.7	0.4733024074760044	-0.8744586634140769
145.0739	306.0	0.4873353835241404	0.8135511179494164
145.0739	306.0	0.9208272473090506	-0.11191166616272923
145.0739	306.0	0.5877899647218424	-0.607268246331052
145.0739	306.0	0.871443534225205	-0.18192943286361732
145.0739	306.0	0.27993446692279467	-1.4552793711152945
145.0739	214.2	0.02375589063003064	5.513798067925586
145.0739	214.2	0.005187509882208551	6.204866106574522
145.0739	214.2	0.5091418485414895	0.7877833884141889
145.0739	214.2	0.025814118224704884	4.314207766676343
145.0739	214.2	0.053101389440747125	-2.789084561629412
145.0739	246.2	0.018480794198696106	4.785670455859433
145.0739	246.2	0.018732790215617558	3.9771686552735157
145.0739	246.2	0.6432645804325122	0.524854473022332
145.0739	246.2	0.03833555976661211	3.0567135712165414
145.0739	246.2	0.07092868604590966	-2.564315638595958
306.074	303.1	0.021646539201549523	3.737677970409375
101.0477	304.0	0.23436736484529327	-1.4128083117738337
73.0528	305.8	0.007058595317371164	6.562767253332131
73.0528	305.8	0.17908234765163422	-1.8956710305037066
73.0528	396.0	0.0050803385534287995	5.643760996452813
73.0528	396.0	0.4098711027474766	-1.019303578723046
151.0494	306.2	0.14066036937964183	1.9664157865733616
165.0426	306.3	0.09997338735823505	-2.7966237284858386
165.0426	306.3	0.2988470026791092	-1.2321218368667874
165.0426	393.4	0.040847070840617596	3.084259782638193
165.0426	393.4	0.0654431688355489	3.431392811545598
165.0426	386.1	0.16361321706143672	-1.8748193156106558
165.0426	386.1	0.2292982386691881	1.6845320636058516
360.1321	306.4	0.22552610446957344	-1.6294640391719515
330.0951	306.8	0.7895882581643097	-0.2874316307457724
446.0604	307.3	0.09746545707087796	-2.5985484052858907
221.0913	307.6	0.33405156448703066	1.2595030120313784
136.0385	320.9	0.49623840733775354	-0.8137772956793651
135.0354	321.1	0.6343485243439123	-0.5473835645093478
293.1384	324.546	0.11868874708780534	2.059175980614964
87.0684	326.3	0.8685249681522051	0.18007800765561222
259.1208	327.6	0.05256431758229629	3.146540206139953
153.0426	331.1	0.4216596622566238	-1.0014336835415163
153.0426	331.1	0.45259134320811434	-0.9246549461136784
153.0426	331.1	0.40863309725235786	-1.0366194309469816
153.0426	331.1	0.5611562628998841	-0.6678966814477038
153.0426	331.1	0.5528332742771951	-0.6975307759233941
153.0426	362.1	0.05945454424951288	2.784263226650145
153.0426	362.1	0.005811654597591581	5.368898293837155
153.0426	362.1	0.04362402272072533	2.9119627220330786
153.0426	362.1	0.31581490539177975	1.3200406760908838
153.0426	362.1	0.15120018315522282	2.2149645186142592
222.1004	331.1	0.00015472318484713172	14.749298646041822
222.1004	331.1	0.02851490390010071	5.778344578305202
222.1004	331.1	0.03591421582794749	4.364303572322009
222.1004	374.9	0.956062733702721	0.06186466008458897
222.1004	374.9	0.03078885299908082	4.839055085650711
222.1004	374.9	0.4451485519503386	-0.8900975889775525
232.0042	331.9	0.40025484619483664	-0.9969357509429853
115.0633	338.4	0.024983693904849735	-4.753426849842212
426.0879	347.7	0.08562347370025707	2.433203710601719
198.1368	350.3	0.027231463546751995	5.379116790402125
640.1428	351.3	0.7816388812314373	-0.3100261888390802
642.1432	351.4	0.904018342547456	-0.1340038372235657
70.0531	353.3	0.004986045873329218	6.56817401507784
70.0531	353.3	0.004986045873329218	6.56817401507784
70.0531	373.2	0.0485238727467738	3.38371582056882
70.0531	373.2	0.0485238727467738	3.38371582056882
70.0531	373.9	0.000493988225189323	14.613695736867435
70.0531	373.9	0.000493988225189323	14.613695736867435
139.0382	357.1	0.09860528986978438	-2.1711585607140593
112.0273	358.5	0.03821707341064375	4.902075255487475
433.1129	360.5	0.08044042012873209	-3.226663766014419
208.0848	362.0	0.5286800756718042	0.7423415993038974
246.1328	363.4	0.24776723503722647	1.5986250663706896
304.1383	369.5	0.3336464227011667	-1.2408415944746913
114.0317	371.2	0.17192147016547915	1.8206648032275268
248.0562	372.5	0.3472546858086175	1.067243079087369
187.1208	376.1	0.2136136691183668	-1.7883711615440592
195.0895	379.8	0.002042813917745627	7.412582879373511
195.0895	459.5	0.881487934087906	0.15945662912881772
167.0582	380.6	0.15781024259258805	2.1801736617604024
167.0582	380.6	0.00150706989288233	13.25381424230832
167.0582	380.6	0.0050264809570168476	-9.856078382378813
151.0633	382.9	0.5585041913935118	-0.6392542965126515
151.0633	382.9	0.12991931225906556	-2.3996592967510666
151.0633	382.9	0.22986137721508137	-1.665670149629278
151.0633	400.0	0.499581617826602	-0.742186350979377
151.0633	400.0	0.07513279752216143	-3.1476101454576733
151.0633	400.0	0.14664843013052092	-2.1876164223158834
151.0633	434.7	0.029961421433995352	-3.363246050447657
151.0633	434.7	0.011695244491295187	-7.399969223897523
151.0633	434.7	0.0169024928294574	-6.357753904955876
151.0633	349.4	0.6990091651161188	-0.42553308536278694
151.0633	349.4	0.028610110519401013	-4.237319750885692
151.0633	349.4	0.08468986572634093	-2.6755097757665167
381.0686	384.3	0.14282908408091693	-2.3148970986363566
126.0317	385.5	0.4039428540403396	-0.9345566506468959
126.0317	385.5	0.2626350859393537	-1.4262497631071125
126.0317	385.5	0.8763425600647556	0.1742723659320922
126.0317	409.3	0.6877624774192641	0.45227760644124865
126.0317	409.3	0.8181112532639159	0.24657387419494975
126.0317	409.3	0.009754094575316409	4.865128093181972
126.0317	428.4	0.6756508205011211	0.45994820213154886
126.0317	428.4	0.8066833009258454	0.2621955051978332
126.0317	428.4	0.04222460086011527	3.513230337219185
208.0736	390.5	0.3418683246562232	1.1395645749861958
286.0477	400.2	0.740854354331942	-0.37892948600971627
286.0477	400.2	0.11430809013735269	2.3802389396549497
286.0477	400.2	0.4136954107297252	1.0004792283617947
286.0477	425.4	0.19497661914565834	-1.9148897073285158
286.0477	425.4	0.9452936653870359	0.07651369827446622
286.0477	425.4	0.4419899336288504	-0.9409084031167164
286.0477	425.6	0.7572177770881171	-0.35388593451037254
286.0477	425.6	0.6218075225940367	0.575377033675568
286.0477	425.6	0.931668173841133	0.09674168910488884
131.0946	407.6	0.20677042142489918	1.5471316493039686
240.0238	419.0	0.6245539675862706	-0.5424799885196226
243.0855	419.2	0.2014768225398712	-1.872856542944598
243.0855	419.2	0.1964552194291964	-1.904540542237131
340.0794	419.2	0.22131020671464657	-1.7430860768205485
480.0904	419.4	0.015266290784986711	7.237483179186858
255.9984	419.9	0.13144708406513755	-1.9505404585761539
179.0946	423.5	0.30671592879799603	1.3533890568984652
179.0946	423.5	0.12707091935806342	2.509798915236394
283.1281	425.4	0.10938470325494416	2.7293209600525463
127.0633	429.743	0.0697257071801986	-2.46118183055923
127.0633	330.2	0.8405766713076683	-0.22735294915025664
127.0633	347.5	0.9714464025025127	0.0382254590015751
168.0423	430.1	0.28983822738507087	1.2398792235910159
168.0423	430.1	0.3444197836340057	1.2265467655048217
168.0423	430.1	0.23009338878489125	1.6313782146495166
168.0423	233.7	0.0015581264389131738	-9.66221565597817
168.0423	233.7	0.6035217872882425	0.6102881034687136
168.0423	233.7	0.17105786191261546	-1.9525448302268495
168.0423	287.2	0.1732858452866338	-1.680437038936588
168.0423	287.2	0.3927222364200636	1.0801418814002803
168.0423	287.2	0.5110897474733834	0.7774640864628225
168.0423	492.0	0.15278304267218765	-2.0943231834115035
168.0423	492.0	0.44689255478838796	0.9346203732048165
168.0423	492.0	0.9659272142265933	-0.04599804644300523
121.0528	430.7	0.0584946620950388	3.9474420270723205
162.0351	443.2	0.14897291499885482	2.1720109321300844
217.1426	445.8	0.1266927055253123	2.461033612295767
217.1426	445.8	0.012411100944695719	5.943677300360484
217.1426	451.5	0.13973247391860624	2.2835104647695155
217.1426	451.5	0.01189826865907602	5.291069109896626
132.0899	456.2	0.946189171475847	0.07384689379912592
124.0524	458.4	0.9367926497480177	-0.08462539827336708
124.0524	567.2	0.5301608714574234	-0.6895350521350007
154.0266	464.8	0.021788727602047166	4.869776375086756
154.0266	464.8	0.8249915907353138	0.24907445361356487
154.0266	464.8	0.1475734787599311	2.2977518257723033
154.0266	605.5	0.014599339387568761	4.167842920591773
154.0266	605.5	0.5430401838695363	0.6802764914185727
154.0266	605.5	0.1307419612316134	2.419343687871627
153.0538	467.2	0.5876258372030119	0.5931366663648701
256.1099	467.6	0.5274228934863419	0.7358135439223068
146.0844	477.1	0.1785007793247821	-1.672136424043205
138.0317	480.2	0.38617213951765794	-0.9793787547462116
138.0317	480.2	0.5209577036779648	0.7059317012084934
138.0317	480.2	0.83694403975764	-0.22132625736514255
138.0317	480.2	0.831490701731719	0.23031225753712783
138.0317	379.0	0.017362400488975627	-4.630586059237107
138.0317	379.0	0.3034448525680627	-1.2951864474141375
138.0317	379.0	0.14576234652780917	-2.14698913747271
138.0317	379.0	0.2843798227645245	-1.394303777927933
133.0528	490.0	0.08756046827626128	-2.9960401479636984
133.0528	490.0	0.32178115367900934	-1.2814525052348607
194.0579	494.8	0.16359231734162064	-2.155514194089588
564.1115	496.8	0.18222023148149635	-1.870937708856558
128.0473	497.6	0.17524560282642324	1.662298339824933
128.0473	497.6	0.9404045045756955	0.07958234371535874
128.0473	497.6	0.27663667014119553	-1.355294369854156
148.0524	499.9	0.18722925182340414	1.9040331381616578
148.0524	499.9	0.11299255127630449	2.6800466688793585
148.0524	487.4	0.038087580292303115	-3.1372524412749607
148.0524	487.4	0.49786679750117646	-0.7558549892806324
161.0477	509.4	0.04516866614508927	2.9208610091120333
161.0477	509.4	0.03835428481037565	3.128664445078965
109.0528	511.2	0.11528372154606038	2.244386093655921
209.0244	515.9	0.037482193771556344	-4.105843789200667
336.0845	518.9	0.46499883091201466	-0.8929657744518074
175.0243	521.4	0.3855813345304371	1.0435081460947329
239.1018	522.0	0.05919653358448902	3.917595782875914
239.1018	522.0	0.11166860048083423	2.7207174576136537
239.1018	522.0	0.040584848311308645	3.774484893735047
176.095	529.4	0.02592134338698072	4.048671042835756
176.095	529.4	0.017486583163170356	5.540121357495608
152.0473	529.6	0.17623384333648687	-1.8922455073574052
152.0473	529.6	0.12863556505774373	-2.4108266280461086
152.0473	529.6	0.0009971112039261526	-8.630280440165562
152.0473	529.6	0.004591503363848105	-7.074841882355145
152.0473	537.0	0.004569118769741569	-6.16368452227642
152.0473	537.0	0.005115832150628855	-5.788190626217037
152.0473	537.0	0.008943663640779457	-8.871274006890816
152.0473	537.0	0.00466013461524605	-8.872225057872418
152.0473	356.7	0.6524462517519977	-0.5101341942220099
152.0473	356.7	0.2494869886220021	-1.5636060535611864
152.0473	356.7	0.00578272871083969	-5.388678770558319
152.0473	356.7	0.014103858597975447	-4.8204087992382405
152.0473	362.0	0.36421476358917276	-1.0531147610155578
152.0473	362.0	0.1742032431427295	-1.887791809214183
152.0473	362.0	0.017418088016925754	-4.709784968033695
152.0473	362.0	0.009376207152561851	-4.698960523563368
152.0473	383.6	0.49467652832249176	0.7651565900084301
152.0473	383.6	0.7804938524169263	-0.29810259984888254
152.0473	383.6	0.7946807294433358	-0.2940374531743318
152.0473	383.6	0.5554429661195354	-0.678310484904573
149.0477	530.5	0.9907443625540922	0.01234134256340321
149.0477	530.5	0.06334545150424	2.5502076821690163
138.0681	531.5	0.33387393308452357	-1.2441073250665364
138.0681	531.5	0.2110529433219826	-1.815041041689535
138.0681	531.5	0.2110529433219826	-1.815041041689535
138.0681	559.0	0.46459616931691544	0.8076850309909992
138.0681	559.0	0.16534774566375635	-2.1080553748500024
138.0681	559.0	0.16534774566375635	-2.1080553748500024
136.0524	538.2	0.16973834204273833	-2.0911414645762534
136.0524	538.2	0.27886561526607234	-1.3689882686219104
136.0524	502.6	0.09222089527483264	-2.8527307202786356
136.0524	502.6	0.4469597838972868	-0.842495488385844
184.0372	538.6	0.8539307530462018	-0.20442892401422008
580.1792	546.4	0.642004728039444	-0.5414516317936685
164.0473	562.0	0.4572674416806853	0.8220254736826704
164.0473	562.0	0.03514937256528968	3.255988828511739
164.0473	447.9	0.7202042152452813	-0.3846006276102732
164.0473	447.9	0.0883888696099297	2.345125793163119
181.0739	562.3	0.27760226992470505	1.4151575312528513
181.0739	562.3	0.0028815316602986076	6.505432165600018
181.0739	562.3	0.00662008892107504	5.177712514285236
181.0739	212.6	0.13736033887279994	-2.29156382313053
181.0739	212.6	0.021979439154105107	-3.7123088769483776
181.0739	212.6	0.007653810584599876	-5.116872591447304
418.1264	573.1	0.6665653839574018	-0.49991041826094257
418.1264	573.1	0.3797004272986858	-1.1154080322813507
152.0837	621.3	0.30597255503913307	1.2567054403767013
152.0837	621.3	0.7044538398382258	-0.43214092217741884
145.1579	644.8	0.5433561443300756	-0.7060141663489828
61.0164	212.6	0.4159584721964055	0.9688559259726824
73.0164	212.6	0.14054973393963846	-1.8743962931303175
74.0004	212.6	0.9287443078404666	-0.09573498794470532
187.0481	212.6	0.4245185495975691	0.9103383020537718
187.0481	212.6	0.04074632209890947	4.569237067514442
187.0481	411.4	0.0428435175350196	-2.929494071338151
187.0481	411.4	0.13556840884883173	-2.4076114155835135
191.0794	212.6	0.014244560541898007	-7.889617784817057
306.144	213.5	0.5294978756440732	0.7459839578010213
192.027	214.8	0.06305690383142717	3.6567080973348705
192.027	214.8	0.03391993897219425	4.830939921037407
192.027	214.8	0.29030479915395657	1.4123649901416733
192.027	214.8	0.0413782352128142	4.42944379541293
192.027	232.2	0.06667124304904	3.1077022122883786
192.027	232.2	0.030030124325662395	3.891233206346807
192.027	232.2	0.38142833539852455	1.0744205690766393
192.027	232.2	0.03924129252405436	3.6101745089440875
235.0481	216.2	0.009035804893070577	-5.301775475776578
195.0532	216.6	0.6958259617949476	-0.45088724377730416
195.0532	216.6	0.18938781430580073	-1.903694825122662
195.0532	216.6	0.8309823799811236	-0.23320115161279573
195.0532	229.6	0.740996387232965	-0.3790764310389604
195.0532	229.6	0.36508126466525054	-1.1566350052286751
195.0532	229.6	0.7890864578357083	-0.28607041013021783
106.0266	217.3	0.007608244833192468	6.710951219630565
239.0794	219.7	0.2796288722287052	-1.2773493775356917
89.0113	221.1	0.43563769001360914	-0.8664269401123355
76.016	227.4	0.14938120040748393	2.154902301274236
175.0593	228.2	0.06082110251302656	3.631171145487259
206.0427	229.4	0.04807698849735951	3.5916494378652613
206.0427	229.4	0.05745276432132836	2.6670132529405057
206.0427	229.4	0.07119725234138745	2.503627260391258
206.0427	229.4	0.07108635935519793	2.530006190877295
206.0427	229.4	0.10213993862108961	2.232078799536431
206.0427	244.0	0.052024088106754254	3.626728347142023
206.0427	244.0	0.05524404367775829	2.7881919595680706
206.0427	244.0	0.07154642248477909	2.592931536065253
206.0427	244.0	0.07254343748987696	2.6124392840756467
206.0427	244.0	0.10578419412815335	2.282243624035842
206.0427	270.3	0.04887912850184305	3.5929002655420335
206.0427	270.3	0.057357095481590556	2.677715522114081
206.0427	270.3	0.0716333642260767	2.509939944916721
206.0427	270.3	0.0716961391999856	2.535544132503096
206.0427	270.3	0.10334520428449823	2.233038282970116
206.0427	274.9	0.04954232186128593	3.6856800661604554
206.0427	274.9	0.04915982232527853	2.8930844050031075
206.0427	274.9	0.06399421291936365	2.6931737567959253
206.0427	274.9	0.06518212163089719	2.7096121537805544
206.0427	274.9	0.09580124552063177	2.374093177594822
174.0164	230.0	0.19100041407235652	-1.6269117938202868
174.0164	230.0	0.7874148403297406	-0.29660331432882653
174.0164	240.8	0.9911084590776537	-0.012162798014156402
174.0164	240.8	0.672387473998773	0.4613952517634765
253.0223	230.9	0.5521529360604284	-0.6640735934619647
166.0477	232.9	0.4364635871071969	0.8649164916063229
175.0481	233.4	0.2756059024227965	1.4853988823198159
175.0481	416.9	0.3240884099079533	1.2783764788700303
134.0215	235.0	0.40811995288313874	-0.9632820900985003
134.0215	235.0	0.04891639586868139	-2.886372429063737
130.0266	242.9	0.21069649828211265	1.5070445954820202
130.0266	242.9	0.3658418039804714	-1.073144869804753
130.0266	242.9	0.29757202615941303	-1.3536738062269884
130.0266	242.9	0.1776571859888825	-1.9441567671377071
130.0266	242.9	0.4263499368220829	-0.9227985046463737
130.0266	275.6	0.06629550403600523	2.9167655971400572
130.0266	275.6	0.367387817251383	-1.0239141841890638
130.0266	275.6	0.1432882144517987	-1.8954075103165744
130.0266	275.6	0.037042855595219075	-3.2723424104363596
130.0266	275.6	0.5052938577603845	-0.7370725243896692
130.0266	315.2	0.08162387172893286	3.076573809571261
130.0266	315.2	0.29449725898337037	-1.3199924542711226
130.0266	315.2	0.04381395134401264	-3.022648973407001
130.0266	315.2	0.010335254396588332	-4.97605177913931
130.0266	315.2	0.4179076542795683	-0.968281570564463
130.0266	319.6	0.057978047123533286	2.8109165795752475
130.0266	319.6	0.4976957115609284	-0.7451699186971932
130.0266	319.6	0.2888256913664339	-1.3025530725030003
130.0266	319.6	0.09886042736145041	-2.395560350909285
130.0266	319.6	0.6412438451699749	-0.5032543415540496
130.0266	471.9	0.05224376419078877	3.4953719839714723
130.0266	471.9	0.7106655048975625	-0.40504388017484005
130.0266	471.9	0.306397629917713	-1.1773261059704065
130.0266	471.9	0.04944025038877803	-2.805884752891097
130.0266	471.9	0.9188487914807413	-0.11020040741025937
104.011	244.0	0.5022970675922124	0.7872898215420951
104.011	244.0	0.01305054776626404	6.774833710378743
104.011	262.8	0.9907901747578585	-0.012934558388736257
104.011	262.8	0.021723836104135644	6.132398454704115
104.011	284.2	0.008328416813797491	-4.853558097695974
104.011	284.2	0.6291166965238109	-0.5222006759664616
145.0375	244.6	0.2760789879727625	-1.444916027189657
145.0375	244.6	0.2762134592542444	1.3457914449434871
145.0375	256.2	0.14886056184628008	-2.2588431262569997
145.0375	256.2	0.640654567492137	-0.5340678860145578
198.0528	245.9	0.0026903578782435707	-7.328814902147029
198.0528	245.9	0.005560676021501905	-5.901373759750923
198.0528	276.9	0.22303507779909007	-1.5953255052696504
198.0528	276.9	0.4210530996814042	-0.9530153425064365
198.0528	335.0	0.0023826418664786597	-7.538600366927975
198.0528	335.0	0.004829629809628028	-6.117817615933342
90.0317	246.1	0.5087199395648838	0.7811460052900243
90.0317	246.1	0.17627293179017572	1.9373408228578948
90.0317	252.1	0.4866312062066622	0.8219251998555901
90.0317	252.1	0.16703910046570847	1.9662301922672758
113.0477	247.0	0.08217091885703555	-2.885065954993365
139.0269	249.0	0.4126176481492735	-1.0262202752543728
157.0375	250.0	0.007516427161774449	10.122866390142491
163.0845	254.5	0.01791685286711969	-3.9649554220522236
172.0372	258.1	0.015543234062374735	6.357312535784704
172.0372	410.0	0.07116247163100094	2.513066678183122
156.0535	259.9	0.6353294021075768	-0.523424009163866
219.0743	260.4	0.9307888773159495	0.09556470338325028
132.0423	261.9	0.16231124794980537	-1.8493462153463778
132.0423	261.9	0.4940330507866701	-0.7762645430340586
132.0423	475.9	0.5599439069181619	-0.6754142408293545
132.0423	475.9	0.9922922099642411	-0.010712447125435698
88.016	265.7	0.012186802367829014	5.272429703167453
88.016	265.7	0.6828554012839678	-0.44067374877886084
88.016	279.973	0.5283875565504316	-0.6905052447915981
88.016	279.973	0.012180404457955315	-5.419007619911191
88.016	310.2	0.03173397987351172	3.3588110430036484
88.016	310.2	0.053550576489848775	-3.488036344222288
134.0579	266.0	0.13004917549858613	2.363273873880693
160.0372	266.4	0.4922497392343115	0.8179635837554863
160.0372	290.3	0.4583667862762741	0.9072503007652272
226.0477	269.0	0.04362077039848411	-3.6002905480475516
226.0477	269.0	0.0038973634355329847	11.853987270913908
104.0473	269.8	0.5448899265687945	-0.6683321009038724
104.0473	269.8	0.4972378267841167	0.7834466762673917
104.0473	269.8	0.5004083269766616	0.7417801058299864
104.0473	283.5	0.324610582002189	-1.2646731127906532
104.0473	283.5	0.7884165615437644	0.28853956765120986
104.0473	283.5	0.7452018466860056	0.3668478655750597
104.0473	292.9	0.09450018841749196	-2.658378363740146
104.0473	292.9	0.03438833037748175	-3.20314353349111
104.0473	292.9	0.27160364885957333	-1.3787678656741738
171.0895	272.1	0.3308084454651506	-1.2007551834706365
160.0484	278.9	0.08391044435618998	-3.0787726732755902
148.0372	280.3	0.33335910564340476	-1.2460205061319845
148.0372	285.6	0.05107610790611526	-3.5561272367063683
102.0317	283.1	0.8259539913408174	0.24564069897067517
102.0317	283.1	0.02036406803642908	4.825148952940269
102.0317	354.4	0.4769493117428761	-0.7964439824663047
102.0317	354.4	0.3897541108079553	1.0220016862214099
159.0532	285.3	0.4384772059457712	0.9550285751012729
159.0532	347.9	0.8169080599038114	0.2576861870615985
173.0688	295.8	0.1014851000232704	-2.5577343582331227
173.0688	295.8	0.924716741190281	0.1008985233328668
378.1274	299.6	0.6003553258665129	0.5963007651051814
182.0579	306.8	0.21587742552678515	1.6701445292847672
182.0579	306.8	0.3993377848448232	1.0618053929705564
182.0579	306.8	0.6923265907928504	-0.45368088631589104
182.0579	306.8	0.23520810121423702	-1.6655835580594072
60.0211	311.1	0.09652331152240483	2.5182473925349247
123.032	311.2	0.7234408173004879	0.4018266330958132
123.032	311.2	0.11902457666137772	2.185429724369665
147.0895	311.2	0.056021003541460106	2.855593047172545
147.0895	311.2	0.43627751507943113	-0.9533069787682399
118.063	316.9	0.27564271367968673	-1.2685434458982838
116.0473	319.1	0.0063202796271086825	-5.245667325427278
116.0473	319.1	0.0014978188472890913	-8.894484695751004
180.0423	320.0	0.8837815965669747	0.15732016365900134
180.0423	320.0	0.32256362606566746	1.2494468421488005
180.0423	320.0	0.8239801741351345	0.2375062042596551
180.0423	320.0	0.6504638384672685	0.4889681035380848
180.0423	354.6	0.01865067992339055	-4.732048819111964
180.0423	354.6	0.3856552630571331	-1.0768204072320875
180.0423	354.6	0.004896286944172596	-6.125674860153359
180.0423	354.6	0.004372320127012431	-6.1356113101742205
180.0423	361.2	0.08471867530887738	-2.3687762592443327
180.0423	361.2	0.6435696235806695	-0.5069016952790474
180.0423	361.2	0.08536151136695687	-2.573318901861093
180.0423	361.2	0.09709066586315253	-2.4642031021473443
180.0423	380.8	0.22415767024823446	-1.5745742478800502
180.0423	380.8	0.7119701134783456	-0.3965817426393579
180.0423	380.8	0.2281051077055258	-1.6228795526879256
180.0423	380.8	0.2475547335563511	-1.5412693933483539
180.0423	389.5	0.009690659131498193	-6.986754059158486
180.0423	389.5	0.17203274590413428	-2.0343416853216674
180.0423	389.5	0.0022106893778491136	-9.364705698083077
180.0423	389.5	0.0017265597977510355	-9.57670228808913
268.0551	320.3	0.24909279095411377	-1.6060263233566716
146.0579	322.6	0.6576055271077341	-0.4813984397248344
146.0579	322.6	0.2644179752401646	-1.3110272724384384
258.0852	330.9	0.7159186565466518	0.4007762945977034
314.0638	335.7	0.013864757871465603	4.187790160457914
212.0321	342.2	0.6330331376787408	-0.5276068036165628
212.0321	342.2	0.5402812843165516	-0.7274221603162984
161.0324	343.1	0.19442529672471173	-1.703974682862643
145.1103	344.3	0.06093231257080453	-3.6675055353370913
588.2948	344.8	0.991891715567683	0.01083005640325457
73.5253	347.741	0.11114563363841667	2.729225573841339
160.0736	351.1	0.006293020343293808	11.630053976252105
160.0736	351.1	0.12752277078160001	2.4982578985850705
160.0736	511.8	0.0749855049673171	3.239656408504087
160.0736	511.8	0.23174081387416695	1.595234220875727
148.0008	354.5	0.19229134009129953	-1.849028211894094
148.0008	407.5	0.03420214070027048	-4.327546695427451
72.0211	359.6	0.13788520907446852	2.094842892674356
281.0899	366.1	0.6944574355718582	0.4449937035139285
137.0477	371.9	0.7068563008517554	0.4123556099647289
137.0477	441.4	0.2352017131642744	1.6744249162743987
278.075	379.0	0.0022499707482909396	-7.096564573191361
166.0266	384.7	0.7266728364189741	0.38821106212550105
166.0266	384.7	0.017689519426223932	-5.894277275025059
166.0266	384.7	0.06144429563217743	-2.588853865387931
166.0266	400.3	0.7054021467726854	0.4186334736947848
166.0266	400.3	0.024146552958815203	-5.29752531967498
166.0266	400.3	0.0789576207137461	-2.3765633336161107
84.0211	388.8	0.8883629921760773	-0.15250800228581346
86.0368	390.8	1.1567254369762856e-05	-27.239709971247127
176.0321	400.8	0.5969576680158813	-0.6197149847790849
176.0321	400.8	0.31953614054218205	-1.263178994160787
176.0321	400.8	0.5243275420990813	-0.7542825203660164
176.0321	428.0	0.044477023365625826	-3.099087586377624
176.0321	428.0	0.017513148143238236	-4.174332302013609
176.0321	428.0	0.03666730626455334	-3.089185597010072
226.0954	402.3	0.44168398725594427	-0.9085036030002938
268.1059	415.5	0.03838922742305121	3.4696329186083865
584.2635	415.6	0.16675070523430405	1.7831485592382803
88.0524	417.6	0.003513889637844402	-12.6397979387139
131.0219	429.5	0.5136651190003345	0.753520716434782
131.0219	429.5	0.6693598987027798	-0.4835355647159623
162.0528	447.8	0.8825082375246676	-0.1660776702349551
162.0528	447.8	0.9667518184278769	0.04668351388105868
155.0695	452.9	0.9168091634548281	-0.11136327006191246
122.0368	463.4	0.18152228233574838	-1.9936039525551774
144.0423	466.6	0.3769572580116455	1.0663753072009632
144.0423	466.6	0.06952761901233824	2.7372837227798277
144.0423	466.6	0.7590622618632265	-0.35090982865430276
144.0423	520.8	0.31458466301219146	1.296473396819472
144.0423	520.8	0.06585401669097207	3.2285830171797474
144.0423	520.8	0.8123682932394167	0.26979167390023434
144.0423	550.5	0.40425702508366584	1.0472104621116454
144.0423	550.5	0.09535486665221667	2.971843698132771
144.0423	550.5	0.05661001584407752	-3.5885888247543027
146.0215	467.3	0.3605490643114081	1.175377795707856
490.2203	468.9	0.12769018137207505	2.2562997017220012
186.1256	480.1	0.22296463149133297	-1.715997801175771
186.1256	480.1	0.19530462046101424	-1.6905444689722642
186.1256	506.5	0.014333205378017506	-4.5378831267814865
186.1256	506.5	0.17406943762439858	-1.9890721900746304
114.0681	480.1	0.9484393933831086	-0.06936228117739653
114.0681	480.1	0.6146993482105667	-0.5539614988256116
114.0681	489.2	0.14190251839234466	2.0417705034949756
114.0681	489.2	0.19438699731044612	1.7350010330802985
312.2301	484.7	0.007188482969535789	8.763292687497007
312.2301	484.7	0.21217504402845777	1.6889447746376836
312.2301	484.7	0.3197884759176673	1.3041643296965244
312.2301	484.7	0.3427119980832498	1.2231095406749766
312.2301	569.0	0.008830612967993902	9.409925126205241
312.2301	569.0	0.15755042246895118	2.1341265401960987
312.2301	569.0	0.2860365237483438	1.4383325547162453
312.2301	569.0	0.299115874583125	1.3846981446425326
312.2301	633.7	0.009643089160861039	10.104408788547886
312.2301	633.7	0.11367009048487121	2.706408711386542
312.2301	633.7	0.24790445164478073	1.6138444942326
312.2301	633.7	0.2515612603531904	1.5959403279155269
312.2301	641.0	0.010051109016176453	9.875303398853937
312.2301	641.0	0.13143741716024515	2.4764520612477057
312.2301	641.0	0.2635361419043621	1.5395345739416844
312.2301	641.0	0.2708395559966091	1.506713017832538
212.1412	486.5	0.22676756902724862	1.6865609873426612
212.1412	552.8	0.8477752314612346	0.21225695994789415
264.1031	494.5	0.2394995647016816	-1.6503216012481583
481.2312	499.3	0.1743938970695751	-1.8264382337115148
210.1256	512.1	0.4236757770547983	0.8954129069830989
216.1725	538.0	0.3634717921806787	1.1130716163538363
174.0892	538.3	0.583129033977085	-0.643937099420979
165.079	569.4	0.16997576270762055	1.680054193756058
166.0994	574.8	0.03013315768661058	-3.3167455945877826
166.0994	594.8	0.41158407350144915	-0.9297141316657336
332.1624	581.1	0.7622882853299333	-0.32635849421619195
332.1624	581.1	0.7900308483451667	0.28498828880517363
332.1624	588.9	0.2812981454156464	1.3442990609062333
332.1624	588.9	0.16691515464116294	1.949012251819301
144.115	589.7	0.0019011000605967522	-7.374457796400437
144.115	589.7	0.0011384570590281047	-9.086562681045269
144.115	596.0	0.008654356013361762	-4.995205235722826
144.115	596.0	0.009986947082936706	-5.791498095503895
336.2301	592.1	0.1477518458234148	1.898841179202628
336.2301	592.1	0.012847623349370965	7.042912503391181
336.2301	592.1	0.02671736985961822	5.44744849743897
336.2301	606.9	0.24212718766345018	1.5513145583316794
336.2301	606.9	0.017797768508468117	6.965977381370262
336.2301	606.9	0.03186760463263455	5.327082191764987
330.1467	595.1	0.19405286847297928	-1.5834099775790613
334.2144	602.5	0.054422397505261295	3.744682158550282
334.2144	602.5	0.04653136402760986	3.8777667816259225
334.2144	602.5	0.004704460229540616	7.599813830357121
334.2144	602.5	0.38958247650959155	1.074730885828691
334.2144	633.1	0.0443127033692833	4.591027672682635
334.2144	633.1	0.0383364374424588	4.959164973485131
334.2144	633.1	0.009531563239089286	10.168098039109037
334.2144	633.1	0.24646585837490956	1.6209927871729766
334.2144	640.9	0.04697416433572065	4.437268777244071
334.2144	640.9	0.04093449233725961	4.767848449450476
334.2144	640.9	0.009791672460169452	9.808714223410226
334.2144	640.9	0.26937131344309967	1.5125535375265289
334.2144	677.3	0.09497776866582966	2.9392825961699036
334.2144	677.3	0.09466022162132749	2.910756758825131
334.2144	677.3	0.01606092134908558	6.385601453032231
334.2144	677.3	0.693706603198893	0.4539060364903844
316.1675	604.1	0.2515399330325804	-1.3763947103724676
310.2144	609.8	0.08412624909763822	3.2250410056312813
310.2144	609.8	0.07127023312123186	3.5423396128266815
296.2351	610.1	0.9877304931466508	0.016378894167972603
296.2351	610.1	0.17693718189681212	2.0038748348221405
296.2351	610.1	0.4559661654288512	0.896781628872709
294.2195	614.3	0.056564573092056786	3.8883268248117417
294.2195	614.3	0.04552122719721226	4.469629867531433
294.2195	614.3	0.008834203192567638	7.677490885171295
294.2195	621.5	0.06965541624484466	3.4395574696632125
294.2195	621.5	0.05035609780844307	4.216828477458589
294.2195	621.5	0.010736542671822532	6.529754648496558
294.2195	685.7	0.06387370499143286	3.738589491863119
294.2195	685.7	0.04816788794256623	4.379026940909551
294.2195	685.7	0.014797507969432777	7.585763092818525
250.1569	626.0	0.04388335096261719	-2.991110053400855
250.1569	626.0	0.009498777659972757	-6.601907072289827
250.1569	728.0	0.010112791529190205	-4.7092402441708705
250.1569	728.0	0.005017587630057812	-8.83649219845999
316.2614	632.3	0.03657336702251846	3.939484109290995
338.2457	645.6	0.012428417093251267	5.3059445583668206
172.1463	650.6	0.017481982209764633	-4.836478060877641
172.1463	650.6	0.029657782771811792	-4.893091690610606
172.1463	667.3	0.03249604658845484	-3.2596483615552296
172.1463	667.3	0.030105255557346434	-3.5806279095174225
332.1988	651.4	0.531321682551036	0.72199380084566
332.1988	651.4	0.38526313593640926	0.9794375315216246
332.1988	669.5	0.3522173484774091	-1.1478142770399233
332.1988	669.5	0.025559486226552585	-3.4859879291193954
292.2038	659.6	0.0014694933228420132	-13.229110696974788
292.2038	659.6	0.0015338414624853029	11.25411109094665
292.2038	659.6	0.039918878251037834	4.5466554450964045
292.2038	659.6	0.01901090126106152	6.093027535381368
292.2038	659.6	0.0393471975635795	4.460356188460202
292.2038	701.8	0.007734082703807528	-10.96442982693424
292.2038	701.8	0.09902345417759326	-2.4901403299083875
292.2038	701.8	0.17213461522672938	-1.6685886057328219
292.2038	701.8	0.10245398251675977	-2.1328101039895238
292.2038	701.8	0.064494086144184	-2.533516360043196
292.2038	726.3	0.003404765566110306	-15.508078002906071
292.2038	726.3	0.17778976574673175	-1.6800395515394393
292.2038	726.3	0.4626169580732984	-0.8391741219888083
292.2038	726.3	0.27712247053267064	-1.27379791625854
292.2038	726.3	0.15808425569056694	-1.8081027195015416
292.2038	739.5	0.001382146170044352	-21.095784954752062
292.2038	739.5	0.37944678417609184	-0.9871721977738345
292.2038	739.5	0.7489803586467828	-0.35721957981175734
292.2038	739.5	0.53603010741582	-0.698572787943305
292.2038	739.5	0.2826755206594975	-1.3370023000356452
272.2351	663.1	0.15844151264031853	-1.91477434656548
318.2195	671.8	0.010748920496206476	7.7546512573874855
318.2195	671.8	0.016214731940380873	4.8687055590971395
318.2195	716.4	0.020659928354256105	3.752600965034162
318.2195	716.4	0.8456011342542012	-0.21058931918059007
278.2246	671.9	0.013814663352271852	7.905475710291399
278.2246	671.9	0.046710869089694046	4.423939123637651
278.2246	759.9	0.6279584816575048	-0.5510868212726956
278.2246	759.9	0.9912335526826046	-0.011755925738499704
234.162	677.8	0.14717820465197154	-1.7965462581689593
270.2195	679.5	0.3274003268800193	-1.1737134798553486
258.1831	687.0	0.5622395067784582	0.6344669957911069
298.2508	691.4	0.7180183040564023	0.39484417006735006
316.2038	691.5	0.0828947268838965	2.327275687723899
320.2351	691.9	0.22422514363073304	1.4405349146445663
320.2351	691.9	0.15632678981917067	1.745908751240982
320.2351	691.9	0.22500198627259968	1.474236585887055
320.2351	704.6	0.4045314188129252	0.9419763484140959
320.2351	704.6	0.27993268980903535	1.264151806207835
320.2351	704.6	0.3675586409901086	1.054332825164244
320.2351	740.7	0.14105288663446217	-2.048939892993211
320.2351	740.7	0.18051104243814903	-1.7738361120308883
320.2351	740.7	0.3091550147954646	-1.2794488643523674
320.2351	747.5	0.28878203140154607	1.248514539871676
320.2351	747.5	0.19612708968004955	1.5865138527821363
320.2351	747.5	0.2858519900492077	1.2997226732126204
200.1776	727.1	0.13330587549979875	-1.8902338444447213
276.2089	738.3	0.8282472124373803	0.23754175905788558
254.2246	783.7	0.8151861798199986	-0.2606789822292249
302.2246	787.0	0.1693973902076922	2.024914341155524
302.2246	787.0	0.10240553434406875	2.824743157513556
280.2402	795.5	0.12960615902613185	2.361504877251959
280.2402	795.5	0.13899153193726574	2.2824207890395316
304.2402	818.2	0.13031115329882356	2.3181107921792963
306.2559	862.0	0.05384375486039511	-2.846277812468107
256.2402	868.5	0.0474010095072054	-2.865385170072105
284.2715	950.8	0.09112566320287925	-2.4410207579376113
