m/z	retention_time	p_value	t_score
118.0266	243.828	0.004372649050775401	5.867733056098504
118.0266	276.2	0.004381139693061625	5.854319107447259
118.0266	453.3	0.10426685099059163	2.325014648534133
119.0582	207.274	0.539218682483679	-0.7128472064333713
119.0582	207.274	0.11270146138171834	-2.6894166942191537
119.0582	207.274	0.7772921554742579	0.30280679395007126
119.0582	207.274	0.8670790378329383	-0.1787264920907538
119.0582	238.3	0.022129461951781774	6.236589385546716
119.0582	238.3	0.8927746678109826	0.14686837386151014
119.0582	238.3	0.10390594040439362	2.848100926098349
119.0582	238.3	0.1760725061281223	2.052963709277593
119.0582	250.8	0.8640754460626903	-0.185587692587686
119.0582	250.8	0.0608390673573875	-3.680285939331494
119.0582	250.8	0.4495075897802891	0.8700810474126772
119.0582	250.8	0.8071226847744611	0.2678415028930032
119.0582	271.7	0.004551347095779353	-5.911462508116279
119.0582	271.7	0.0039336689144968875	-12.473768025750468
119.0582	271.7	0.2641576622571547	-1.4408536658813473
119.0582	271.7	0.16976079163601115	-1.9441587377361607
119.0582	284.1	0.48314956290500294	-0.8463877233600794
119.0582	284.1	0.2148555586736203	-1.7897180817445806
119.0582	284.1	0.8195376310693921	-0.248511495490287
119.0582	284.1	0.6195156936015894	-0.5486795060792565
220.0853	497.195	0.3582867642256168	-1.0442209288581417
220.0853	307.526	0.11317185729153911	2.6488225580166875
116.0956	285.437	0.19700411572997162	-1.9054217467654733
116.011	306.607	0.005565539811197502	7.928109905617761
116.011	484.1	0.004429954768654996	7.2040233299044925
117.079	367.117	0.00016592540845830408	14.76980510559103
117.079	367.117	0.028873938231633166	-5.371813201383294
117.079	367.117	0.1531881704543377	-2.249189954970693
117.079	308.1	6.995886597601943e-05	17.839698469688603
117.079	308.1	0.010192059141237072	-8.088448001404752
117.079	308.1	0.06787060669168296	-3.627334585768411
117.079	353.8	0.00013545807603809715	22.989457085106164
117.079	353.8	0.009241300062908906	-6.998645108528799
117.079	353.8	0.7821138047349081	-0.3153249111053936
117.079	232.2	0.5845549165457733	0.6444810427806947
117.079	232.2	0.20707229231041832	-1.8398629567616847
117.079	232.2	0.26943797277466663	-1.5130245596096417
129.0426	314.245	0.04877459944974889	4.029355723915358
129.0426	314.245	0.17856391608861205	1.6352178310458325
129.0426	314.245	0.154366516422297	1.7584759565495234
129.0426	314.245	0.04106022966406073	3.8844451929831854
129.0426	318.0	0.04961196856971567	3.998943701639268
129.0426	318.0	0.19982128104417352	1.5396482991619285
129.0426	318.0	0.17472473387144857	1.6515907046302192
129.0426	318.0	0.04244419047443488	3.835586500411983
129.0426	268.3	0.04819588684595373	4.119865286660378
129.0426	268.3	0.12657435636274592	1.956062125434355
129.0426	268.3	0.09815334097900107	2.148560318311401
129.0426	268.3	0.040486138731954925	4.05370256068403
129.0426	330.8	0.04446868065760841	4.089620140537215
129.0426	330.8	0.1489532004903965	1.7853446883671575
129.0426	330.8	0.1370752364712891	1.8935600631503222
129.0426	330.8	0.03420586259969947	3.946481177643827
131.0949	407.601	0.04992025686938541	3.236054296898668
175.0633	501.725	0.17343478410835128	-2.065248185164701
175.0633	501.725	0.868227124333123	-0.18755799705750312
129.0899	238.278	0.3140632017559714	1.2261621586113858
236.0797	332.279	0.6494523960859125	-0.5285298521511782
147.0533	330.532	0.012118382994029966	6.6075466580552575
314.2453	615.341	0.2549160530147774	-1.5650086897275002
330.2403	514.1	0.04584714354063304	3.022934015442511
240.0091	296.401	0.0011676588506813656	-8.892811469442865
146.0691	194.544	0.5047962898303308	0.7743495827356531
146.0691	194.544	0.13156892569557452	2.4747502707457314
146.0691	200.0	0.42844489519516027	0.9060899083571062
146.0691	200.0	0.12995446406461644	2.490270531967228
87.032	362.361	0.3403805686858773	-1.085747812220364
87.032	362.361	0.3573123789296606	-1.120798545798996
87.032	362.361	0.9392845948549542	0.08163404273576395
87.032	196.5	0.9532453954236568	0.06535100422434675
87.032	196.5	0.9061455979844879	0.13295177827960264
87.032	196.5	0.6606553850761188	0.49077667241882245
87.032	309.7	0.18411743801315453	1.7225450564269824
87.032	309.7	0.03202204324531942	3.2626113449733034
87.032	309.7	0.14607520963497808	2.1394900278921605
87.032	271.8	0.11601877975759899	-2.022838857991627
87.032	271.8	0.1271080891426939	-2.2527261792745197
87.032	271.8	0.5595115233612258	-0.6411641124840294
180.0642	388.88	0.8825471453904581	0.15776959418828354
180.0642	416.97	0.8446881063348964	-0.20939347376517345
180.063	240.714	0.005712833695678919	6.477406909529286
147.0532	311.418	0.05570365992927095	4.004107537800323
147.0532	311.418	0.03295083464017805	3.301384533734582
147.0532	311.418	0.05737197025903675	3.4582205466345344
147.0532	311.418	0.2035972938708853	1.5233279113995355
147.0532	311.418	0.036621545986842544	4.947647735817896
147.0532	220.1	0.08870248485788271	3.10276035570933
147.0532	220.1	0.038574089003208654	-3.2053709690023053
147.0532	220.1	0.010192627291295095	-7.193246138019775
147.0532	220.1	0.005728787118500622	-5.623269756690114
147.0532	220.1	0.06137544528980516	3.7813677521641327
147.0532	229.8	0.09183509450216726	2.863842330822625
147.0532	229.8	0.10327314805546793	-2.3563819902207204
147.0532	229.8	0.07971149552012227	-3.2601848652605594
147.0532	229.8	0.04768298250832481	-3.4690573511456453
147.0532	229.8	0.0595745350799766	3.4242715429567374
147.0532	292.4	0.06556288091018933	3.2147606572470533
147.0532	292.4	0.6647850379683552	-0.48923350939906757
147.0532	292.4	0.4254466641149319	-0.9896303139691428
147.0532	292.4	0.31134565877310755	-1.2816438978863232
147.0532	292.4	0.037939661108209226	3.821310034458456
228.1473	379.45	0.0027874023052508	-9.12814078932018
246.1011	453.706	0.7281378439420592	-0.37953838668965634
218.1268	290.52	0.025239458266401428	4.007901067917314
217.1428	445.77	0.00045130343720448536	12.980085528256573
259.0457	148.0	0.03483510276872812	4.272940481923503
211.0358	149.6	0.02946798624588002	5.60375654708905
199.0246	150.0	0.04803972649947989	2.8597425529614333
153.0096	152.0	0.06337137727530778	3.53542452219746
215.0559	155.0	0.02327159398786135	6.317458299320024
169.0045	156.0	0.7186817101093199	-0.41192122094679934
195.0743	163.0	0.4928169568936933	0.824211952110634
261.0307	164.3	0.08737307712123529	2.359309883114127
332.1332	164.9	0.006357777290224941	10.885351530505208
307.0838	165.4	0.07648654970866435	2.6596356228404785
274.1277	168.7	0.0009441287211085399	16.34591232239889
283.0917	173.4	0.004525232050266773	12.880463468605631
335.0631	181.8	0.029176044243250782	5.445581346299972
173.08	184.3	0.37406713802929165	1.0171129494197022
163.0481	188.0	0.1756048835984941	-1.8338430946034554
174.1117	189.0	0.27847919287705114	1.2920547086972387
190.0954	192.9	0.5387112353479985	0.6860573977813749
190.0954	192.9	0.001334136273771129	-16.512634206795273
190.0954	212.5	0.04126400847902184	2.988510606095961
190.0954	212.5	0.026117271622853554	-5.629906837949048
190.0954	390.9	0.005478842175889468	-5.897116186096928
190.0954	390.9	0.0007694259594913624	-24.28301990286791
190.0954	291.4	0.10589585143690783	2.3955386385252426
190.0954	291.4	0.17102618320833624	-2.080851591296668
151.0303	196.2	0.7170862418762023	0.4112379457478578
177.0637	196.3	0.5377694594781376	0.7219682383859365
347.0631	197.1	0.7496747186860774	0.36127897188911495
163.0593	198.3	0.23527550060127592	1.6204866931010866
204.111	199.8	0.16024423646218366	2.010791339084187
204.111	199.8	0.0033761162055498464	-7.190678543093171
204.111	253.3	0.030844499951312363	5.113379815587332
204.111	253.3	0.28676399752747206	1.228634080326678
175.0957	200.7	0.040587170659351426	-4.232333885706099
267.0968	209.6	0.003956336516681705	12.311203405043578
267.0968	209.6	0.0004391270417884425	21.038340475686535
105.0426	211.2	0.20391450646952453	1.7122395478042638
165.046	212.0	0.05985832547609967	3.210894564615887
234.0852	212.4	0.13312234461630282	-2.459096779807811
234.0852	212.4	0.141567276527873	-2.365047407696409
234.0852	212.4	0.4293077342184594	-0.9714681941560399
234.0852	353.8	0.025746619951701095	-5.930258487451461
234.0852	353.8	0.03749644581831983	-3.486944586460324
234.0852	353.8	0.012920117694392266	7.019749757079165
234.0852	235.5	0.11355587255240203	-2.7081921589177087
234.0852	235.5	0.12735317523388545	-2.5190880533947544
234.0852	235.5	0.8438769426640079	0.21885560782485136
234.0852	298.8	0.04119549653534246	-4.755261103625599
234.0852	298.8	0.05174893253631018	-3.9099892588094356
234.0852	298.8	0.014154234822981959	4.369727984544162
232.1059	216.3	0.002020819946499289	10.25751205974978
232.1059	216.3	0.09964592600009776	2.432442639191717
232.1059	216.3	0.013672745376452328	-8.463690931785793
232.1059	258.6	0.0013410620407268673	11.781607113498069
232.1059	258.6	0.035989228330542106	3.8130785021725826
232.1059	258.6	0.03627352904906903	-5.106426204155758
218.0903	220.3	0.03236970004552641	4.784729043336514
133.0375	220.7	0.0014298618408482182	8.143924281011365
289.1274	222.1	0.4438655472124874	0.9413728181408832
131.0582	224.6	0.002403084164712599	-10.342210992849092
131.0582	224.6	0.26586694622400076	1.2922620318151588
131.0582	224.6	0.006585427764816053	-7.340242518228222
131.0582	257.6	0.09651563190462505	-2.3367388676997423
131.0582	257.6	0.0012196911451430696	8.513044203211628
131.0582	257.6	0.30828024991661745	1.2150381818083906
131.0582	274.3	0.02296221085433631	-5.7260232624087415
131.0582	274.3	0.5984356924098292	0.5888491233527444
131.0582	274.3	0.045946939236588984	-4.116469640622259
131.0582	331.4	0.46406080749678386	-0.8969428673551821
131.0582	331.4	0.7308558145473385	0.39421380256279437
131.0582	331.4	0.6266949915176881	-0.5687199584880621
131.0582	275.5	0.013781035219937843	-5.322183512719109
131.0582	275.5	0.00533343665555808	5.509414668251604
131.0582	275.5	0.12280482622624345	-2.1665138355824416
141.0426	238.3	0.2506587169280068	1.3422623481669909
141.0426	213.7	0.013034066804942877	-7.45724326936055
161.0688	239.3	0.019796830992135337	-3.7627069136087825
161.0688	239.3	0.01089359981043666	-8.737853449529668
161.0688	283.8	0.15875513893936014	-2.188159949858095
161.0688	283.8	0.1315611303980053	-2.4766726524684293
161.0688	213.0	0.047010841007744275	3.728501870238407
161.0688	213.0	0.7611333091457775	0.3332017862364513
161.0688	329.5	0.07084163041608785	2.8951016652695367
161.0688	329.5	0.26085997644581244	-1.4270968572646114
188.1161	239.3	0.01442160626166902	4.139534793247374
188.1161	239.3	0.0010536142334609073	10.724505811403164
114.0429	239.7	0.05354036276306696	2.736842907639145
133.0739	240.115	0.16843559985903758	1.684305130521549
133.0739	212.9	0.29539204802313024	1.205592063252836
133.0739	272.2	0.11381014182830848	2.023674295306929
61.0528	242.2	0.0008037658671960251	11.661382349997341
377.1335	242.3	0.0036239603335664295	6.182584135562345
174.1004	243.9	0.09408979038150614	2.188795287650174
174.1004	243.9	0.10733900133769975	2.301349859548891
174.1004	243.9	0.27294992120576145	1.3773401674199652
174.1004	260.7	0.6289857421555851	-0.5616294064909003
174.1004	260.7	0.5819364946593688	-0.6499002533707404
174.1004	260.7	0.6675735249091044	-0.4860126002980902
174.1004	329.1	0.35172366495864527	1.103335745507206
174.1004	329.1	0.44976857271954895	0.9122742506570364
174.1004	329.1	0.39995095660207325	0.9430863464395964
197.0688	244.8	0.6386927361208183	-0.5079135108448383
197.0688	212.6	0.9498378040916616	-0.06870649742017225
199.0957	244.9	0.029125859981567102	-5.702781120587001
237.0862	245.6	0.0009572351004527842	8.805434477520981
237.0862	245.6	0.3192760471125103	1.1437245035820898
237.0862	332.4	0.8640516661870901	-0.19390397123628925
237.0862	332.4	0.4875119353940345	-0.8418504373345308
346.09	246.5	0.006705937605478055	7.388889183899154
346.09	246.5	0.0011029259210579095	11.489404869157323
363.058	247.7	0.7561414420458069	-0.3337708800627885
160.0848	249.3	0.13297171658201357	-2.352829456550751
433.1362	250.2	0.36909618681968837	1.0604958073382122
103.0633	255.4	0.1480995555481671	-1.8909316521322468
103.0633	255.4	0.08842101396262808	3.01840841299454
103.0633	315.6	0.009266731748922561	-4.712649859049518
103.0633	315.6	0.10713691563581826	2.772149130821886
216.111	262.2	0.704223923211003	-0.4285961305817806
434.2311	262.2	0.01036098450470868	-4.668563739910646
217.9885	270.4	0.44229289051724874	-0.9451426787863798
174.0641	270.6	0.31077528152625783	1.2765455034483055
174.0641	270.6	0.201599542875145	1.5814506879716534
180.0899	271.4	0.007013682335320476	5.094072854317584
180.0899	271.4	0.03648994110103286	4.300497541057457
132.0059	272.4	0.0185142260061592	4.356651110325135
132.0059	272.4	0.2515199842034306	-1.5585153736672628
132.0059	272.4	0.210300153684183	-1.8153689699907514
132.0059	241.3	0.006411698318816906	11.033264887566384
132.0059	241.3	0.7043301495136496	0.4144451621035274
132.0059	241.3	0.3350659265085342	-1.1458854783082186
89.0477	276.3	0.12241168786010022	2.5792270220524487
89.0477	276.3	0.9910607267217981	0.012494144741657737
89.0477	317.0	0.872396995953824	0.17122374942620266
89.0477	317.0	0.12141623670154993	-2.4378388231444412
127.0382	280.3	0.03177722586599645	-5.470649706364864
117.0426	282.4	0.13129851480335708	2.4755484242562376
117.0426	282.4	0.0007092659528765024	-9.440695674962098
117.0426	282.4	0.0030977160078725407	-6.379641127699785
117.0426	230.6	0.8803322715137272	0.16042960431132092
117.0426	230.6	0.100821190659076	-2.8997428802824246
117.0426	230.6	0.11169427628205846	-2.7293701698002075
117.0426	235.4	0.4713568542812083	0.7990607896631622
117.0426	235.4	0.12689940680336062	-2.525476168153111
117.0426	235.4	0.14570911215522991	-2.3177702171132233
158.0691	283.4	0.038204349147890886	-4.879557142733126
158.0691	283.4	9.806649813471233e-06	-38.47486545391865
158.0691	265.2	0.1479009702048906	2.0981012458599833
158.0691	265.2	0.1402939801258329	2.0771283020323046
183.0532	284.0	0.17383508014444235	-2.0435903853682853
183.0532	284.0	0.1521044868622829	-2.247770659707117
183.0532	284.0	0.14747108993155988	-2.3060503909064116
183.0532	212.6	0.12396433872946759	2.4166236049421634
183.0532	212.6	0.27069513175660115	1.394441949436348
183.0532	212.6	0.15768833262796686	1.8642477273849742
183.0532	345.1	0.12090998037213287	2.569043848183346
183.0532	345.1	0.23659019761428693	1.631530933258009
183.0532	345.1	0.024153018277037593	3.561531578947371
300.0845	285.2	0.013982551521449702	-8.114700674057483
300.0845	285.2	0.012745619578833333	-7.912541138794877
300.0845	285.2	0.6467134905305303	0.5315493985316795
300.0845	375.1	0.09008976819180967	-3.094617945687855
300.0845	375.1	0.0916637410668574	-3.046009327167058
300.0845	375.1	0.6144379512912129	0.5758947998392377
300.0845	262.7	0.1901487759603252	-1.9461287022766844
300.0845	262.7	0.19823887961575162	-1.877463434993293
300.0845	262.7	0.3708303656001926	1.1191281511321862
278.1271	285.718	0.009346666609250239	-4.9160323957947245
59.0371	286.3	0.027869281356294868	-5.826888109544299
155.0219	287.3	0.03764915155043751	-3.0629768709727148
193.0375	288.5	0.8425063726687652	0.2208649273543739
218.1267	290.6	0.43453797570636743	0.9681556747570307
189.0637	293.0	0.30814948330774083	-1.2360952543054657
189.0637	293.0	0.0025215366726214486	7.202296193601541
189.0637	293.0	0.013565106906907091	4.228180762063166
189.0637	244.4	0.4295501962434174	-0.9819146962216008
189.0637	244.4	0.7264070698738765	-0.40207016251728095
189.0637	244.4	0.6318486363290752	-0.5593507634534436
189.0637	274.7	0.38149151373146745	-1.1131409627634272
189.0637	274.7	0.43729325487753795	-0.9626048234206362
189.0637	274.7	0.42124806565104267	-1.0035338223093038
328.1543	293.2	0.08091443357208535	-3.1896624102826485
328.1543	479.0	0.976090654410958	0.03296063725177582
638.1119	294.6	0.09234787531736176	-2.9611306285833128
328.0794	294.7	0.007020798701023491	7.903489589669448
188.0797	297.7	0.17499280039503204	-2.047884437489424
188.0797	297.7	0.8231667418796358	-0.24986471439696223
188.0797	297.7	0.5805294445978265	-0.643562502944233
188.0797	297.7	0.5753124721985708	-0.6529445428534145
188.0797	297.7	0.715491402961226	0.41668742585831875
188.0797	223.3	0.15493221559472006	-2.219216960444259
188.0797	223.3	0.6116807046192677	-0.5851544451545313
188.0797	223.3	0.437568079204066	-0.9458419811737154
188.0797	223.3	0.43394235458442343	-0.9542140676159502
188.0797	223.3	0.9913690697392674	0.012146620838363665
75.0684	298.4	0.09173577774825242	2.8680464056220742
282.0344	299.5	0.021993394892271777	-5.931697882260563
146.1055	300.3	0.11395312070288637	2.624562389288937
146.1055	474.7	0.04400234908254394	4.601946260836624
145.0739	301.7	0.19364380240244639	-1.8638262880998022
145.0739	301.7	0.31653798899646113	-1.1873913436709216
145.0739	301.7	0.08233354221666118	-3.136583342398328
145.0739	301.7	0.11525315283303184	-2.4352462459729294
145.0739	301.7	0.04654917125660608	-4.425940496699789
145.0739	306.0	0.9326055955043603	0.09492033764490258
145.0739	306.0	0.6556779370197798	0.49559168205820164
145.0739	306.0	0.43011687473325727	-0.9720609048287835
145.0739	306.0	0.701963141054208	-0.43425282065172865
145.0739	306.0	0.17760004527823284	-2.037121862152763
145.0739	214.2	0.12379113344011694	2.246185633124211
145.0739	214.2	0.08104584429013738	2.3272858185429524
145.0739	214.2	0.9561293120129541	-0.06086008868398648
145.0739	214.2	0.386845125817176	0.9968719078774162
145.0739	214.2	0.12717647520243403	-2.4733206732160804
145.0739	246.2	0.0548859543751601	2.7581734679904546
145.0739	246.2	0.10676127279844169	2.333253007175702
145.0739	246.2	0.3305062998119581	-1.1342046815174338
145.0739	246.2	0.5363988073443356	0.6768266182306397
145.0739	246.2	0.0200553099049169	-5.859045811936572
306.074	303.1	0.03021347385142095	5.071460699156283
101.0477	304.0	0.8891064496811127	0.15241866094680123
73.0528	305.8	0.2753390839885846	1.4497282934632583
73.0528	305.8	0.11356177617191854	-2.641662879010062
73.0528	396.0	0.2127167566068353	1.7313612452081473
73.0528	396.0	0.4259119346428859	-0.9849865536166392
151.0494	306.2	0.32966728480632157	-1.2397616872578057
165.0426	306.3	0.04982625702524486	-4.127578309402738
165.0426	306.3	0.6967082413100394	0.42376969208609977
165.0426	393.4	0.8270805684868499	0.23985613256914126
165.0426	393.4	0.007516492939587816	6.415169087838425
165.0426	386.1	0.40518609702959263	0.9739571595342257
165.0426	386.1	0.006928696121345539	6.846008237402015
360.1321	306.4	0.2642165705968138	-1.3969166339664576
330.0951	306.8	0.07533546471035714	2.8547089874086646
446.0604	307.3	0.038651679929096114	-4.305802986521308
221.0913	307.6	0.007033681952564937	-11.81702518026871
136.0385	320.9	0.7763251691192634	-0.32296061514543434
135.0354	321.1	0.77425533172358	-0.32422936812231795
293.1384	324.546	0.2791709174490851	-1.421474935344396
87.0684	326.3	0.24100973567490455	-1.6457653586946146
259.1208	327.6	0.0940946689448719	2.882046835666928
153.0426	331.1	0.2153830949277583	-1.7867000508969824
153.0426	331.1	0.2074647212978463	1.6305110645288419
153.0426	331.1	0.512875886887083	-0.7858859198248496
153.0426	331.1	0.3212671448694679	-1.2063930852116147
153.0426	331.1	0.4327095364427226	-0.9539002700388728
153.0426	362.1	0.07532090758619615	-3.0389674673476583
153.0426	362.1	0.014392849218908313	6.440520242309112
153.0426	362.1	0.047615184009880296	2.9910835802243625
153.0426	362.1	0.9957079975173727	0.0059444765905612585
153.0426	362.1	0.2831601327618456	1.2703108108194816
222.1004	331.1	0.3907499675848004	1.0068809007437454
222.1004	331.1	0.12744055342144403	2.5165275181216624
222.1004	331.1	0.025848017540257583	4.960349737083449
222.1004	374.9	0.2297156594861426	1.6276075395857177
222.1004	374.9	0.122437831999379	2.5854103745157597
222.1004	374.9	0.027459554925697946	5.503373660842735
232.0042	331.9	0.6337704760688088	-0.5509869108796429
115.0633	338.4	0.02607205644836983	-5.451348610095749
426.0879	347.7	0.0896448476259465	3.001839752985619
198.1368	350.3	0.06270768815701985	2.7741992912057505
640.1428	351.3	0.026929042349831307	5.597980652864465
642.1432	351.4	0.024461144932740004	5.593664953352038
70.0531	353.3	2.3044556522484826e-05	23.881137854936252
70.0531	353.3	2.3044556522484826e-05	23.881137854936252
70.0531	373.2	0.27434794867518486	-1.4888367824908932
70.0531	373.2	0.27434794867518486	-1.4888367824908932
70.0531	373.9	0.8132770882168264	0.2683784212631934
70.0531	373.9	0.8132770882168264	0.2683784212631934
139.0382	357.1	0.09268843412038058	-3.0073010542265215
112.0273	358.5	0.014698993694144685	5.968187074037596
433.1129	360.5	0.05601236860703119	-3.279156490468587
208.0848	362.0	0.4795193226757925	-0.8619285583726011
246.1328	363.4	0.23323839053357767	-1.4739529271869964
304.1383	369.5	0.32550055353517265	-1.159485050964616
114.0317	371.2	0.039380259109614506	3.053446057424263
248.0562	372.5	0.035761928319397035	3.313748758548804
187.1208	376.1	0.04298675677358128	-4.6577455519058235
195.0895	379.8	0.01821775259260538	7.1990029107255555
195.0895	459.5	0.3557359847396188	1.0441339398163785
167.0582	380.6	0.05749024408780697	3.676396673752015
167.0582	380.6	0.001228476560856389	17.463776328918787
167.0582	380.6	0.05586336049215179	-3.9058909354056017
151.0633	382.9	0.2628185132181194	-1.470843617947147
151.0633	382.9	0.031224795618615526	-3.827700237965956
151.0633	382.9	0.2626964357357503	1.4110407772233085
151.0633	400.0	0.4027923325268695	0.9942027585018787
151.0633	400.0	0.08613104592268574	-2.3265977059346437
151.0633	400.0	0.12021014585637181	2.392991399036597
151.0633	434.7	0.057168789676090695	-3.949477617165443
151.0633	434.7	0.03775651536986086	-4.751386144644271
151.0633	434.7	0.13028091068775985	-1.9492542419293633
151.0633	349.4	0.09111402816979952	-2.8594640098098933
151.0633	349.4	0.019398388296363794	-4.889333208215157
151.0633	349.4	0.5518717097643444	0.6709292057496338
381.0686	384.3	0.460695278140113	0.8833396114212466
126.0317	385.5	0.9122710338181311	0.12149297922815633
126.0317	385.5	0.7324883162598195	-0.39181697106281904
126.0317	385.5	0.17806703899650814	1.6317941251390171
126.0317	409.3	0.8641834809196743	-0.18357594473805675
126.0317	409.3	0.555068341366191	-0.7020844410408394
126.0317	409.3	0.5761419430363679	0.624697289488526
126.0317	428.4	0.6141133142749633	0.5682359991483692
126.0317	428.4	0.49859635765133326	0.8175832634120069
126.0317	428.4	0.07471982144499904	2.404476968736583
208.0736	390.5	0.00255259822238774	-19.571558531395965
286.0477	400.2	0.6724483690257934	-0.48825373483108814
286.0477	400.2	0.12532076958030605	2.2781439968604884
286.0477	400.2	0.5268006519451378	0.7565491789195448
286.0477	425.4	0.14095305565122018	-2.3446204692281003
286.0477	425.4	0.8704142918889894	0.18136304681468343
286.0477	425.4	0.3346355728941232	-1.254335360356868
286.0477	425.6	0.5460497279305463	-0.7201726139896839
286.0477	425.6	0.907445354151597	0.13113992018594078
286.0477	425.6	0.7577496510445164	-0.3530234214783724
131.0946	407.6	0.019107432691565243	6.86021740045146
240.0238	419.0	0.16495626407415628	-2.119431613210335
243.0855	419.2	0.19442717110017724	-1.7745013493852668
243.0855	419.2	0.29770564487898626	-1.3414968386222996
340.0794	419.2	0.27831835534777727	-1.4131197389837276
480.0904	419.4	0.9336069419969836	-0.0940239783800253
255.9984	419.9	0.14243951601937782	-1.9779483584658872
179.0946	423.5	0.10167976698870643	2.7676487313961964
179.0946	423.5	0.028381688861528302	5.490886113212285
283.1281	425.4	3.6824859067192686e-05	20.025120082502017
127.0633	429.743	0.1881635920639663	-1.937485398478178
127.0633	330.2	0.465210145570803	0.8609620083691762
127.0633	347.5	0.5655065866944722	0.6698546909699686
168.0423	430.1	0.013200643410996409	4.408834104036527
168.0423	430.1	0.02389173974610928	5.839272200061767
168.0423	430.1	0.08686859135381554	3.138010286861778
168.0423	233.7	0.020591416826928027	-5.797458012472221
168.0423	233.7	0.5925323855165038	-0.5813940523457531
168.0423	233.7	0.02058624365553114	-6.856214672872586
168.0423	287.2	0.30547547531624397	-1.2646005447210769
168.0423	287.2	0.04224607703952596	3.2607681893674076
168.0423	287.2	0.1169892887631371	-2.658390133991098
168.0423	492.0	0.13379789173951487	-2.1576800216982344
168.0423	492.0	0.06714006497530003	2.67464477269163
168.0423	492.0	0.07131325509790591	-3.5378896325458404
121.0528	430.7	0.0015036420102879375	14.219440944456089
162.0351	443.2	0.0006167985590050201	10.499170011853549
217.1426	445.8	0.007456727068106446	5.388018496751418
217.1426	445.8	0.0004916732509983643	11.499983700530462
217.1426	451.5	0.011324984949533832	5.767755635959461
217.1426	451.5	0.00016489642910305478	13.926980237345306
132.0899	456.2	0.1741009030917019	-1.928855262968849
124.0524	458.4	0.09898807147563493	-2.273568448696823
124.0524	567.2	0.2721081891180327	-1.368395854474156
154.0266	464.8	0.04697642499326377	4.260311974355024
154.0266	464.8	0.7253029373172251	0.3838380542528806
154.0266	464.8	8.443409499024333e-05	16.267822235046708
154.0266	605.5	0.9630625669660866	-0.052264234056793174
154.0266	605.5	0.5709311123838227	-0.653324542611778
154.0266	605.5	0.08081985568569142	3.1642957970024512
153.0538	467.2	0.516334963945649	-0.7639303149847471
256.1099	467.6	0.3164652841955284	-1.261720293172547
146.0844	477.1	0.4577978747578495	-0.8220735460279355
138.0317	480.2	0.7672631608552473	0.3353853905852208
138.0317	480.2	0.9554649946135491	0.06252143436116867
138.0317	480.2	0.8438499641022638	0.22344783943417884
138.0317	480.2	0.38303129095825444	0.9893725246294937
138.0317	379.0	0.25956661003685916	-1.3617118614875772
138.0317	379.0	0.11967790133871295	-2.0860754659473546
138.0317	379.0	0.18802731012340904	-1.9296267180245763
138.0317	379.0	0.6767968392406125	0.4642324061297741
133.0528	490.0	0.32957328700561744	-1.233138149402527
133.0528	490.0	0.10374780020662572	-2.7041423903237165
194.0579	494.8	0.17563550882063808	-2.052376546845984
564.1115	496.8	0.026102938466892787	-5.803691102431201
128.0473	497.6	0.14553910735512163	-2.32395612437207
128.0473	497.6	0.2480209510697616	-1.6124214454915828
128.0473	497.6	0.12574640668406284	-2.5467673407752645
148.0524	499.9	0.33515127811948564	1.1230641996220028
148.0524	499.9	0.046150465602699094	4.080780515422807
148.0524	487.4	0.0059654618155254744	-6.378692290996221
148.0524	487.4	0.4811737439315309	-0.791029081065311
161.0477	509.4	0.031538590612886844	-4.69452869318714
161.0477	509.4	0.0051330941934042825	5.789901520782464
109.0528	511.2	0.5495630199175648	0.7129022795324093
209.0244	515.9	0.0024463244051369354	-10.353627590522283
336.0845	518.9	0.7056896640365844	-0.42967935758599535
175.0243	521.4	0.766259698447332	0.32015465498581264
239.1018	522.0	0.055930732878844806	3.995482001964812
239.1018	522.0	0.044061291806793315	4.45802424947405
239.1018	522.0	0.1828992495764264	1.9537887807645336
176.095	529.4	0.0016960367923734897	13.749325560622676
176.095	529.4	0.0005795169621522608	11.700887565235204
152.0473	529.6	0.11526504843067117	-2.6665363139885425
152.0473	529.6	0.05273803242132689	-4.147205668172041
152.0473	529.6	0.13280035874145146	-2.429653153375314
152.0473	529.6	0.05442963413045086	-4.097580339107633
152.0473	537.0	0.056373990236088925	-4.018219617130348
152.0473	537.0	0.039261683454883296	-4.881889804391708
152.0473	537.0	0.0596695016605148	-3.8802953192636154
152.0473	537.0	0.03986705968844368	-4.851930096818423
152.0473	356.7	0.4410496165480405	-0.9193016485939748
152.0473	356.7	0.013162905967899503	-7.029509097242255
152.0473	356.7	0.9885346296598241	0.015667297637339477
152.0473	356.7	0.01724904139948701	-6.965314591338657
152.0473	362.0	0.08354127698266081	-2.939337139020655
152.0473	362.0	0.00976170518178221	-8.386587560924768
152.0473	362.0	0.1482098239057992	-2.0185087835534627
152.0473	362.0	0.012358869178402782	-8.338503644928894
152.0473	383.6	0.026853521226197847	-3.903105150424992
152.0473	383.6	0.0007759964636365674	-14.288122281816873
152.0473	383.6	0.11033783899831887	-2.0583203280000495
152.0473	383.6	0.002112923152016967	-14.92280188695353
149.0477	530.5	0.620349049381007	0.5730103116123544
149.0477	530.5	0.003991156284347485	6.041999054241548
138.0681	531.5	0.6629353961932605	0.5061666326709325
138.0681	531.5	0.3450792361799549	1.2247639017586287
138.0681	531.5	0.3450792361799549	1.2247639017586287
138.0681	559.0	0.35312293218922824	-1.1516236510749902
138.0681	559.0	0.5559548285507531	-0.6784652804188683
138.0681	559.0	0.5559548285507531	-0.6784652804188683
136.0524	538.2	0.014031471541519808	-7.736639987240134
136.0524	538.2	0.5971037340101478	-0.5978123989185364
136.0524	502.6	0.08447537242203837	-2.9487280286246627
136.0524	502.6	0.21138034494051167	1.7282516962807006
184.0372	538.6	0.6581263339215285	0.49273420235584847
580.1792	546.4	0.07191303010818559	-3.519782380299558
164.0473	562.0	0.008468473539509845	5.888726345515602
164.0473	562.0	0.0010804589070668319	8.437901078856997
164.0473	447.9	0.5286773457387818	0.7343319878255979
164.0473	447.9	0.05044263766873489	3.1298225752005955
181.0739	562.3	0.62761897924312	0.5268511781983366
181.0739	562.3	0.0030659439920704664	6.838365727525038
181.0739	562.3	0.010825093953470899	5.753828726908856
181.0739	212.6	0.009701545851637799	-5.072770682851927
181.0739	212.6	0.1787988652816138	-1.8144280685301064
181.0739	212.6	0.8492335839091347	0.20280467503972313
418.1264	573.1	0.036343053279772664	-3.8177770298877376
418.1264	573.1	0.04104226404944704	-3.2393106438007093
152.0837	621.3	0.15464687500667076	2.2138488761292514
152.0837	621.3	0.08213766432686821	2.7241934322823003
145.1579	644.8	0.7484854106192931	0.36003915803092984
61.0164	212.6	0.04868281360117002	2.8311877990683594
73.0164	212.6	0.8128085128545743	0.2553655661770778
74.0004	212.6	0.14098120645606163	2.1551745612761475
187.0481	212.6	0.005626510665888649	7.695490210038113
187.0481	212.6	0.004005605061729546	13.699872431951515
187.0481	411.4	0.20302963544293	-1.8613981429924231
187.0481	411.4	0.6745858524479963	-0.4843451444551651
191.0794	212.6	0.7700609522395617	0.32324259052315724
306.144	213.5	0.10948328638105097	2.4705551729737003
192.027	214.8	0.26444301352508975	1.4934811978568063
192.027	214.8	0.3359246320894915	1.2002500079552134
192.027	214.8	0.28749601768152694	-1.3919956621053955
192.027	214.8	0.737347445067543	0.37223550275429684
192.027	232.2	0.25153666635106137	1.5722897313391881
192.027	232.2	0.3077887466977518	1.3205122628641852
192.027	232.2	0.24912540628999655	-1.5093310949360457
192.027	232.2	0.6548139836999938	0.5090103058111711
235.0481	216.2	0.9704511639158218	0.039646586729182136
195.0532	216.6	0.30557306326189676	1.3281583230569836
195.0532	216.6	0.0939923229997274	-2.1978284431938087
195.0532	216.6	0.43213474620451076	0.9571630065768055
195.0532	229.6	0.12817904560098925	2.019920554911742
195.0532	229.6	0.6156372899151041	0.5735345499939124
195.0532	229.6	0.1826894290526408	1.687013423475268
106.0266	217.3	0.021477829151450422	6.573611476889765
239.0794	219.7	0.046829095005447414	2.9819241314621308
89.0113	221.1	0.9200732727855656	0.1070933953743893
76.016	227.4	0.028141163396224012	4.325290871654045
175.0593	228.2	0.20165539640163	1.869987186244836
206.0427	229.4	0.6841068351502162	0.4494064257288596
206.0427	229.4	0.2547040287029815	1.4806894007777167
206.0427	229.4	0.2775375673735018	1.4103970301220108
206.0427	229.4	0.31244710676332005	1.2726478053277157
206.0427	229.4	0.23231810704387587	1.6664197180235913
206.0427	244.0	0.21949137272315905	1.4821891368029558
206.0427	244.0	0.22988426260326028	1.6882374096739428
206.0427	244.0	0.25335257387450516	1.5754028401069438
206.0427	244.0	0.279321189854782	1.4574200509299424
206.0427	244.0	0.22267007530511737	1.7434266469608346
206.0427	270.3	0.8402112916380555	0.21682895234963448
206.0427	270.3	0.2799964544915681	1.4157959053108933
206.0427	270.3	0.3007311037438706	1.349265372452441
206.0427	270.3	0.3412879943912018	1.204637590852854
206.0427	270.3	0.2420521851029626	1.6290474862297457
206.0427	274.9	0.6047321657681415	0.5641995584933541
206.0427	274.9	0.258611812760636	1.5133697470403593
206.0427	274.9	0.2809884252771889	1.431260928221252
206.0427	274.9	0.31540052174961014	1.2960263016517506
206.0427	274.9	0.2342792716417547	1.6714104192700865
174.0164	230.0	0.012407210501538857	4.370580353005234
174.0164	230.0	0.21080215409701775	1.7528441381621485
174.0164	240.8	0.020260809580753675	4.195145786655749
174.0164	240.8	0.2789213645377324	1.4586080232644179
253.0223	230.9	0.03559689951389613	3.158216186056847
166.0477	232.9	0.5817068414290273	-0.6001888460142274
175.0481	233.4	3.173103803055891e-05	27.298822667430183
175.0481	416.9	4.984468363829703e-05	29.033723245961657
134.0215	235.0	0.5671230224665593	0.6673399960330115
134.0215	235.0	0.17750061451722413	1.795901712254458
130.0266	242.9	0.0006357467549645041	9.85698167406548
130.0266	242.9	0.6616582502611492	-0.4857716405999065
130.0266	242.9	0.47175592253614107	-0.858965732394049
130.0266	242.9	0.13193211794844137	-2.444999991014964
130.0266	242.9	0.2942265383473541	-1.2828286038785206
130.0266	275.6	0.0005904232763668666	11.735713195482772
130.0266	275.6	0.5418314597686725	0.6774563629114557
130.0266	275.6	0.7675752989624132	0.3301545962736848
130.0266	275.6	0.23067439581422405	-1.6812164013339714
130.0266	275.6	0.787555283571922	-0.2921392086949223
130.0266	315.2	0.0037851413186325905	14.953456631687892
130.0266	315.2	0.0671906619965979	3.1771613648043724
130.0266	315.2	0.019824249134836592	4.214032147904926
130.0266	315.2	0.18769275424652035	-1.64682857094789
130.0266	315.2	0.2545472090648083	1.481409154920244
130.0266	319.6	0.0007584527387249428	11.281891884850637
130.0266	319.6	0.8400457488837094	-0.21756140495292278
130.0266	319.6	0.5494335464491199	-0.6898168940797664
130.0266	319.6	0.10128520545361894	-2.8302192099470163
130.0266	319.6	0.29977267326362156	-1.2222660878259877
130.0266	471.9	0.0025623768152089254	14.777071804148035
130.0266	471.9	0.04108507315292265	3.2293829539503878
130.0266	471.9	0.020634458570774634	3.767604918796757
130.0266	471.9	0.818054069112153	-0.25594807286595217
130.0266	471.9	0.17301895546426221	1.7184747209074909
104.011	244.0	0.0607489555392531	3.3125721385995437
104.011	244.0	0.053123706789761964	3.9622770364787634
104.011	262.8	0.026688716200498376	3.940418540874052
104.011	262.8	0.037235367768696986	4.361742900087779
104.011	284.2	0.32469450122945853	-1.2657327507176424
104.011	284.2	0.7581296784827287	-0.3413396922630064
145.0375	244.6	0.36499308455095686	-1.0411892578105197
145.0375	244.6	0.16790694238227066	-1.9820745767868486
145.0375	256.2	0.2064497165864633	1.5839377103025167
145.0375	256.2	0.38029505385227574	1.0860357864147279
198.0528	245.9	0.9820152986537309	-0.02516788179136903
198.0528	245.9	0.007831083976160209	5.9080562665037295
198.0528	276.9	0.9322580173723782	0.09213993983805148
198.0528	276.9	0.017064204188891558	4.182167727219459
198.0528	335.0	0.7787919713748496	-0.3131669337773645
198.0528	335.0	0.010805732984762081	4.5510613312107635
90.0317	246.1	0.010794384092151811	5.558804504980399
90.0317	246.1	0.007225911465546839	6.026212444589095
90.0317	252.1	0.0069054332719322735	5.763633777492636
90.0317	252.1	0.004438400219512187	6.272443989229491
113.0477	247.0	0.4705705720215068	-0.8744261362583982
139.0269	249.0	0.44862985118134363	0.8911434043074881
157.0375	250.0	0.02184263655165184	6.241145837463395
163.0845	254.5	0.11213810648666767	-2.529300384155522
172.0372	258.1	0.1496785658783603	2.278823516052047
172.0372	410.0	0.37263688761371605	1.1189125014977341
156.0535	259.9	0.020839623138743064	4.1107809050807065
219.0743	260.4	0.2635616241306032	1.5214177375654012
132.0423	261.9	0.9101151930111769	0.12056876385128547
132.0423	261.9	0.501630765620719	-0.7391940458672348
132.0423	475.9	0.21334825054205422	1.4934121585027498
132.0423	475.9	0.5833773610187423	0.5970441391908056
88.016	265.7	0.0640861860944312	2.801194114683646
88.016	265.7	0.001819025825151176	7.513845267776594
88.016	279.973	0.5187572186449558	-0.7189808564443659
88.016	279.973	0.5892426207921364	0.6205830175679907
88.016	310.2	0.2671325477360959	-1.4091497219388547
88.016	310.2	0.2395022074428477	1.3931023936227926
134.0579	266.0	0.22758145921702425	1.4333610513738038
160.0372	266.4	0.16219606650019977	2.169486067202202
160.0372	290.3	0.16487685753961084	2.146106060082332
226.0477	269.0	0.0550222542600067	3.131536251653012
226.0477	269.0	0.007391437199481658	5.791077065990419
104.0473	269.8	0.3004429306026417	-1.217985294944494
104.0473	269.8	0.013553271275390515	4.4302281750393835
104.0473	269.8	0.17452808191958477	1.9967788850089303
104.0473	283.5	0.5237084695355974	-0.705464363671512
104.0473	283.5	0.010433222865831515	4.952571648919522
104.0473	283.5	0.15875171301135813	2.130308580789915
104.0473	292.9	0.11728049364236529	-2.3185262602216823
104.0473	292.9	0.09744483282911175	2.186106305973154
104.0473	292.9	0.27002666317424806	1.4199499982429085
171.0895	272.1	0.04094970559690782	-3.6312949687656237
160.0484	278.9	0.035301196265867335	-4.56240455729236
148.0372	280.3	0.6626514063273277	0.4919645478324943
148.0372	285.6	0.8226640707157757	-0.2532841356003771
102.0317	283.1	0.04163817549751866	3.731107558571109
102.0317	283.1	0.12391036595397383	2.5447706350650683
102.0317	354.4	0.13482959944667988	-2.014710027460633
102.0317	354.4	0.37250809187857287	1.1311131889119965
159.0532	285.3	0.10458844776249546	2.4799828017314516
159.0532	347.9	0.21701689696294063	1.4668954180415432
173.0688	295.8	0.09303797994038578	2.410579526470996
173.0688	295.8	0.13854696678618156	-2.2872485787253014
378.1274	299.6	0.1545009057964414	2.1500192792588977
182.0579	306.8	0.18215601307730528	-2.008721886068243
182.0579	306.8	0.0061878442596993	5.473584700747198
182.0579	306.8	0.13666227666811717	2.089367729312337
182.0579	306.8	0.3407337859590047	-1.239052087765779
60.0211	311.1	0.2215188528778878	-1.7083378199188097
123.032	311.2	0.013381525821342027	5.204289163648773
123.032	311.2	0.155605618814093	1.994671023260616
147.0895	311.2	0.1318641511905873	-1.9251416972398878
147.0895	311.2	0.002582441566643182	6.907607496607243
118.063	316.9	0.44645347133178404	0.9062665235427353
116.0473	319.1	0.09108503749508605	-2.9533654542768777
116.0473	319.1	0.007808110365756074	-10.709241377668908
180.0423	320.0	0.7552009344796502	-0.3414658248550634
180.0423	320.0	0.552522139042682	0.6587828708065463
180.0423	320.0	0.2177650711798885	1.595195660434571
180.0423	320.0	0.09662937674770487	2.4257599318899383
180.0423	354.6	0.38000121440544576	-1.0077996911625084
180.0423	354.6	0.499369532725949	0.7646852414645589
180.0423	354.6	0.055349595561046405	2.751229601810253
180.0423	354.6	0.018156864254810858	4.1781794332098094
180.0423	361.2	0.5575535467069952	-0.6549089752699921
180.0423	361.2	0.347867387090778	1.1229708283279038
180.0423	361.2	0.036090908531329895	3.3242251734768202
180.0423	361.2	0.014723341284081592	4.753458586798506
180.0423	380.8	0.6024619035976571	-0.5691953176676343
180.0423	380.8	0.5296531365650712	0.6886126006863764
180.0423	380.8	0.14178186304750592	1.9252573948117213
180.0423	380.8	0.04857235496373995	2.9655278897796156
180.0423	389.5	0.18694435622612574	-1.6096691829084302
180.0423	389.5	0.8362189555026232	-0.22064894284858275
180.0423	389.5	0.4013427947221253	0.9560505872199477
180.0423	389.5	0.11222438747891164	2.0818009572875846
268.0551	320.3	0.05997466624991044	3.073772461667543
146.0579	322.6	0.6308093034539871	-0.5335414096861144
146.0579	322.6	0.5896847214245544	0.6325640623755443
258.0852	330.9	0.11075403727169571	-2.266454755281398
314.0638	335.7	0.0017390526133776252	9.696317094239078
212.0321	342.2	0.306644040839702	1.3231723564049211
212.0321	342.2	0.19128734465743	1.7200750273717842
161.0324	343.1	0.21709735387814377	-1.7447585896571438
145.1103	344.3	0.5189737651374291	0.7593737708930914
588.2948	344.8	0.025104282683910795	3.712000222066554
73.5253	347.741	0.0474336417331903	4.302924719998443
160.0736	351.1	0.009301799758667472	5.240607288050662
160.0736	351.1	0.013840381885465661	6.181146906962471
160.0736	511.8	0.024915889232274512	4.458926911602333
160.0736	511.8	0.008162868095703548	6.0937049744756395
148.0008	354.5	0.16127827107858242	1.7481937540281471
148.0008	407.5	0.01048013021371682	4.9159232002873265
72.0211	359.6	0.025620030271968703	4.130067427205951
281.0899	366.1	0.055480609756406916	3.2012796479553325
137.0477	371.9	0.3205985971902464	1.2510625891479974
137.0477	441.4	0.10731593027344487	2.7519149523706603
278.075	379.0	0.2793833908745978	-1.3994794075641321
166.0266	384.7	0.07719473233376857	2.4908375096959285
166.0266	384.7	0.032665615054100844	3.256898251785881
166.0266	384.7	0.04257520407694824	2.9518542518551985
166.0266	400.3	0.08267887518185185	2.330563464366286
166.0266	400.3	0.05397029242931547	2.8604553596355475
166.0266	400.3	0.06552767524604758	2.6128862040513723
84.0211	388.8	0.22073512266976414	-1.7526756658634735
86.0368	390.8	0.0007343515833440262	-9.896906904819012
176.0321	400.8	0.11571971998934144	-2.63637706872778
176.0321	400.8	0.004625759400030952	6.447440148909367
176.0321	400.8	0.20716637977073676	1.7989368172209832
176.0321	428.0	0.09793109647100785	-2.952071482311779
176.0321	428.0	0.8920892159129249	-0.15240184867567477
176.0321	428.0	0.7361596417608886	0.36622789815613027
226.0954	402.3	0.08049485912321568	2.462612553266691
268.1059	415.5	0.089801769712024	2.4857555346616467
584.2635	415.6	0.005633988834513437	5.429987870129448
88.0524	417.6	0.00658359021054754	-5.3380583042568865
131.0219	429.5	0.014871510151532168	4.410989531473613
131.0219	429.5	0.23166656474974565	-1.486605248124553
162.0528	447.8	0.25669530706255544	-1.4301518334617118
162.0528	447.8	0.5606338731582121	0.6380908053015208
155.0695	452.9	0.7833165456421138	-0.3043661038657126
122.0368	463.4	0.13484204807738248	-2.282613504361557
144.0423	466.6	0.2583332184960257	1.5552608331115516
144.0423	466.6	0.013843266499618942	7.397599246655066
144.0423	466.6	0.019772219007344535	3.762647386636808
144.0423	520.8	0.24967501156160976	1.5664847985351456
144.0423	520.8	0.007420256640455296	6.93384626545795
144.0423	520.8	0.10558617538873556	2.371212621776657
144.0423	550.5	0.2906544175210558	1.3915791943400742
144.0423	550.5	0.008481861720238201	6.509824689796047
144.0423	550.5	0.24273605938919127	1.484044468171362
146.0215	467.3	0.20808496025312967	1.8339635717584493
490.2203	468.9	0.0045074327459438965	7.640553485976278
186.1256	480.1	0.20291041411117922	1.578160270277371
186.1256	480.1	0.19561149854461551	1.6422864545582232
186.1256	506.5	0.05516553134929181	2.777268269107313
186.1256	506.5	0.06131082276833493	2.7470587141994045
114.0681	480.1	0.08255896519720946	3.0208879303996077
114.0681	480.1	0.014439548744985256	6.2708860633881
114.0681	489.2	0.12311288179095554	2.0393232112134223
114.0681	489.2	0.01413945235552377	4.183521670702149
312.2301	484.7	0.002130840798958648	16.02677467266564
312.2301	484.7	0.0473651497041711	4.03134330190577
312.2301	484.7	0.2449444877647447	1.5841522970310746
312.2301	484.7	0.13755590871255285	2.028401527469751
312.2301	569.0	0.003346145611806559	17.00284267655063
312.2301	569.0	0.045349415181362394	4.512856233583806
312.2301	569.0	0.19168048200672755	1.938535216854571
312.2301	569.0	0.007838081596493109	7.194047818878983
312.2301	633.7	0.003267350520520179	17.450028682361783
312.2301	633.7	0.03946975679917288	4.88306805866628
312.2301	633.7	0.1530403211255427	2.252894512309662
312.2301	633.7	0.00817248731680794	10.948990486320406
312.2301	641.0	0.0033404305864004665	17.105982806469303
312.2301	641.0	0.043976580991910104	4.595700741328074
312.2301	641.0	0.18207267302364125	2.008459066400843
312.2301	641.0	0.008062079491201047	8.066270617013682
212.1412	486.5	0.027896215397863654	5.829328857341897
212.1412	552.8	0.036638809407353014	5.050297846292826
264.1031	494.5	0.04539459823548961	-2.9870274647334822
481.2312	499.3	0.2837309777401076	1.2983376557980055
210.1256	512.1	0.02562097173722767	4.196686365059104
216.1725	538.0	0.016628638407688034	5.996163344319902
174.0892	538.3	0.005922884736046385	5.636435725554045
165.079	569.4	0.023677837380758945	5.014866165565194
166.0994	574.8	0.3462004940139646	1.2196619558826733
166.0994	594.8	0.6217120874716383	0.5585884859956771
332.1624	581.1	0.6979883308273812	-0.4398052450403305
332.1624	581.1	0.1819217617732309	1.9520234935507284
332.1624	588.9	0.8989753000037843	-0.14114588026896532
332.1624	588.9	0.12788618588609263	2.415269615617475
144.115	589.7	0.06430479678567515	-3.3431144829784953
144.115	589.7	0.020089620243025172	-4.839046082311426
144.115	596.0	0.08209574139467932	-2.3093555150568634
144.115	596.0	0.06713038808511759	-2.6583910217744218
336.2301	592.1	0.011110599407332658	7.345589294385612
336.2301	592.1	0.007280197724902956	10.776042048707941
336.2301	592.1	0.027131620761515863	5.835019877650026
336.2301	606.9	0.011927987152479053	5.632900281569708
336.2301	606.9	0.006837890410397146	9.919053993970724
336.2301	606.9	0.029914211733672265	5.394134698868012
330.1467	595.1	0.6328843207836575	0.5457622056190652
334.2144	602.5	0.019851589633810635	6.077353265336934
334.2144	602.5	0.1055474305661344	2.798783738496431
334.2144	602.5	0.2431824242290015	1.6332559769434782
334.2144	602.5	0.4116467492356648	1.006097935362331
334.2144	633.1	0.017535707095975548	7.449400759923238
334.2144	633.1	0.08264839811048232	3.258905853779621
334.2144	633.1	0.19401567398456937	1.925588520962919
334.2144	633.1	0.163064973900265	2.1623847892076413
334.2144	640.9	0.019215852636452587	6.923226967982093
334.2144	640.9	0.09130897829343187	3.0721933716623924
334.2144	640.9	0.21253473595648933	1.8059346896619564
334.2144	640.9	0.23095712024679985	1.6899314349311865
334.2144	677.3	0.03053214039982249	4.529783522741928
334.2144	677.3	0.15024329465331981	2.241758768347267
334.2144	677.3	0.3284947693266525	1.2765444463139923
334.2144	677.3	0.7627167133406797	-0.33785658859774287
316.1675	604.1	0.426439160113438	0.8959285875895399
310.2144	609.8	0.05989425449216803	3.898890508136907
310.2144	609.8	0.13068160399914144	2.4873625691023054
296.2351	610.1	0.024686213549937577	5.101213447611929
296.2351	610.1	0.2470206971136678	1.6126982731235557
296.2351	610.1	0.12526200094917495	2.5490475078766957
294.2195	614.3	0.04184516211447968	4.676786983809827
294.2195	614.3	0.06612714593511702	3.6850514088753457
294.2195	614.3	0.013150087166284607	8.544648837795952
294.2195	621.5	0.048595493077642604	4.234312701504437
294.2195	621.5	0.07267545619471946	3.4834258707605663
294.2195	621.5	0.01374565765223769	8.202428235804717
294.2195	685.7	0.039768252125575526	4.693505955335204
294.2195	685.7	0.065105168446794	3.70091685914779
294.2195	685.7	0.012621701063707599	8.549558931890973
250.1569	626.0	0.6479530375940937	0.5056283787307242
250.1569	626.0	0.11635762970658407	-2.4530459660993653
250.1569	728.0	0.2072252132326697	-1.6226495437984148
250.1569	728.0	0.035556126582413194	-4.530214914268384
316.2614	632.3	0.014546845135824693	7.640451422301161
338.2457	645.6	0.003009882064847001	6.451191534804293
172.1463	650.6	0.007346030613095181	-5.134936226140378
172.1463	650.6	0.0029388217898277894	-7.281203457162607
172.1463	667.3	0.628453993820183	-0.5262047899180002
172.1463	667.3	0.21900655375403064	-1.4741939158368982
332.1988	651.4	0.18152727412190744	1.799211228210054
332.1988	651.4	0.04581422707639366	3.736440663522429
332.1988	669.5	0.25145963990580456	-1.367611249413491
332.1988	669.5	0.8844861933970296	0.1552021933899596
292.2038	659.6	0.19593077676609968	-1.674438109309783
292.2038	659.6	0.008864476698274245	10.002246073859782
292.2038	659.6	0.0023425353013131834	12.903524723992627
292.2038	659.6	0.003940530335050427	11.584695336213583
292.2038	659.6	7.852269934201411e-05	19.998786855680706
292.2038	701.8	0.017583275785137464	-7.173984868244959
292.2038	701.8	0.01016448736761628	5.72130488382918
292.2038	701.8	0.14036619061753322	1.9049004542249302
292.2038	701.8	0.09735924079818133	2.189241482479763
292.2038	701.8	0.29413795949267785	1.330270751744595
292.2038	726.3	0.011767456264469277	-8.411142708447894
292.2038	726.3	0.011182959832886242	6.715674545824371
292.2038	726.3	0.020672595833492503	3.714478767570815
292.2038	726.3	0.01861241626638845	3.8655975503835354
292.2038	726.3	0.04295613976733923	3.478224084925223
292.2038	739.5	0.009283512538090047	-9.17784935336316
292.2038	739.5	0.011937498982160231	6.975953926659476
292.2038	739.5	0.012556056133327687	4.332710809352559
292.2038	739.5	0.013537182106735915	4.407290397862034
292.2038	739.5	0.02072127994301189	4.348520000795946
272.2351	663.1	0.17083989473412958	1.6708881974326244
318.2195	671.8	0.006542066658088105	11.169982251738015
318.2195	671.8	0.0010490507157411024	9.084165432604461
318.2195	716.4	0.005381480649360026	9.603046261425476
318.2195	716.4	0.04467423485812295	3.1209744301269158
278.2246	671.9	0.007042334483153734	11.074047021417151
278.2246	671.9	0.012892757014658241	8.43382027175706
278.2246	759.9	0.006946384115334663	10.781919777322248
278.2246	759.9	0.013095885940275458	8.228612741998223
234.162	677.8	0.19025793753024406	1.8241559325798522
270.2195	679.5	0.028372704228022922	3.3621676786889014
258.1831	687.0	0.08632282207071658	2.408750702373974
298.2508	691.4	0.0005610923941217405	12.870543742144843
316.2038	691.5	0.0004112747060986884	11.106178244919064
320.2351	691.9	0.027462922019296506	5.520579537424634
320.2351	691.9	0.0010314252429796192	13.31520234266183
320.2351	691.9	0.012464729626334723	7.471373128702041
320.2351	704.6	0.07637063868803287	2.7543183401378077
320.2351	704.6	0.012201603016960872	4.541037798875875
320.2351	704.6	0.03649475415413051	3.3220027760201747
320.2351	740.7	0.16050061957115058	1.8136834621259237
320.2351	740.7	0.0849949011754638	2.4534566377505396
320.2351	740.7	0.11620052368678789	2.0127279152493696
320.2351	747.5	0.02525999889725313	3.565188441945612
320.2351	747.5	0.02224162971808516	4.729587515968827
320.2351	747.5	0.016190266685845268	4.05103688274214
200.1776	727.1	0.20504660872463287	1.6114027797855195
276.2089	738.3	0.0012057681639559086	11.028422716369263
254.2246	783.7	0.12635220411807394	2.3895996595069486
302.2246	787.0	0.012551852985362152	8.62953856530647
302.2246	787.0	0.007219607980683658	11.508407090728316
280.2402	795.5	0.03745922676698304	4.472314546403495
280.2402	795.5	0.0027170612463906	8.843195134642304
304.2402	818.2	0.0015138213579904	11.622658475827807
306.2559	862.0	0.018211629714568082	4.356391935150641
256.2402	868.5	0.8403354611399937	-0.21835225168323585
284.2715	950.8	0.11129275781495503	2.2167221049757138
