m/z	retention_time	p_value	t_score
347.061	165.142	0.4633416037960699	-0.7870488215249043
384.12	368.227	0.037874090872983227	3.3965970063158815
89.0478	241.494	0.3386491605453728	-1.0460115653382764
146.109	195.207	0.021681108933173147	4.215578594148716
146.1061	474.105	0.6234639224178733	-0.5399782467425681
323.0498	169.774	0.13409032968788973	-1.731449600706653
176.0328	321.379	0.007280964590010949	-5.3971786801063075
204.0903	450.091	0.015087529104233912	4.832211097732536
116.0103	307.707	0.7464888036899546	-0.33854765764438566
116.0103	408.121	0.016106235164584506	-4.734389265695548
116.0103	257.207	0.8599530225101181	-0.184174567419649
612.1487	302.036	0.0008868699317050548	-11.494959878215903
642.3001	458.493	0.04741499171696628	2.4866205659373115
88.0988	529.936	0.014674653151505719	-3.3900551712649003
135.0537	349.073	0.004426447494566477	-7.395513283845793
132.0531	184.874	0.10717735811126693	-2.268201174662168
192.0272	215.905	0.00029282770889725167	-7.611194170099253
117.0786	325.426	0.003924103655212856	-5.971834742006976
89.0478	318.458	0.0017236253009125875	9.891265582388554
125.0146	169.461	0.0008704983176713537	-12.590022819206421
119.0575	180.793	0.14418169557788565	1.7176246173262877
192.0265	391.225	0.0036542028722132856	-7.304302785281238
103.063	276.854	0.05144785664097957	-2.6699581710759075
259.0459	147.818	0.0001339746954189648	-14.064313161512084
104.0091	446.952	0.022106689034202827	-4.2746899343782925
152.0335	291.841	0.00771452720155879	-4.500632079871822
131.0945	302.364	0.966619474733912	0.0453222427448873
131.0945	258.726	0.7170730490263392	0.391815021265333
129.079	400.318	0.786616139249656	-0.2835188186501824
129.0792	381.087	0.15563634382181937	1.684587229624272
176.0425	375.97	0.25632000307281294	1.3977374142666235
174.0531	229.259	0.0026319339732916443	-8.385298198435317
87.0685	346.276	0.10024851998189736	2.304178260396392
251.1003	325.794	0.09687515745609683	-2.247459554097194
137.0459	438.001	0.22939535488953514	1.3538739543136884
153.0099	167.307	8.131177319107336e-07	29.448036467638648
189.0634	413.443	0.0019197142000289516	-6.817751103710942
154.0275	603.763	7.713242017337123e-05	-9.79310439891528
122.036	533.861	0.030827630734691986	3.5036291662669705
220.0838	496.852	0.5237456146101471	0.7050696263875363
192.027	351.765	0.0014309225639207567	-9.595444655644409
164.0475	497.662	0.04672004249992503	2.889312260333246
139.027	574.103	0.6805282671555215	0.433012558646123
119.0178	301.607	0.060654555795498145	-2.496296254132185
119.0217	284.286	0.18924246468428382	-1.6807772776564645
119.0176	319.687	0.2604114048024138	1.2431262920094173
175.0634	445.461	0.017163398448134304	3.3599887544664044
116.0956	285.181	0.07198738118661253	2.713406418863111
187.1679	484.934	0.018195119435663692	-3.625932094138284
145.0848	181.825	0.020252427544664692	4.1039152044473335
145.085	377.725	0.9059072985706609	0.12448135455944125
175.0478	412.274	0.005001679956022963	4.364786852672852
175.0477	418.537	0.010190172869957534	3.757622695700101
175.0472	393.025	0.1858040840582288	-1.5286913001464084
161.0682	300.911	0.5671575530295482	0.618958586827982
162.0161	261.963	0.008230920824093732	-6.0334601198005355
194.0574	494.381	0.1593788557134518	1.852385738937956
115.0266	248.993	0.09536112388801393	2.240811691422585
117.0782	228.101	0.1039911741760402	1.9529124402551563
117.0788	318.327	0.9899172016685208	0.01335549673505874
117.0782	222.868	0.03407124454480353	2.8543902252793845
129.0418	314.468	0.041379369981783605	-3.327430722764783
188.1251	383.096	0.07876763271685241	-2.551655291701046
131.0949	417.608	0.010269188492902941	3.7502417463818265
118.0259	276.87	0.8360653266290419	-0.22477789070094684
126.0296	677.115	0.013465604203486652	-3.571151632076458
130.0267	470.686	0.00040645614895744076	-7.382844025275301
103.0626	282.722	0.3883507662121891	-0.9299910722455756
214.1576	595.227	0.9668336910733503	-0.04358807760757859
109.0522	432.572	0.15217736827734377	-1.6701816021031037
189.1101	216.566	0.6718488377866921	0.44570344031077364
176.0676	493.587	0.03698779732195799	3.5322073874863533
172.0367	222.2	0.009715512285702206	-5.5978727463800615
129.0899	237.666	0.0006838695077747875	-6.508129824995614
236.0782	244.953	0.004110489972841263	4.499064732157845
130.1116	345.557	0.18550496880047884	1.6984968797193418
188.1173	267.889	0.006698623551861755	-5.600685708508098
160.1219	524.398	0.3629337910458796	-1.0632079940192354
126.0431	344.456	0.03949772077002186	-3.08120571849507
101.0473	333.43	0.40457423034253026	-0.950960699572864
243.086	253.086	0.015503956984804095	4.914128380516267
154.038	274.02	1.0568948547841946e-07	32.36439310828164
118.0734	188.282	0.40063948664660476	0.9597295475880903
118.0735	444.056	0.8595223536266157	0.18887266972984929
169.0334	380.886	0.46186885649337606	0.7871974295636105
104.0575	443.316	0.008700372518828	4.372414164595842
148.0014	407.865	0.02644494398507745	-3.301267383238811
113.0468	330.951	0.0008193848078607027	6.89044685382423
147.0533	329.837	0.04603081901984332	-2.6761360459844825
147.0537	339.696	0.11847831629039043	1.8292782780017072
147.0535	284.895	0.03713091064927146	-2.76571733884147
145.0737	360.501	0.02474067331169331	3.9277530814522166
162.0526	447.914	0.009387635397742625	-4.914759759385765
188.1272	196.669	0.1069713280363652	-2.054873686891162
145.0739	235.602	0.00118140492872813	-11.443758254144068
127.063	343.805	0.015987765659632183	-3.77630936587966
155.0337	186.855	0.00010723393146990316	-13.633613157194478
134.0581	268.565	0.6718247294886028	-0.4531376005832348
140.0083	259.037	0.8772594289190184	-0.1680117501323557
256.1149	427.248	0.4429781223606547	-0.8235542318610601
335.1323	170.641	2.1293980449195204e-05	-12.019113615607374
297.1068	197.698	0.0019646018753453035	-9.414458161269012
192.027	233.079	0.00014868159962241176	-8.464986443919775
183.0711	561.755	0.00705168162965695	4.1619775799904435
294.2185	708.168	0.46744669354438645	-0.7942126245150954
310.2142	646.605	0.14969720230846206	-1.9263584097717192
310.2152	623.667	0.00983720974750633	-4.179444244917224
149.0453	427.927	0.2668988864338748	-1.307835331527232
152.0471	458.943	0.21351329455689583	1.3924270565394212
120.0576	610.837	0.06721712056257316	2.7492018032933814
191.0613	433.457	0.047652481042604646	2.8029412900716717
191.0585	450.008	7.719971665366837e-05	20.70405297579956
191.0598	463.838	0.14124045966910057	1.9844498245626183
219.053	372.294	0.04993750207611128	-2.548553910057149
165.0402	287.052	0.05363617368474473	2.9865572268545417
165.0431	335.335	0.0003108448986413347	12.076507001041959
133.0519	534.425	0.0031658417294534416	5.0155470995285025
128.0581	289.502	0.0022312592418286007	9.608917356323966
128.0577	263.583	0.07853533064813403	2.6189472949355155
132.0518	286.787	0.04049375627035938	-3.3851373303925443
334.2124	601.825	0.010920049295878307	-4.0648269298817805
148.0365	280.894	0.003482807715719256	-5.587429933843239
146.0582	492.733	0.0008826107477824707	-12.752804326646622
272.0894	351.983	0.04708280675408615	2.6828253059695033
190.0478	471.428	0.001745233937526782	-10.559689501671686
142.0738	286.608	0.07376281008935105	2.237585686762974
161.0683	276.682	0.2565875444471368	-1.3946115538431563
161.0685	339.256	0.7193545763388145	-0.3893438699170178
228.2096	761.042	0.9231053384764532	-0.1037079737170214
160.0833	210.228	0.4661949485697709	-0.7909968997191104
267.0966	209.968	0.003068027894456889	-7.46689730784611
153.0647	241.154	0.33036327316131936	1.0983337018734605
163.0283	232.442	0.7024131725049363	0.4049960231631623
345.0505	147.487	0.9537906852361016	-0.06163315190380345
312.2301	529.817	8.030294640562926e-05	-11.982005850042961
312.2297	577.777	0.01410161995911281	-3.8022323193617993
250.0472	409.247	0.011710485663921993	-5.037615656105466
202.122	510.331	0.12337790057176377	1.8336388492353126
210.1249	605.999	0.0006639247174908338	-11.858385246293421
316.2007	666.317	0.2700146754208897	-1.3037410449895477
148.0524	497.282	0.0007289093295626268	12.782510907438569
198.0526	463.791	0.2187351142373261	-1.4404553681269923
164.0502	562.443	0.2808635404031534	-1.198496958170995
294.1211	346.826	0.6913093105005631	0.4351184997139992
105.0796	325.317	0.00965306070101992	5.543596050469561
126.0312	505.589	0.7204216977533615	-0.3881050975985271
126.0311	491.362	0.0234834461763155	-3.0184852487515905
306.0743	302.16	0.0008543917558880214	-11.485943311965007
147.0523	263.88	0.015221057870846853	-3.971408405730313
101.0835	347.282	9.603855752129751e-05	-10.527954140307507
193.0411	288.097	0.011108067803974928	-3.6260217472539304
122.0841	453.104	0.9360826062318202	0.08512740555203144
87.0689	444.317	0.11599559239026115	2.184700794772514
294.2203	685.859	0.006955109888851997	-6.307118563023735
320.233	728.554	0.8851012978077599	0.15489852131601914
314.2453	592.595	0.43815451984088116	-0.8304454794965345
314.2455	615.87	0.007753578188393411	-4.354851728645834
312.2299	651.162	0.04719425704008345	-3.1864520662476026
312.2309	679.528	0.056033897595346584	-2.998209046272187
330.2403	576.837	0.0002594112774952808	-8.624580862153488
330.2385	486.858	0.7267349271018665	0.3670633581228722
330.2392	541.551	0.006677532465493531	4.76276073202142
330.2395	515.144	0.1484338287368506	-1.7382179357491419
232.1037	215.842	0.7192233040450817	0.3769064147734671
210.0996	641.204	0.2563370925081869	1.2570417207327118
175.0474	380.712	0.07473787320831851	-2.6523132621642698
175.0474	318.103	0.06436522686440503	-2.8410940248424668
240.0079	511.934	0.8664762848663107	-0.17634466136518895
240.0127	315.133	0.01577018495679441	3.3524887295319235
240.01	460.035	0.868068148224851	-0.17982440425891855
240.0104	549.356	0.008946834322006656	-5.844622184417447
240.0078	483.881	0.33424984871392033	-1.0753258461893798
240.007	478.533	0.29555076735882957	-1.1752308951589856
240.0091	296.075	0.086308262552338	2.506834305592458
240.0089	442.121	0.00036836390807380953	10.045975676853391
240.0089	260.997	0.12309011568981995	-1.9455043222357895
240.0102	479.883	0.3221199443761581	-1.1088115880305585
228.1359	533.47	0.003509619766263359	-5.446842099942238
228.1355	617.076	0.001989589908313856	-8.671458212350501
212.1416	486.423	0.013908954813909673	-4.569247212715131
212.142	520.992	0.00032360684714525834	-12.336474114671983
294.2191	601.555	0.022213351446426693	-4.301785521982451
292.2041	648.045	0.02798858411221896	-3.988157009592354
172.1101	489.787	0.004321394826789699	-4.566164004270059
153.0896	584.875	0.46572323427338547	-0.7910043566248854
183.0639	545.702	0.11723665139048868	2.0842138427011476
302.0789	609.485	0.048537561017929755	-2.5356815959554453
199.0583	491.686	0.05471815369192937	-3.0458971029861055
209.0799	372.385	0.35124892681745623	1.0952925090117789
158.0691	317.311	0.11617566627438407	2.1813551923548715
183.0204	151.239	0.2042814311108626	1.5467799137096487
198.0282	563.899	0.8818226616479476	-0.15746166941638332
268.081	691.339	0.1328784988771541	1.8485516915309022
146.0689	213.615	0.14804045863614643	-1.6706536600259128
146.0685	199.396	0.09989558849767287	2.0150799104978128
316.201	646.266	0.002780821366076649	-6.508588396213839
162.1012	418.344	0.17090914319018533	-1.5822885870110803
189.1495	217.127	0.5272779982167615	0.6727097463287095
363.0557	341.852	0.02190620057314802	3.805449425717191
161.0471	508.67	0.008295231744592662	4.685555820281186
166.0835	257.925	0.002185129667477355	5.219180158591409
133.036	255.45	0.05958287050298355	-2.4204051635042676
312.23	486.891	0.010341597414767199	-4.579107358102617
312.23	514.255	5.565045968751277e-06	-16.638236212453037
194.0423	244.928	0.2636838706604362	1.3382875803602763
87.0318	329.396	0.053837345500250884	-3.018279486106925
87.0313	361.648	0.17013415521332886	-1.7832981708340647
160.0373	351.998	0.08532494101447245	-2.530478314100392
276.0957	212.914	0.11086371142576938	-2.2371198672515624
190.0945	192.565	0.7185238567444763	0.38872762468055627
190.0949	454.946	0.3153063930545061	1.1865387796171363
198.0532	323.862	0.5583010628954895	-0.6475739865052242
136.0521	506.203	0.2776268345574434	1.2506090489497015
182.0254	368.633	0.025045149174662478	4.146100449785767
173.068	250.601	0.012886916638871544	-4.2796472179341105
180.063	196.105	0.0022678892793642665	-6.285765773171654
180.0626	439.025	0.010904438389744926	-5.1704980598532915
180.0642	261.312	0.506433023843836	0.7510002890850371
180.0625	415.829	6.643215717251384e-06	-16.58166591693543
180.0625	203.059	0.004477528830096938	-5.592633775779969
180.0635	387.923	0.014587480654480407	-3.493652008710852
180.0631	240.423	0.010240056831085849	-4.876250679391449
180.0632	393.219	0.012047818192052992	-3.630206446544535
180.0625	401.073	0.002344952838292045	-5.052305152678852
113.0467	374.756	0.010358274061779124	-5.543908111146175
144.0409	489.33	0.004955616925600466	-7.426446994859791
172.0848	268.407	0.0034421550450365423	-6.449983547500623
216.1362	614.527	0.06157751819183454	-2.9081012484095212
153.0434	215.924	0.08847004159026568	2.057454635380189
175.0942	286.118	0.0019047079461910635	5.25829283404181
218.0904	219.618	9.955660920222421e-08	31.79020216862288
228.148	395.484	0.3286578736185926	-1.0802261336329313
262.1308	404.278	0.8757065865898515	0.16920271691447608
172.0852	287.579	0.0020803556134651284	5.906493244156479
193.0732	388.141	0.04475142075094127	3.3213221118688656
153.044	591.019	0.02558605534741174	-3.32839512909702
160.0837	248.675	0.0012402898281038397	11.808840698048401
204.0737	215.431	0.000317558975476257	9.513045249138406
202.1312	370.059	0.0078160636978866	6.309659088454604
202.1308	362.034	0.009962601528294219	5.7932523776686216
217.143	450.735	0.003991520268510225	7.187667657230043
186.1006	292.285	0.18037334044922856	-1.6914381361808655
188.1169	320.253	0.004796761790868285	6.187318680042679
246.1008	453.027	0.01428512186772888	4.205309503342181
260.1125	165.462	0.013618382223353374	-4.844845924953453
219.0847	171.483	0.01486401403724333	-4.131562292338609
233.1002	174.247	0.026384267371213632	-3.875090549168382
295.1179	492.54	0.039632788346565216	2.6195556572156606
231.1231	240.089	0.16348818280364716	1.6736442059620533
246.1211	312.324	0.18867980627474068	-1.5855560653002359
296.0995	499.412	0.1745170597589037	-1.7028237878890393
232.1046	288.197	0.7569710153798397	-0.3246557398387113
217.1046	201.341	0.01409533531113122	5.157325439196693
274.1278	167.839	0.06972533721408024	2.6245686085810833
275.111	181.157	0.42558823954867536	-0.8706357117341015
203.09	187.029	0.018477054452944043	-4.563689678225882
274.164	392.703	0.0014586770024903638	8.295496634270815
247.1159	185.612	0.0540724218027239	-2.6164213959781177
261.0961	177.312	0.0016962411150216036	-9.21649337382222
276.0938	197.211	0.0009379561902535747	-10.881813397183624
204.0733	198.16	0.004362001764737265	-6.5788068245464615
260.1365	319.177	0.570258139734775	-0.608306759546952
234.0834	189.712	0.008557105160333178	-4.33119704144768
248.1002	201.978	0.008374018535338361	-4.880097624180332
310.1162	501.645	0.10223097537692144	-2.294978741134718
246.1206	266.024	0.017419897769145827	-3.837772993344364
354.0659	370.094	0.42326118230138027	-0.8750332747166656
212.0914	475.124	0.004698172891604842	5.399011810498251
203.1257	442.174	0.7741937140835535	-0.30640401207381346
162.0644	202.655	0.04995883970754667	2.868307291136751
176.0811	223.376	0.45670524745623053	-0.7954051920123489
238.0961	538.672	0.0001210546539037817	9.24016401711377
226.106	466.927	0.07815431466556151	2.469900831146488
270.0944	430.035	3.0067552802285744e-05	-12.22060596812959
284.1126	433.608	0.22469526153536537	-1.3534430862702476
302.139	543.381	0.013707906169398666	4.953623601508923
242.1003	429.644	0.5427278035241252	0.6470078338974133
202.1314	332.552	0.014984516118094756	4.84493298939363
268.152	538.965	0.022553279583507342	3.6081011374903267
232.141	307.699	0.4891963608099753	-0.741952049658606
246.1215	295.482	0.09197830527660471	-2.2835055065417422
244.1778	444.006	0.047076455701926194	2.9468594458957673
218.1258	290.506	0.3519305497343721	-1.0195259538383876
294.1571	586.933	0.04642102795338203	3.1908834641602
217.1428	445.274	0.003124891910246661	7.604777472023358
203.1259	432.799	0.8794833054718021	0.15969682765547288
283.1637	585.798	0.5715361671911936	0.5993879943134108
259.19	518.061	0.01609786067251638	4.808418183503888
243.1568	478.243	0.006014564789575307	4.165269104566904
245.1744	489.204	0.003895935243089459	7.260794537007006
220.0853	307.078	0.15556426419209787	1.6785083646456045
264.1468	427.312	0.014100956437519815	4.303356970623558
186.1006	309.349	0.00026331287195739374	19.649870483789226
271.1638	403.811	0.8871663010304076	0.14809344165153132
244.1053	270.541	0.010540555184667484	4.843647434611925
252.1231	524.272	0.05947013186327004	2.8124092824021028
246.1052	378.783	0.02580199588417886	4.045163730201247
202.0942	258.073	0.18177179324814227	1.5785829504938487
216.1107	279.196	0.021626143416903047	3.9052446193850563
214.1311	382.185	0.0016748505133624809	5.436435446833541
220.0683	183.059	0.0022682336059841883	-8.031714711610428
234.084	177.444	9.12281584191425e-05	-11.086350835099934
242.0999	446.851	0.4877655187888692	0.7415821123551033
218.1268	307.481	0.6373849470430479	-0.4966595361654195
218.1263	298.493	0.09700573502123354	-2.063005068274827
233.1379	416.337	0.024248193022162766	3.094620650911165
192.0743	180.946	0.029003024620553923	-3.107331797512653
206.0898	182.206	0.13954577648190924	-1.8239717867125063
233.0996	184.315	0.017609047858566568	-4.312090367545633
222.0676	197.218	0.03223922248340277	-3.0264959025137905
232.1416	327.921	0.002970982093918789	5.331564181873431
250.0968	298.069	0.019436021966683294	3.7421412416761126
216.1111	258.373	0.013769956597666158	4.938109738591147
206.0908	196.264	0.6424980923693604	-0.5003744351293371
220.1052	212.29	0.02803386858395874	-3.7863632285984896
282.1201	530.653	0.00362673899569195	4.640660438757279
238.0951	521.03	0.6011517193755861	-0.5754550226980159
278.1259	560.768	0.2711470625246116	1.2562216769446553
282.1166	497.337	0.004167832574337744	7.16723610584271
280.1425	565.636	0.0017119961092955992	7.388917130283785
188.1165	295.936	0.0060362696752301	6.4677485711613505
232.1052	258.062	0.006858948821999319	-5.476170562427648
230.1629	418.102	0.09139459742883829	2.207209651679652
216.1468	370.963	0.048122117491927074	2.510173043534182
294.1207	319.944	0.03887944236626707	2.6346506580131144
151.0303	174.318	0.0703091736168462	2.4060769849982013
174.1003	317.132	0.09350657579376344	-2.1047215691517933
146.0687	245.882	0.00045317096649604924	6.99936325660194
259.0457	147.8	2.4857125664676828e-05	-32.800342608163085
211.0358	149.3	0.006008422607244168	-5.49185560953539
139.0398	150.0	3.4468481044512125e-06	17.13827645338847
199.0246	150.0	0.011760598788101387	-4.24951983138705
153.0096	152.0	0.08595039846286608	2.3580780747798005
356.0733	153.1	1.935037113887473e-05	-40.584052729623224
229.0351	154.0	0.06303651367370704	2.6654333130633883
215.0559	154.7	0.2420040253468052	-1.2978684472098376
537.0761	155.1	0.0708498478232708	2.2376645205862005
169.0045	156.0	0.1779182398576461	1.5619073098932736
141.0191	159.3	0.001862040544632699	-9.813329727108993
246.097	161.409	0.00888925215595818	-5.910166667002251
261.0965	162.187	0.00013370730977159385	-12.90151982704781
195.0743	162.7	0.000380499350282254	-11.352813425304374
179.0794	164.0	0.014690446631041961	-4.569630453978161
261.0307	164.0	0.006635138278092486	-6.156789074126633
431.0131	164.7	0.8080702531949882	0.2618713463708226
307.0838	165.4	0.0011538110050323034	-9.40134216830962
347.0631	165.4	0.18390186631308272	-1.5863402653203713
302.1702	166.147	0.003106349529312701	4.9966619828689955
167.0259	166.214	0.06571103364463692	2.5825974535920073
274.1277	168.0	0.08914001541679122	2.3510445173646164
238.0605	170.329	0.008941774779290434	-5.934698312093513
204.0734	170.75	0.009212719502496145	5.186289312100223
283.0917	173.1	0.005418453264195986	-6.3661505999463515
133.0487	173.2	0.016014524346206812	-4.824869423738051
220.0684	174.069	0.0036628303623144755	-7.39222233376947
169.0847	178.323	0.19531239348718948	1.4586664350148424
290.1226	181.1	0.0006392922361150308	-10.073933633984943
335.0631	181.9	0.048773563681370306	-2.5700766962256947
162.0643	182.294	0.0008146195239692904	7.492235506950283
173.08	184.4	0.49235538499969866	0.7378300097135092
174.1117	188.0	0.18559020810781193	-1.532978862335913
248.0994	188.562	0.03354723419173988	3.4741900783633812
232.1166	189.143	0.15575833431348834	-1.6657724648164678
190.0586	190.315	0.012065744717954307	-5.200942519267396
190.0954	192.7	0.859815833531184	0.18906306304904455
160.0484	194.4	0.1427056038459613	1.9706879801096602
146.0691	194.6	0.021148047121106312	4.439646429318075
275.1115	199.652	0.11780550456842159	1.8280919823541528
204.111	199.7	0.03527855343545165	-3.007501650583383
175.0957	200.7	0.003571053850932945	7.300471414346509
636.0963	202.6	0.17652467212103015	1.65018472331261
119.0582	209.1	0.3030307885779113	1.1378361780256752
202.1421	209.444	0.08705024731911248	-2.444562882349957
163.0593	209.5	0.8809741732608689	0.1574891988790706
267.0968	210.0	0.0050239266498021285	-7.213927089657549
165.046	211.7	0.1273115271808984	1.9783486943169002
105.0426	211.8	0.0036932246036383517	4.989092249740269
190.0954	212.4	0.0021991039875754992	8.754127272837927
189.0637	216.7	0.21519400292051435	1.4242860358676563
605.0772	218.1	0.11934706142434758	1.9439874641005632
218.0903	219.6	0.22871980548399104	1.5015872105453922
147.0532	220.1	0.8519521240767869	-0.1948382535122731
383.1057	220.384	0.027952273072593372	-3.40771340062064
133.0375	220.6	0.02622328335575352	3.3620435456775986
289.1274	222.2	0.8187960581736841	-0.2396063811637877
230.1258	222.894	0.016187104623785992	-4.218110793195667
237.0309	223.645	0.13048814326573846	1.9670580672335027
133.0741	223.773	0.7432667109096942	0.3462183848889903
346.09	230.1	0.45758067869434177	-0.8015462829609112
287.1123	231.282	0.0011251952360359346	-8.810989303483389
332.1332	233.2	0.4684535529130057	-0.7962088198291895
103.0273	234.256	0.003882891677414412	-7.192024718370957
332.0743	234.6	2.381311827629576e-06	-17.661158709345077
141.0426	237.7	0.024362538773464934	3.7823612887709768
119.0582	237.9	0.022211708735751446	3.7922194525281987
161.0688	238.8	0.00208020736012356	-9.163584545959866
188.1161	238.9	0.43307467191198484	0.8417230727532283
273.1325	239.1	0.3011301960652029	-1.2427389973386187
114.0429	239.3	0.05517107481349723	-2.990020144940687
133.0731	239.769	0.4381320756346616	0.8304064305127501
377.1335	241.7	0.048687011050651534	-2.6601948210094375
61.0528	241.9	0.06746384679833027	-2.2328449503227805
229.1066	242.776	0.0013037726304100624	-6.551330443205202
174.1004	243.6	0.01611582680307923	3.3358927342102858
199.0957	244.6	0.04362971107220336	3.354842612561188
243.1205	244.978	0.031612573894968576	3.6822313414741616
131.1422	245.6	0.10259456514733328	1.9285226784685523
363.058	247.1	0.10609873977221534	1.9199470859873928
160.0848	248.6	0.002010825380088278	10.139498691105254
385.1274	249.0	0.09085619529948198	2.1151877067479288
384.1169	249.2	0.04970053110727821	2.4523346774963573
515.1765	249.5	0.10998263221766869	2.1937997061068417
75.032	249.6	0.22606196146660298	1.348998589286063
433.1362	249.7	0.0623929706236311	2.862418274986292
119.0582	250.3	0.25138212925157866	-1.286330415449246
188.0797	252.1	0.39868326929785086	0.9340684890433303
204.111	252.6	0.5149492989246629	0.6965618630945052
125.0242	256.8	0.01626292108105005	-3.9228671477867323
297.0896	257.2	0.291725964936286	1.2747682007192072
119.0577	257.928	0.17162331713003043	1.5588201551591805
232.1059	258.1	0.006654329722719613	-5.356595898575352
345.0474	258.6	2.5315677664098116e-05	-11.644881511292045
346.09	260.7	0.013478723911028346	-3.516736305373703
244.142	261.208	0.0003041092415595188	-9.827559231485917
216.111	261.9	0.004256603170537789	6.101109581627953
434.2311	261.9	0.001179283359161562	6.300672669169065
231.1212	262.394	0.021606448068081385	-3.9750787442589552
243.0855	264.6	0.028354027434833194	3.9747329420379267
230.09	264.642	0.0019883147834036533	8.345700225047072
89.0477	266.7	0.007317108439698572	5.814124149258299
578.1636	267.0	0.06331048641443092	2.303959078427973
218.0906	267.667	0.016234889558567406	-3.8750846011995237
446.0604	268.3	0.0029314851306430764	-6.159475213876811
147.0895	268.8	0.09898502070216383	-2.1118789491462464
246.0848	269.025	0.014520708490565621	-5.105532245882172
217.9885	269.7	0.7752317076795805	-0.29880773726434834
127.0382	269.9	0.0043536170283468385	7.564662152649136
174.0641	269.9	0.0021071411821626134	-9.106576349599022
161.0688	270.3	0.18337957537918784	-1.6431715471928914
473.1659	270.5	0.0725381921636817	2.4078785260019235
473.1659	270.5	0.0725381921636817	2.4078785260019235
132.0059	272.7	0.011094638018886166	-5.355832988534645
436.1369	275.1	0.045365835882403456	3.3040332246053716
89.0477	276.5	0.0024040844373422105	9.324175114789433
174.0632	277.508	0.011707109691076441	-5.386087491077214
117.0426	280.5	0.4656927903256729	-0.7954578883520435
145.0739	280.5	0.08822962928646874	2.0584972869026057
149.0471	282.385	0.0031150764539392374	7.2487170746455805
73.0528	283.2	0.4237641038206725	-0.8636493184733044
202.0956	283.587	0.011070511522423198	3.631545221918809
300.0852	284.961	0.0009308678626772154	-6.790801503852072
59.0371	285.9	0.05590960128249816	2.6865407456209422
110.0476	287.177	0.07135190918319657	2.2373184907544506
459.1866	287.2	0.009267491567237855	4.313449516805779
692.2316	287.2	0.13176719224091002	1.7513598708709315
611.1607	287.4	0.202545854197618	1.4615115758927861
202.1311	287.952	0.0737967783666903	-2.276496766453498
193.0375	288.1	0.041834042244183724	-2.7096210260234
232.1059	288.2	0.007069677137828484	-4.257627735871613
114.0796	289.584	0.008265861171444898	5.5857933420612715
145.0739	289.7	0.517842686552669	-0.7295303280000838
176.0321	289.9	0.0026281068454341106	8.754372746904343
232.1407	290.631	0.45952131896858495	0.790477564502293
147.0532	291.8	0.0934474506704732	-2.056553078566228
243.1204	293.71	0.017181056505576477	-4.676985061237409
328.0794	294.1	0.10757322511163935	-1.8914050568837775
190.1066	295.3	0.008081487626044116	-4.708326460266675
458.1203	296.3	0.6959494117475238	0.41129280582467187
206.0428	296.909	0.0010017994998026917	-11.13295467456056
167.0582	297.2	0.4597206832549793	0.8410379565525544
188.0797	297.4	0.0036213504569177057	-7.93157122843141
232.1059	297.5	0.016850937074250023	3.35259936115782
75.0684	297.8	0.0961767085108288	-2.0802633973524682
145.0739	298.0	0.3032214083870867	-1.23557986933621
306.074	302.5	0.0008478350719805273	-11.851091286637317
175.0842	302.598	0.08728730268954957	-2.2132527495148704
101.0477	304.0	0.0009695434004672595	-6.672749072437138
165.0423	306.019	0.3131732714118861	1.1011871141610077
151.0494	306.1	0.019181686831541263	3.4111386008388402
360.1321	306.2	0.0032116163025547244	-4.786831763160662
330.0951	306.5	0.317197188231013	1.1546799859259609
127.0625	306.5	0.878455608077228	-0.16331182928931054
282.0344	307.3	0.669505258172731	0.4628230689047834
117.079	307.4	0.022596445355085412	-4.235842571279949
87.032	309.1	0.007095554020478722	5.341829374137927
223.0481	310.5	0.8022512940669608	0.26450674216046605
245.1369	311.168	0.2996510535098718	-1.1481536326181911
226.0582	313.187	0.3000684161373003	1.2311246481158826
103.0633	315.1	0.009904215611576563	5.348824448725954
216.1113	315.16	0.9594026422941699	0.05347194591914369
230.1259	316.57	0.02250720813887174	-3.9256657728032502
174.1004	317.1	0.14886996894537585	-1.7487155349862862
129.0812	317.542	0.09130087379273245	-2.222013746761656
129.0426	317.6	0.09641824577107942	-2.1799101124979368
101.0472	318.468	0.012471075124771462	-5.368479923173281
314.0638	320.3	0.11498667438003829	-2.181422940693681
136.0385	320.5	0.04610563718140701	3.2754646156263387
135.0354	320.5	0.044782051143577736	3.30808794331286
342.0951	321.8	0.09541615819641186	2.3495424972676013
175.0847	321.972	0.838795956037921	0.21685161701728156
176.0909	322.1	5.529966472805872e-06	15.472937690481135
244.1047	322.119	0.03106992599365788	-3.461310987611088
326.0979	322.694	0.08998336299643067	2.164970136192072
259.1525	323.032	0.45453358084667617	0.8032430249569891
244.141	323.247	0.06497327869104685	-2.4258259330175433
254.0725	323.6	0.015223606636016693	3.4515424831516293
293.1384	323.989	0.061058547139421965	2.3513060019289007
87.0684	325.6	0.009142477888756249	5.881934325867412
174.1004	326.4	0.5301249106162353	0.6691671834721185
216.1112	326.487	0.6818242075666976	0.43095172111687347
220.0848	328.7	0.0065018758896148695	-4.11857592169962
73.0528	329.1	0.007665490442987576	5.983634870525247
616.2241	329.1	0.3126175478673191	1.1472862697654869
456.1626	329.5	0.019041622938374858	3.800246925622558
232.0042	331.3	0.8052094324213438	0.25865594648955736
236.0797	331.8	0.03926620717722299	2.658655555678869
237.0862	331.8	0.02486938480222545	3.0652967112122798
492.1115	332.458	0.8731830719302753	-0.16670141043708636
72.0687	333.6	0.011272574898929246	3.830276095280152
175.0841	334.043	0.3545418975429149	1.0041522745277294
218.1262	334.201	0.006763437958419712	4.20803905761333
115.0633	337.8	0.001062174635405478	12.447691681427122
206.0427	340.382	7.135824718811606e-05	-9.821100239220462
255.9984	340.5	0.9696684349380937	-0.039656185507666565
230.1263	340.572	0.025887809415503275	-3.4940602932244
172.0856	341.09	0.03722723007123399	-3.565213009295923
185.0324	341.4	0.2148287625708845	-1.5660000009585267
176.095	341.7	0.24535951135346948	-1.288136489391727
439.2392	342.4	0.0036455634815428127	-4.699049794726767
216.1111	343.315	0.22984998696521983	1.3767321394852463
181.0375	343.5	0.9333984123524033	-0.08825557576235071
244.1046	345.245	0.010140928295730349	-4.913670147587308
208.0841	346.203	0.3952741456910222	0.9318184466034302
325.0798	346.4	0.09530682408985053	-2.0657021753840543
325.0798	346.4	0.09530682408985053	-2.0657021753840543
260.1358	346.433	0.051211727939287334	-2.669833964401556
426.0879	347.1	0.04251061658825524	2.9598244629406074
125.0955	347.438	0.009978767108386648	-4.347738728456498
198.1368	348.5	0.022088224873441503	-4.0280259992677365
642.1432	350.2	0.04699032778134461	-3.2364753376095536
640.1428	350.5	0.01594339522560735	-4.771332373386797
117.079	353.3	0.014544623392077868	4.463737870361556
234.0852	353.4	0.46113115396190907	0.8379974884093744
149.051	353.8	0.10308917620674854	2.310103891620862
139.0382	356.6	0.11736160849033421	2.1406234221254414
103.0633	357.4	0.38801288172515197	0.9315879439553556
73.0535	357.803	0.006705036877117246	5.924952787465624
112.0273	358.4	0.041855081259835246	-3.0280080147899104
216.1118	358.866	0.035194050155786076	-2.7117744799663552
214.1311	359.641	0.02135739593389791	-3.903281208308386
266.1263	360.662	0.012928085984883868	3.4938385264084304
131.0582	361.461	0.0026174355218083227	7.2642658182672895
110.048	361.729	0.36596110371512286	1.0081970090829422
188.1168	363.41	0.0023476520795891833	5.111836460765096
184.0736	364.1	0.1486663337895398	1.7377854501798076
230.1269	365.044	0.05941863543623667	-2.3558820738674138
166.0266	365.7	0.0037393573172428466	7.923435351743702
204.0899	366.1	0.0071712809574775195	5.083708292925315
220.0848	366.2	8.84538330587591e-05	9.608325856878366
355.1547	366.4	0.979615676781624	0.027585685222825528
433.1129	366.5	0.4828103559691521	0.7480104717907916
354.0577	368.8	0.16926435730882655	-1.569851317994699
381.9995	369.5	0.0017367053458866443	-10.632733391791533
248.1161	369.7	0.021890104379060006	3.799451216229875
345.0421	369.729	0.015727959033359086	4.4271694624827385
114.0317	371.1	0.6414062917056758	-0.49084595461750663
248.0562	371.7	0.7573098827402907	-0.3248013833827524
70.0531	372.9	0.011233160673674766	-5.512653845884609
70.0531	373.1	0.011233160673674766	-5.512653845884609
300.0845	374.6	0.0064936035230845615	5.575970401529381
222.1004	375.1	5.316169093693139e-10	91.3148868916156
187.1208	375.4	0.0002628070662102088	10.595634236415943
275.1474	375.473	0.01804272143342881	-4.367772446493812
230.1257	376.257	0.08686069714726959	-2.4470413470898262
137.0841	376.8	0.027490938289532633	3.9677505432005025
260.137	377.009	0.8616593333334772	0.1833877892032824
281.0899	378.1	0.811911968508155	-0.251672025051532
195.0895	378.8	0.13255336224145636	-1.9603458220350012
117.0787	379.406	0.01884575527130972	3.999124588327314
128.0473	379.7	0.8651921625561423	0.1784382856537377
259.1208	379.7	0.13936963083323198	-1.9337121331835354
163.0667	379.7	0.056152965127910855	2.6487943392581434
337.1147	379.811	0.0025505885592587763	-8.746543286024126
167.0582	380.2	0.0014941369478555407	-8.829354997962701
205.0493	380.653	0.05707956321963742	3.0125589641364896
302.2067	381.699	0.0031896738182817393	8.202538068598853
381.0686	382.9	0.5532891340650005	0.663611586576049
300.0845	383.1	0.0071758202999820985	5.538348668153131
126.0317	389.5	0.5195629081089569	0.6911384034879644
260.0467	391.0	0.12194868965530686	2.104838936350847
311.1718	391.265	0.8204114897200507	0.2380577922376907
231.1324	392.1	0.00020023462983467566	8.238275039226474
165.0426	392.8	0.01543832376786193	4.5666440633320216
297.0449	394.318	0.10929164173091883	2.133609640692849
246.1328	395.7	0.03694618057545431	2.8790524041668157
151.0633	397.7	0.5143911651436279	-0.7000157029872326
72.0263	398.206	0.6140514199225133	0.5317661937142647
212.1159	398.7	0.01708931057728108	-4.532937632670958
286.0477	399.0	0.1912342460007618	1.581570994011306
101.0835	400.073	0.0003778573838689523	-11.523166610952941
142.0258	404.813	0.03325645602076402	-2.951091320289179
228.1479	404.907	0.654934333956018	-0.47630273729120576
326.0988	405.567	0.05529503026507035	2.928812850242176
131.0946	407.0	0.10323486717385696	1.9427602332505673
153.079	408.5	0.49038857842319383	0.7411447126665759
522.1373	414.6	0.1738605410279506	-1.5807252588763638
519.1133	414.8	0.036145072728140375	3.130468583891926
480.0904	415.9	0.8566068059823686	0.18977615170983003
126.0317	416.0	0.9757176479829172	0.03256685886610488
340.0794	416.6	0.2929105872831755	1.1998052671425872
261.1327	417.541	0.04067280369139715	-2.8302318678986818
101.084	417.963	0.09788318927515953	-2.105281677502817
240.0238	418.5	0.057631797764406856	2.959172198593942
243.0855	418.7	0.015006554288430419	5.015421489287006
275.1469	420.028	0.05390900294688008	-2.630182410995719
281.1124	420.6	0.02648280631760303	-4.0847459331826075
386.029	421.5	0.008130589814560597	-5.9734892716950805
228.1473	423.032	0.027156748156357453	3.589177008139097
179.0946	423.1	0.21602582933971165	-1.4960188132925019
286.0477	423.9	0.1619416205921264	1.679209781208344
286.0477	424.0	0.4677877188606602	0.7874429478786249
283.1281	424.3	0.169429108692499	1.6438684058024065
142.063	424.7	0.12813918011116412	1.9766183030496896
234.1368	426.1	0.059625866953019684	-2.938769394305897
149.0477	427.7	0.2559943517531149	1.25743240045616
179.0946	428.6	0.21805451630888295	-1.4839104270122039
135.07	428.952	0.12566829144130473	2.0937415322876443
126.0317	429.0	0.14576060017380768	1.6904371801988312
127.0627	429.589	0.0918340373808281	-2.1756528032193554
168.0423	429.8	0.4181505871133635	0.871613424520023
168.0424	429.865	0.488086486711687	0.7400931524504597
304.1383	434.3	0.3648255625192742	0.9807372501029299
117.0794	434.474	0.061432713938516445	2.633674892798738
237.0862	434.6	0.008369193326267985	3.9030107328743746
114.0308	434.715	0.5613009489448739	-0.6471735927120656
146.1055	435.6	0.5977665468059152	-0.5657448366374727
638.1119	436.8	0.017711907701702844	4.714218552055849
143.0924	438.718	0.07674860419540173	-2.2265691546795554
138.0317	440.3	0.30939450648086936	-1.135227635436505
149.0477	440.3	0.04654106910113734	-3.1386321407064224
180.0786	441.1	0.03525576004631275	3.648565113911945
320.0896	442.6	0.0070185903684447295	5.958931040432023
162.0351	443.0	0.0018280410227310957	-7.919248373301042
117.0795	443.646	0.022641451446761943	4.184642023019997
217.1426	445.3	0.0024262388685827832	8.120463041139594
121.0528	446.8	0.6338527091484661	0.5088467043859372
181.0739	447.2	0.020589909146827474	3.2998145513799226
228.1478	449.338	0.004141181528483211	4.86017141354217
130.1218	449.4	2.2959300453639376e-05	-16.93136430928895
208.0736	449.6	0.5749453874345569	-0.5931221119587
276.1586	450.3	0.36771366978943093	1.0387353965818025
182.0579	450.6	0.5151182124168051	0.7173960857929295
217.1426	450.7	0.009443904995069677	5.511542449438064
245.1385	451.9	0.056392267452029333	2.4800353705058256
73.0888	452.519	0.03494611776007691	3.279739077285259
210.0528	452.6	0.03606533077830961	3.612032869171753
346.1165	454.5	0.05906440436423641	2.5315809554974544
320.0896	454.9	0.004824011498491362	7.544102261812908
132.0899	455.6	0.0125616214823876	4.447634852858229
321.15	458.254	0.04741499171696628	2.4866205659373115
167.0582	458.4	0.7707787809914262	0.3060814914441822
33.0215	458.9	0.04949331599404298	3.180177193555454
152.0473	459.0	0.47384869657343254	0.7675442612878968
182.0579	459.1	0.988144048752065	0.015516379365640355
129.0541	459.586	0.3023427681844596	1.2365342050994843
351.1703	459.6	0.3757562790520135	0.9820408951928081
260.0321	459.8	0.0076233450432941436	5.450310995032006
135.0677	460.236	0.008371901391590313	3.9263765600468505
161.0477	461.3	0.0027874686672886067	5.284989581138349
165.0426	462.0	0.069150935978617	2.776011345923814
370.0339	462.508	0.4406164226374534	-0.8568287077770537
322.0689	462.9	0.07745270834183339	2.5457609326006074
154.0266	464.3	0.21410281261011313	-1.5706270721494975
320.0532	464.9	0.003478383355144211	5.165325505011268
256.1099	466.1	0.011351219074646413	5.461448898422403
152.0473	466.8	0.05355012449613996	2.657012932560801
153.0538	466.8	0.03603364480722871	2.9702807860954974
144.1369	466.857	1.7258613593326296e-06	-24.565633423187634
203.1255	467.146	0.7898753042140544	-0.2793061793588153
189.0424	468.206	0.011763110075133757	5.438444017096867
114.0314	468.229	0.00035623883042234654	-13.80924922202083
243.121	469.29	0.31717061046232675	1.1970096354717146
222.1004	470.7	0.1637971555308379	-1.7698896015978496
244.0695	472.6	0.002072817150198668	-5.706873603123543
168.0423	475.2	0.5284801091970042	0.6969771712678534
375.1682	475.2	0.4700051304720334	0.8068282228592989
346.1165	476.0	0.0003277602789482969	9.51522593000686
146.0844	476.8	0.0054643451980712875	4.258108066287188
268.0997	476.959	0.0029111615491909707	-8.25424085232107
267.0968	477.2	0.002825526290730636	-8.239099714167402
253.0811	477.2	0.5813248607505838	0.5912672422618086
252.0746	477.4	0.0016332219696779877	-7.70494403996738
328.1543	478.0	0.7737586704482734	0.3089609389046289
180.0899	478.3	0.043976945903364116	3.326396346922204
270.0528	479.5	0.5439494457792416	-0.6438489090122234
207.0893	479.701	0.002272188004006042	5.514391314894079
138.0317	480.0	0.02297215993712589	3.4592826603650915
141.0902	480.5	0.00046993213518144465	15.03859955444846
175.0633	482.3	0.1025875251868571	2.066662691500912
506.1002	482.9	0.022381561145986592	4.15139238757757
189.0425	483.125	0.030060813127346937	2.8647649746060333
218.1267	485.3	0.0021451389438415154	7.0944928449145
187.1685	486.4	0.8915908307997391	0.14556372287077676
501.1972	487.7	0.002387827923015107	5.601837287824441
251.1018	488.6	0.01365685792781405	4.730017340369007
111.032	488.9	0.9360726486141235	0.08620930065074742
133.0528	490.0	0.08117281113212223	-2.239413401104109
170.0579	490.6	0.005487031880994724	4.726703378378912
232.1212	491.3	0.3054884679582787	1.1272977352686782
434.0767	494.23	0.04146966457558114	2.8029180192415954
194.0579	494.3	0.14197663997050888	1.966593789770194
168.0423	495.2	0.6768396169096105	-0.4504130215528993
564.1115	495.6	0.027594527792283777	3.8340497373604148
178.063	496.4	0.017503210012904995	3.595509210025701
164.0473	497.6	0.04568980293618334	2.93180390610452
277.1161	498.193	0.22633012890722093	-1.4677948041065982
148.0524	499.6	0.12027240199400889	-2.030602244425701
175.0633	500.9	0.044574950811279095	2.966080403959878
356.1233	502.1	0.0025331628557290113	-5.9525196655604224
550.0959	504.1	0.02622213623881044	3.6523885747399443
60.0688	504.438	0.009429193511728353	3.791300423269234
188.1525	507.3	0.0003009748530787227	-7.538635041139466
161.0477	508.7	0.006824115734500606	4.781233646780303
195.0756	509.1	0.02249070752658731	-4.03245903172708
109.0528	510.9	0.026760357920848774	3.019043920280601
74.0848	510.922	0.021393892993842475	-3.5490775283696285
182.0579	514.928	0.9543043665767525	-0.05981180609614472
336.0845	516.3	0.10263113796556328	-2.067514204526752
99.105	516.567	0.5976518326019442	-0.5817694390306241
336.0861	516.692	0.0931669613512108	-2.0615284735952066
281.1124	516.9	0.0006722650912383154	-8.979361325176347
272.1049	518.5	0.17985272227436794	-1.7181380746325514
288.0634	519.9	0.44239731518598524	0.8493517860536794
288.0634	520.4	0.7430549603678404	0.3458827324788662
175.0243	521.1	0.1767582993421138	-1.7592250369392897
434.1213	521.3	0.03587696146258056	2.694364878758379
434.1213	521.3	0.03587696146258056	2.694364878758379
239.1018	521.6	0.6391930674838586	-0.5134446762213718
183.0354	521.7	0.07462649562626547	2.3448404157528264
135.069	522.477	0.041139679078085904	2.737775497018952
222.0892	526.9	0.042822062388269994	3.201425199194939
246.1011	527.335	0.5094078320054647	-0.7149297969411261
176.095	528.9	0.006786496175074864	-5.503285150237108
325.0979	530.122	0.7906122975677703	0.28029241782775893
186.0681	531.0	0.01789798420943402	3.6699545226764516
138.0681	531.3	0.04341088480648446	-3.3560235508420813
180.0886	531.634	0.6459595314434283	-0.5059587234297115
180.0899	531.7	0.17553645325815823	1.7498772199123098
252.1105	532.021	0.07803080207952803	2.158360258892373
318.0376	532.6	0.008013262891926491	5.757352370565113
192.0786	532.6	0.2882429740033544	1.2727599951513735
580.1792	533.4	0.010486074658325814	3.694367557289293
128.0473	533.6	0.026946819624967113	-3.664982962518563
239.1018	533.8	0.4657678232825546	-0.7827582165996769
504.0969	534.633	0.043908564588771896	3.302872962725602
133.0528	534.7	0.004184957367250927	4.629789086881389
210.0528	534.7	0.0339372290676621	-2.765154846707903
152.0473	536.7	0.0143446420576678	3.41694775381852
360.0845	536.7	0.004582648299336887	6.077067163836841
346.0689	537.1	0.03664554041562701	3.591039844056622
184.0372	537.8	0.34892383266773513	-1.0651693760092882
239.1018	539.9	0.0011821020588192413	7.238513786998699
196.0736	540.1	0.709020631779243	0.4040269864508929
134.0732	540.5	0.01336203037395803	3.8384268720382018
208.0848	543.2	0.0015529878500931149	6.400709802908645
135.067	544.288	0.05013748269453514	2.716374474917822
154.063	546.6	0.04484786164035803	2.527671818030975
274.0841	547.6	0.11588157605608089	2.1156488880704076
164.0837	551.3	0.020041860563105154	3.3793815849618323
224.1036	551.355	0.014035492582102856	3.5425790422594767
124.0524	551.4	0.3347603500428389	1.1290954019492256
274.0841	551.6	0.10355172902482572	1.9852101229367483
140.0473	553.9	0.1360244488263426	1.7389016018316146
180.0423	554.5	0.1009758211972295	-2.196884878455671
186.0681	555.1	0.2304322662834532	1.4831201557904226
268.0736	555.6	0.0202291519124047	-3.1543405197712757
138.0681	558.0	0.2503796289708308	-1.4210855182370277
138.0681	558.0	0.2503796289708308	-1.4210855182370277
352.1787	560.3	0.10811596115374833	-2.259152414955444
181.0739	561.9	0.01228078080386966	3.592889978479649
111.0433	563.8	0.034582460089085984	2.829410502894302
434.1213	566.4	0.08602879503146073	-2.1243295524012287
328.0947	568.0	0.6770169503587679	0.45013642311534086
94.0419	569.0	0.004217036747441368	5.417641142490301
182.0579	569.1	0.20384814482281305	1.522326436771954
332.0532	570.5	0.018989828461570064	3.6576136889010864
418.1264	572.4	0.005128598048029628	4.344034934521002
128.0473	574.7	0.8891957749150542	-0.14670643120021457
208.0372	575.3	0.0012335752297142632	-6.208868338843934
418.1264	578.2	0.5091587755804602	0.722893218633954
154.0266	580.6	0.0018601902265442125	5.737870564432741
390.129	584.336	0.07334391926353373	2.2430625074105857
151.0633	587.1	0.3194713731882924	1.18319825847904
110.0467	590.127	0.21913525025781266	-1.483756293465251
152.0837	591.287	0.01902730311767914	-4.202260021178739
153.0426	591.5	0.033160390434048816	-3.053459276419086
152.0473	591.6	0.1803550513158111	-1.6185241863944173
322.1681	592.4	0.021596903646237342	-3.5351535255499518
110.0476	601.167	0.030862613920657284	2.8991000137273635
166.099	602.479	0.06467954548225961	2.7067823907738457
154.0266	605.1	4.453225788572181e-05	-10.531531887635841
180.115	606.1	0.03959168372389848	-3.3752530782283383
234.0528	607.8	0.28567180995075286	-1.293022683521069
221.0913	608.2	0.02562349265442814	-3.0910828449557446
278.1271	609.534	0.0006502374694911171	6.465095109692164
223.083	609.882	0.1723292110572678	1.5873529355160712
222.1004	610.0	0.061389223678650934	2.566021266385986
336.0768	615.898	0.02505078567942817	-3.3535859807764017
164.0837	619.3	0.16375041619870212	1.679054023992614
180.0423	620.5	0.14421362259491247	1.7236405993589197
152.0837	620.7	0.0731387713383916	-2.7060117066059495
278.1258	623.391	0.019624131831846414	4.182388054236465
237.1003	625.505	0.8465527212081493	0.2050954130730976
288.0634	629.4	0.33359565849777045	1.0944499141695476
290.079	635.8	0.05220193126204084	-2.910736843106211
170.0732	638.8	0.5239393251848073	0.7128000708088974
204.0423	639.9	0.006692607424416907	4.081350850485815
178.0266	642.2	0.0010923114841547362	-9.56722461474737
145.1579	644.5	0.04054169191699665	-2.6500353325987422
308.1049	645.2	8.291854728521908e-05	-10.225798143038638
330.074	655.3	0.003837763420525981	-7.927312292084855
328.0573	655.338	0.005135941389858638	-7.379530090583778
244.0736	657.0	0.09003240117610938	-2.345830508928562
179.0931	670.298	0.05045623067887451	-2.454162028132852
272.0685	679.0	0.2488329369030971	-1.288268491556277
272.0685	679.4	0.9936588502366335	-0.008525527816783902
140.0473	684.5	0.30827397175535104	-1.209774187799059
150.1045	686.7	0.9015792331782351	-0.13350223825305607
234.162	686.7	0.838855587784112	0.2125793849580765
110.0368	692.8	0.05825595239809814	-2.8835912830128185
270.0892	698.8	0.057264523354200195	-2.3523696854742804
136.0524	699.0	0.8821369894410628	-0.15902506549648696
168.0283	709.5	0.041735300261633065	-3.317658651251211
73.0164	212.6	0.03435557476116447	3.1102509659248043
117.0426	212.6	0.06897953792274698	2.7789258471037854
117.079	212.6	0.08888709817660535	2.472669965052554
133.0739	212.6	0.8722924417512202	-0.1710452282199757
234.0852	212.6	0.07147438069932617	2.7317368060887732
505.0846	212.7	0.09120713636342982	2.421524755425984
183.0532	212.8	0.7855212604730327	0.29367922172781824
155.0219	212.9	0.9149217433001086	-0.11289069731215341
190.059	212.9	0.838201093383122	-0.21399789941775382
191.0794	212.9	0.0834527440197921	2.0780813988342137
188.0797	213.2	0.9276157895726691	-0.09620834138572588
188.0797	213.3	0.7521883840236585	-0.33433687802519846
268.1017	214.495	0.02875084004829977	3.518750967251559
129.0781	214.654	0.000319099376267289	-8.792462436311826
129.0426	214.7	0.5374711473431114	0.6858427334153335
195.0532	214.7	0.45509253664799637	-0.8538246923623618
230.0903	215.1	0.2657290878100803	-1.2514742374424312
74.0004	215.4	0.31745605895352674	-1.0923074045589143
153.0426	216.2	0.09204959576243407	2.202257523450792
161.0691	216.657	0.06614536745870074	2.351495849801753
188.0797	217.8	0.029400184656731082	3.405591392806229
156.0535	217.9	0.11439673706460753	2.1914340415473585
106.0266	218.0	0.00012576917374579327	-15.55421641366034
235.0481	218.9	0.322900044105979	1.1086049483099105
183.0532	219.3	0.5798975416975318	0.5896118989105674
61.0164	220.0	0.6219791725034873	0.5200793887133975
239.0794	220.3	0.0010838485493829715	6.592262415663384
89.0113	221.9	0.20473510537544448	1.5993924901125423
190.0477	222.1	0.052029546043431185	-3.1006779183111046
172.0372	222.2	0.0011637494131537956	-11.991994212002965
123.032	222.5	0.3349279686270901	1.0831872612774027
104.011	223.9	0.13493508852672828	-2.017902312849426
187.0481	226.5	0.053581566364030726	2.402666636773952
147.0531	226.682	0.0004270384776651555	7.397651911728923
174.0641	226.9	0.41568773497772404	-0.9373825877303966
195.0532	228.4	0.1901339432446004	1.6805941591401947
156.0423	229.1	0.111569799487767	-1.8793040253130024
253.0223	229.3	0.7816658769312824	0.2898864866051621
175.0593	229.3	0.024497532391796074	-3.5188462439642314
188.1161	229.5	0.3125926886560729	1.1399872703717695
203.0794	229.6	0.038434906251222534	-3.531712449963204
158.0691	230.0	0.02191121798882616	3.9783755605899493
197.0688	230.0	0.32877793369214425	1.0640889098422888
219.0883	230.79	0.7629680919918445	0.3257208799670152
306.144	230.8	0.7949690483611227	0.27433003866124583
159.0532	230.9	0.28504475861111395	1.1783495223426512
187.0475	231.161	0.19105497625946175	1.4734750163672385
174.0164	231.3	0.00026717245135122775	-7.757701564180124
219.0743	231.3	0.07562477094443436	-2.5595101804327305
117.0426	231.5	8.976182864408945e-05	17.033325066901376
127.0633	231.5	0.21239778876177312	-1.5624179996071919
174.0164	231.7	0.0008012663246245079	-6.569659460655431
322.1199	232.7	0.023865518520895357	4.234250436276987
212.0321	232.9	0.5362458000524489	0.6809027067072654
483.1502	233.1	0.015216038904694251	-3.668458052368064
181.0739	233.2	0.1333535990891995	-1.7357623953530241
149.0688	233.3	0.5674782862292708	-0.6049099584279765
202.059	233.6	0.4863399650607546	0.7712686653307215
166.0477	234.2	0.70813989373068	-0.39453145355243147
145.0375	234.6	4.831294498553222e-05	11.313894779098499
88.016	235.5	0.18870200956917202	1.6402418948513382
151.0628	235.627	9.687078560067006e-05	22.391998171919006
134.0215	235.7	0.12456978702124212	-1.913917467411491
191.098	236.9	0.5070966874550542	-0.7120710458243138
76.016	237.3	0.26160550020220136	-1.271490595876674
223.061	239.7	0.09736897628614524	2.144372937568217
146.0215	240.8	0.14295047065523445	-1.9723965726827526
90.0317	243.0	0.06125884288568003	-2.475075858659356
130.0266	243.6	0.011974139739269186	-5.37598005590054
206.0427	244.6	0.2773854397009534	-1.3232916751187664
189.0637	244.7	0.22013164420682518	-1.5388506647650997
147.0532	245.08	3.7662033106634716e-05	13.649370581912782
147.0532	245.3	0.0008690539467707063	6.751322131764673
157.0375	245.3	0.09454959156642101	-2.410499599221044
192.027	245.9	0.17547971693782483	-1.706171282221851
129.0426	246.0	0.16517166839915112	1.7586865190389993
159.0895	247.8	0.26695331383066856	1.3213094751222458
183.0532	248.3	0.06347679463973094	2.6219169403400917
217.0586	249.7	0.009715859303278965	-5.338408526987855
173.0688	251.1	0.015159277476617578	-4.702843222579463
139.0269	251.5	5.097567703168014e-09	49.88466557154001
90.0317	252.6	0.17300964137372463	-1.6782823684209651
113.0477	252.7	2.614848243316714e-06	17.765677846850537
163.0845	254.7	0.008539721168699204	4.6770071016753585
268.1059	256.1	0.03131260926142057	3.432819149245921
258.0852	256.3	0.04130040155110385	3.1762924051402073
198.0528	256.7	0.953452758218468	0.06324891540899208
143.0219	256.8	0.011915093797713239	4.0066558474688225
145.0375	257.0	0.9550717408396583	0.060661851475595975
189.0637	257.9	0.8744017371398463	-0.1675101952599907
172.0484	258.3	0.0028549314174267522	-5.976374039623733
192.027	258.9	0.14378155712002486	-1.8374111240818798
216.0746	258.9	0.041307738336813574	-3.332389437116235
300.0845	259.1	0.02482738977597661	-4.140159818127308
248.0797	259.4	0.14022492430074188	1.946495654615699
344.0743	259.9	0.0026240057453228408	-8.972314515254276
195.0532	260.3	0.4338848047948481	-0.8416335013443303
212.0321	260.9	0.15726576274362902	-1.8614037406616604
160.0372	261.5	0.08142363519150787	-2.5795990917589813
146.0691	261.6	0.32551727177031686	-1.091424552650216
134.0328	261.7	0.198616260624128	1.6429788295622731
132.0423	261.8	0.268759383941267	-1.2932332449779798
171.0895	262.5	0.5379254798457422	-0.6571421418346252
131.0582	263.2	0.14791588340513845	-1.7820752310613772
104.011	263.5	0.014077388798422664	-5.1258564673194655
131.0219	263.9	0.07823485813413314	-2.1283972095567916
143.0575	266.138	0.1704942845710329	1.7644729885856933
134.0579	266.6	0.18222930554524985	1.5548959900970285
199.0845	266.8	0.2778109512214272	1.2493751885811746
103.0261	267.305	0.00017311901448925196	12.8180921819308
226.0477	267.7	0.178433326574198	-1.5559859045422024
180.0423	268.2	0.9755440225760255	0.03296231954459332
170.0215	268.5	0.0005946587677041196	-9.542451171449061
104.0473	270.9	0.459142721851757	-0.8455728722956337
206.0427	271.2	0.09796728580956127	-2.3377785139795284
104.0222	272.2	0.2863092226359097	-1.2411588123618393
270.0729	272.8	0.21791279628254126	1.4104134584604586
147.0895	272.8	0.02110693811744331	3.426013973578849
171.0532	272.9	0.015308412097524217	3.392419787619917
162.0528	273.5	0.149047280178765	-1.929972224480954
206.0427	275.6	0.0010343403265290062	-9.14645862748504
201.1001	275.7	0.32597967840798137	-1.101405207710056
159.0524	276.752	0.6124133405172196	0.5341955587277064
132.0059	276.9	0.3339910541633646	-1.0796439088715724
378.1274	277.0	0.08418707369104869	2.4469261652041574
187.0845	277.1	0.356702962445757	1.0331271037395908
143.0575	278.111	0.1027897407991545	2.299437554893903
198.0528	278.5	0.22442245450197845	-1.3748196179475676
130.0266	279.1	0.23760852693399634	1.3321205461435452
131.0582	280.8	0.40035673665261906	0.9610796181354847
148.0372	281.2	0.005279544865225295	-5.772235152230492
88.0156	282.434	0.005430968399977187	5.040288295617933
87.032	282.9	0.06008451448364445	2.9022815578998884
104.0473	284.2	0.05252784553101634	-2.935312090209107
102.0317	284.9	0.534291192115723	0.6755431610812453
268.0551	285.9	0.19803878933173807	1.4490629338587027
292.1019	286.0	0.873773158993449	0.1708630097128013
130.0266	286.6	0.36116736593074944	1.0591682382228078
143.0575	287.697	0.046168807434919294	3.0836989977547296
146.0579	288.3	0.0915576289653916	-2.3918591562438563
165.0457	291.545	0.6983359273223376	-0.4239240722244586
294.0852	291.6	0.15395689982362126	1.8678084792180125
104.0473	293.9	0.3293539351236398	1.0656947363836995
234.0852	294.5	0.7302308826654712	0.369848197368529
173.0688	296.8	0.1319034420598542	-1.9819218186250966
778.3466	298.7	0.13196337392656912	-1.9147482869881596
119.0582	302.0	0.36704999741678107	-1.0043593750867152
87.032	303.0	0.6050117974782124	0.5476851970821334
60.0211	306.2	0.8321692195747421	-0.2227383904820311
147.0532	309.1	0.004690474753862986	-4.697484950212164
88.016	310.0	0.5559110633671303	0.6453059397891778
130.0266	316.5	0.01718170306011142	3.2720085752814794
118.063	317.3	0.00016268575476486764	-10.123957965037155
123.032	319.1	0.2864554044034246	-1.2386154697391187
116.0473	319.8	0.4680700629124687	0.810694449146834
130.0266	319.9	0.000703954568255806	-8.19429506986139
146.0579	323.3	0.006916014596348906	-6.232292106709784
244.1055	323.344	0.0159749187071202	3.4384130836788636
229.0586	323.9	0.09807868521629519	-2.3746447290815884
163.0481	327.8	0.5314876027176658	0.6691139310964802
129.0426	329.5	0.2611009386801533	1.2489258510391736
84.0211	332.5	0.0008910177915060383	-6.620505398307987
145.0739	333.258	0.0014422949741201764	7.496913199667806
223.0481	333.6	0.005137024075618153	4.547582524627477
138.0429	333.7	0.773004222202301	-0.3017936672591457
249.0601	334.706	0.7387561971900696	-0.35210145816152194
229.0586	335.1	0.14025235098425892	-1.9927869794106643
175.0481	340.2	0.10432928467623577	-2.3037021192104716
625.3033	340.6	0.030572289064123875	3.4355329891859125
177.0637	340.8	0.5209751897186794	-0.7197399672465701
145.1103	340.9	0.08495335278898274	-2.532087246996224
588.2948	345.3	7.361901404079824e-05	-9.593112646460924
73.5253	346.853	0.04436264830025041	-2.952095703751046
153.0426	347.1	0.020557657540544692	3.3388130167788774
132.0423	347.8	0.4016598699694031	0.9299151650725256
132.0418	347.951	0.7353484243362337	0.3699478575126688
179.0582	351.8	0.026996940279350227	3.1045691602909704
160.0736	352.4	0.033631256783924805	-3.725867701692598
180.0423	353.8	0.2760636492834609	-1.3134683949779382
148.0008	354.4	0.31287821130373245	-1.1441589744842926
102.0317	354.5	0.16930789578908237	-1.8017565828245499
131.0219	357.2	0.8836478674642155	-0.15741337800061223
564.2279	358.0	0.10397582375099246	2.191940355722265
72.0211	360.2	0.7449852062283091	0.34064721516861657
176.0321	361.8	0.5122729749508254	-0.6965003062372966
237.0637	361.8	0.00011491303044105806	16.999097018300784
74.0368	362.4	0.8572240402714233	0.18826246029047888
261.1209	370.239	0.1511687193697616	-1.9163410888109678
153.0426	370.6	0.1752679948176658	-1.7607805377409391
172.0733	370.864	0.5457722773758813	-0.6455685191655538
252.0602	373.9	0.9806460930129686	0.02596207452294187
191.0419	376.387	0.036301417882262	-3.4013400936243103
153.0426	376.6	0.3860853508534168	-1.0088421694170298
132.0059	377.7	0.0178443128480338	3.2357809589316577
496.2607	377.8	0.010422303503298012	-3.8260549883041284
138.0317	379.7	0.005094420901555414	4.505751941744335
278.075	379.7	0.006228001664408657	4.65465148533851
226.0954	381.2	0.022923909644406246	3.2358229796660867
368.2199	383.0	0.06742669130317051	-2.8063967782058645
161.0343	383.251	0.004418117066782994	4.7647592776348375
137.0469	383.392	0.005049144793115586	4.333797444299262
161.0324	383.4	0.3213069260464116	-1.0883176798008
166.0266	390.9	0.018479433841023463	-4.491104944662662
86.0368	391.1	0.9371099848765221	0.08266842003558167
205.0572	397.684	0.07453393343113839	2.2598614675176987
161.0336	398.715	1.2681175143730801e-05	13.336433557621678
134.0215	400.5	0.006883640075336344	-4.325584507222728
166.0266	401.0	0.05037545147271299	2.492663803997114
151.0633	405.9	0.03538181049684878	3.491849685011578
164.0473	407.0	0.14944880400103358	1.6628571010398352
187.0481	407.9	0.6445922689775933	-0.48627952614623515
187.0464	411.959	0.1715879823850053	-1.5787245992365064
584.2635	416.3	0.07840941888897278	2.6280336137768034
88.0524	418.3	0.8540742067139858	-0.1922847469146211
176.0321	422.6	0.10607351560803477	-2.0234321542410054
146.069	440.554	0.09931153143893874	2.330194224052703
116.0473	440.7	0.7194709851626206	-0.38259839768613174
165.0431	442.268	9.505509404668516e-05	13.971716971137248
162.0528	442.3	0.6953976874201376	-0.4171170427582688
206.0427	442.8	0.004670953014214205	-7.227604864555155
279.0742	444.605	0.5602368780571796	-0.6281752188457033
155.0695	444.8	0.0036845583049170774	5.096238743037555
118.0266	454.2	0.6073448278999398	0.5615951535068323
264.1031	458.1	0.3367873123019414	1.0453026411394895
122.0368	464.2	0.28059663538375046	1.2009743256254033
150.0681	473.6	0.9100130583738706	0.1178964008067712
209.0244	476.4	0.0016769785042205683	10.343737652471336
114.0681	480.7	3.397393944107719e-06	-21.829145289079104
130.063	482.5	0.01376712916338319	-4.4667863677879645
144.0423	483.6	0.00846221768036808	-6.177410719202089
138.0317	484.0	0.004885762380440267	-6.182472164727351
116.011	484.9	0.0010619086657851187	-9.406424603613898
144.0423	489.2	0.005130846700851539	-7.3418126301918525
114.0681	489.9	0.009101338202239252	-5.913008894031036
328.225	490.9	4.9528060831018476e-05	-10.33409943516595
251.078	490.933	0.5856064307309632	-0.5760033177161564
136.0524	499.3	0.0030698381363027084	-8.465922382884271
481.2312	499.3	0.7537688188457498	0.3294980271978499
186.1256	507.9	0.33012616531376754	-1.09897986539764
186.1256	510.0	0.7027800915748161	0.4092712026205947
222.0528	511.4	0.015469918494488357	-4.770365212881837
210.1256	512.5	0.1176415960561982	-1.896754104509316
160.0736	512.6	0.01188549568285459	-5.371214852451173
172.0735	523.556	0.00737442362494114	-6.499556363873931
332.1624	531.0	0.2326328061289628	1.3682304327456412
362.1729	531.9	0.656423339800732	-0.47526919986073857
323.2098	531.987	0.24516188736267436	1.3945341698445801
200.0321	532.8	0.5117683314271702	-0.6975938831203826
336.2301	533.8	4.1027548233524894e-05	31.434018051948044
226.0477	533.9	0.016382054375092225	-4.786757099762071
264.1362	535.2	0.9437352880946975	0.07577201245115706
163.0633	537.9	0.5627816388108016	0.6326781955553491
216.1725	538.8	0.00380087069453492	-5.875610674875437
174.0892	539.2	0.005241201155202221	-6.159340572774031
144.0423	549.8	0.22174841087195665	-1.397112476910829
212.1412	553.1	0.0009630179666922104	-7.814600055211806
165.079	569.8	0.002671602630247294	5.69739840353725
137.0477	577.0	0.6846396144211108	0.4291615793579651
334.2144	580.5	0.009272014238323191	-4.407781171852683
258.1831	580.6	0.06312931189965473	-2.802607471287336
490.2203	582.5	0.9760723223685293	-0.03147833854330293
166.0994	582.9	0.9725905804570415	0.03664888895029895
332.1624	583.1	0.905893973358401	-0.12616539916595948
294.2195	589.7	0.014916454435523193	-4.742643197823104
144.115	590.6	0.7537093148812124	-0.3285368995552353
367.2181	590.7	0.9656507980933661	-0.04507585728925941
334.2144	590.9	0.440430487579862	-0.8456597731829851
178.0985	593.897	0.7828654589852517	0.29163729114320536
330.1467	594.9	0.033918234148707996	-2.7877580567711435
294.2195	602.5	0.050716596529433056	-3.0761817645595215
334.2144	603.0	0.2362554632740578	-1.3799956715487398
313.2611	603.399	0.012110853794061302	-5.288262222508428
312.2301	604.0	0.6473260709065012	-0.5037686643700704
144.115	605.1	0.7060899604462668	-0.4051152396193323
316.1675	605.1	0.8202970176728019	0.24580783380249632
336.2301	607.5	0.002941057324882126	-5.323382590549292
218.0977	608.3	0.5278781414862214	0.6712780737823426
332.1988	610.4	0.13983824291798821	1.746016576056663
310.2144	610.5	0.16871447982763987	1.6093902987274613
296.2351	611.1	0.013603159824799307	3.873492697075209
336.2301	616.0	0.0034629346899832988	-5.3564737346593105
296.2351	617.3	2.88235616589809e-05	-17.14055617360907
250.1569	626.4	0.15734968898113855	1.718619251113915
310.2144	627.5	0.06960694137231868	-2.757479126164077
312.2301	634.1	0.04778206925055033	2.672711198494861
334.2144	634.2	0.41633207854896304	0.8838739142979428
292.2038	638.5	0.04321527364101904	2.9996413270884865
312.2301	641.3	0.0398868737068806	-2.702691912259831
338.2457	645.6	0.004119836772987583	-5.460507225739472
316.2614	647.9	0.004519729728827915	-5.97048429357423
172.1463	655.0	0.16464305928017675	1.8273117314553415
292.2038	660.4	0.007143905463739661	-6.570742396143588
272.2351	663.8	0.7230292355911944	0.379967512360464
172.1463	668.0	0.9773134896110101	-0.030712869991536735
332.1988	669.9	0.19543831601542225	1.6038596967688912
318.2195	672.1	0.0005881517259492034	-8.720530664306906
278.2246	672.2	0.0006838948468459273	-8.782472053697
270.2195	680.0	0.6503316886898337	0.4871953846444206
294.2195	686.0	0.0012617493857415508	-8.984686952712412
316.2038	691.7	0.00422101603250451	-7.624957319870236
298.2508	699.2	0.3517789267605795	-1.096951922317751
320.2351	703.2	0.357425152139996	-1.0334643581026148
296.2351	705.7	0.009956162553717583	-5.460488734988248
292.2038	712.8	0.5344130012551478	0.6611607097327737
318.2195	716.2	0.16359460319449007	-1.7665686689661704
292.2038	726.8	0.7899760414742878	-0.2856392919786074
200.1776	727.5	0.8898220276329453	0.15053020822473265
250.1569	728.3	0.14127086861756946	1.8054534223984442
320.2351	729.0	0.9534454457263987	-0.06256664306422678
276.2089	738.7	0.7092638882960149	0.39860891735095355
292.2038	740.1	0.8313437013658036	-0.2312378092886186
341.2927	752.153	0.0003905005968938132	-7.4636277650809895
327.2764	757.984	0.0018730692634529044	9.246133128790216
320.2351	760.4	0.46616827243962233	-0.8224590964412861
278.2246	760.5	0.10526711142697812	-2.102544695298292
302.2246	783.3	0.4793717460166229	-0.8024876611233765
254.2246	784.1	0.6308474982935741	0.5150313516652862
302.2246	787.6	0.02217368865878239	-4.224859886138579
280.2402	791.6	0.6623921702347011	-0.4673119022504226
264.2089	795.1	0.4353231242180838	0.8572352335902121
280.2402	796.2	0.6525873783042058	0.49132237705565235
304.2402	819.4	0.043405700307595475	2.6240894504730585
306.2559	861.7	0.5319845178927238	-0.6746302629402114
256.2402	866.2	0.7835642419598572	0.29159928296101323
356.329	920.1	0.11782494111106523	-2.174626279506715
284.2715	952.3	0.8831891328205257	-0.15332827231618745
