m/z	retention_time	p_value	t_score
347.061	165.142	1.1627902826141571e-06	-20.427493653815358
384.12	368.227	0.7414892158969161	0.3504709194228209
89.0478	241.494	0.008647406067948626	5.613398038504292
146.109	195.207	0.402943690529218	-0.9000741278362149
146.1061	474.105	0.2914111314312604	1.250609158058994
323.0498	169.774	0.12494937959842087	-1.7849550101908767
176.0328	321.379	1.8583083308309552e-05	13.164849277599437
204.0903	450.091	0.04012293475940871	3.1839104034847483
116.0103	307.707	0.0034760420010991897	4.676170982423682
116.0103	408.121	0.009256763336540283	4.328260858730928
116.0103	257.207	0.003355797127863202	4.722212578739765
612.1487	302.036	0.0021526702252032326	-5.939467820799402
642.3001	458.493	0.004333434290442576	5.2939614977528935
88.0988	529.936	0.00013853155882328165	-8.704005219576427
135.0537	349.073	0.13064018666409374	2.028347906070135
132.0531	184.874	0.10655989192405659	-1.9983175773725688
192.0272	215.905	0.28561016407702994	1.1867000184780252
117.0786	325.426	0.014689678139368912	3.3929556401284477
89.0478	318.458	0.010711453504886044	-4.0334565399427875
125.0146	169.461	0.3278473213525542	-1.0762315479247122
119.0575	180.793	0.008106086494893496	4.427394223582575
192.0265	391.225	0.31735222153200815	-1.0908214218445278
103.063	276.854	0.35612193273068504	1.062080479195321
259.0459	147.818	0.00011831176419042257	-11.885542734612926
104.0091	446.952	0.09669280261715656	2.35494751620034
152.0335	291.841	0.0982192564003034	2.2347643007184232
131.0945	302.364	0.000317365011764333	-7.425999430214908
131.0945	258.726	0.03403112403162792	3.679854428262622
129.079	400.318	0.10174009296019339	2.1016246322692025
129.0792	381.087	0.012011586356878873	5.182106502610587
176.0425	375.97	0.6503787183527137	-0.5008379601315419
174.0531	229.259	0.12263778081181378	-1.7975183546814733
87.0685	346.276	0.039772963111879465	3.400431238316942
251.1003	325.794	0.9936137602438933	-0.008679115445714767
137.0459	438.001	0.553363931280449	-0.627947503246417
153.0099	167.307	0.5269427482123366	0.6783150575169141
189.0634	413.443	0.724473787341158	0.3706287653998269
154.0275	603.763	0.5974822750414258	-0.5688772194589141
122.036	533.861	0.18636813109019765	1.5012556316927184
220.0838	496.852	0.3472963669370905	-1.0222742237624454
192.027	351.765	0.24495513394995905	-1.308997521957262
164.0475	497.662	0.08786741440922295	-2.212854942822437
139.027	574.103	0.1443833577306163	-1.7167261546178003
119.0178	301.607	0.022269001138712143	4.253248191108792
119.0217	284.286	0.04435971684556009	3.3407933271443886
119.0176	319.687	0.012281217058042315	5.329769883866122
175.0634	445.461	0.06105545207391	2.92396245177072
116.0956	285.181	0.4178564602229465	0.8702541879551573
187.1679	484.934	0.10042111681565957	-2.20469356612127
145.0848	181.825	0.9662097669134078	-0.0449780010560992
145.085	377.725	0.025674973776665704	2.9834962884659224
175.0478	412.274	0.09765736666231396	2.279636945813509
175.0477	418.537	0.08408213273928808	2.4608225156480388
175.0472	393.025	0.4969159777832196	0.7517058696644706
161.0682	300.911	0.1013726740828368	2.241417232983399
162.0161	261.963	0.6186088078147893	0.5271611847290687
194.0574	494.381	0.1696791300825674	-1.6351446689306226
115.0266	248.993	0.005236568381747385	6.906077460353539
117.0782	228.101	0.03922755812131376	2.9099898713067174
117.0788	318.327	0.08092842757866014	2.4315118574784638
117.0782	222.868	0.03293682419954643	3.2322847204347442
129.0418	314.468	0.6774776492841618	-0.44697080671098977
188.1251	383.096	0.12293117904468569	2.075717741173078
131.0949	417.608	0.09866755665776575	2.240106225119599
118.0259	276.87	0.01346284311480679	3.4806547696142602
126.0296	677.115	0.11065477236816253	1.8732488473187594
130.0267	470.686	0.054401101448779174	-2.6266629754883093
103.0626	282.722	0.17669618904552045	1.5401503764125983
214.1576	595.227	0.0010613408282291216	-6.264214984516083
109.0522	432.572	0.4778781758758016	0.7568557573858489
189.1101	216.566	0.03871634800559155	3.4494268599010205
176.0676	493.587	9.835787126719376e-05	9.144009144013717
172.0367	222.2	0.3578931674425931	1.0117238806385045
129.0899	237.666	0.08097096573509839	-2.316587552305435
236.0782	244.953	0.538880395770532	0.6667938123888777
130.1116	345.557	0.07675983570442836	2.4077860082445413
188.1173	267.889	0.9512306207745154	0.06410714679915858
160.1219	524.398	0.21999283959923138	1.5428061366599173
126.0431	344.456	0.03167065348040097	3.4063241301597627
101.0473	333.43	0.0012033854152364754	12.077567615431814
243.086	253.086	0.02135767925328639	4.128430865528863
154.038	274.02	0.024096570294087162	3.6067782795068135
118.0734	188.282	0.03371799011825489	3.6907964755579075
118.0735	444.056	0.39984496803141983	0.9663240319860141
169.0334	380.886	0.11819363094519031	2.169239633683802
104.0575	443.316	0.8119476046812463	-0.2488948641251709
148.0014	407.865	0.04283187200087842	2.5926957335569822
113.0468	330.951	0.005932427292067999	6.426108963767311
147.0533	329.837	0.026300613400242156	-3.4687150083749883
147.0537	339.696	0.06535306757002043	2.7349817493262174
147.0535	284.895	0.9556906672277916	0.058155386319701255
145.0737	360.501	0.0037333199436273157	7.0833699392063085
162.0526	447.914	0.027475914051310064	3.8083128237446484
188.1272	196.669	0.4255215575076219	0.885436168778473
145.0739	235.602	0.6778660291424181	0.43632143468139695
127.063	343.805	0.02098316109146692	3.1153864964300433
155.0337	186.855	0.10022707259751325	2.1579485019894133
134.0581	268.565	0.05503337667661785	3.0295179215833863
140.0083	259.037	0.01458288749637724	3.441222215801405
256.1149	427.248	0.03793822878734537	3.546643792585431
335.1323	170.641	0.6266256497926521	0.5125070690617711
297.1068	197.698	0.013073894114015867	3.618198152106834
192.027	233.079	0.3952939748844413	0.9320939709482117
183.0711	561.755	0.3792188322948731	1.0283153370598108
294.2185	708.168	0.16420237975012664	-1.810718670250223
310.2142	646.605	0.875924548609418	-0.16532260151033956
310.2152	623.667	0.07355797880611203	-2.6882187895637992
149.0453	427.927	0.7177251197265471	0.37935905312876544
152.0471	458.943	0.22987207836182394	1.4465081853263508
120.0576	610.837	0.0068490550525732415	4.59472198430826
191.0613	433.457	0.23532977257762164	1.472977733412877
191.0585	450.008	0.02506829010323865	-3.0547272288467346
191.0598	463.838	0.022639898216123333	4.061953262053496
219.053	372.294	0.0580180794798835	2.3841685226350045
165.0402	287.052	0.0009553749561822952	-6.1605320846992075
165.0431	335.335	0.012200930233139678	3.578527824567183
133.0519	534.425	0.2902118340726685	1.2131750535172094
128.0581	289.502	0.2019081278979719	1.5575739785740192
128.0577	263.583	0.08008801155560837	-2.1189471742841035
132.0518	286.787	0.754904010983333	-0.33139700252236653
334.2124	601.825	0.08638758472935033	-2.434210795628851
148.0365	280.894	0.056532511698544355	-2.3657247705623288
146.0582	492.733	3.384937902916734e-05	-11.10340563021157
272.0894	351.983	0.27854662521918544	1.316070754653747
190.0478	471.428	0.003909977757576634	4.640115771194038
142.0738	286.608	0.03799512198170446	3.433364422758555
161.0683	276.682	0.27594808620159744	1.3271705542835863
161.0685	339.256	0.06019324785392354	-2.599376224550183
228.2096	761.042	0.007932728551165523	-3.932192484428889
160.0833	210.228	0.23933786666784665	1.458622731529524
267.0966	209.968	0.24002570960536745	1.4613951035235544
153.0647	241.154	0.30774963389195636	1.1878754076676983
163.0283	232.442	0.05396695249224602	2.9188460981346984
345.0505	147.487	0.5067787817797877	-0.7282253411238667
312.2301	529.817	0.0008867573229288645	-6.276634712225496
312.2297	577.777	0.02148161216022869	4.332964128677031
250.0472	409.247	0.5776024132423389	0.6118031508605176
202.122	510.331	0.06363751575127997	-2.6753936622254764
210.1249	605.999	0.04410819163247499	2.5396379320737785
316.2007	666.317	0.4067914626289505	-0.9177024867062593
148.0524	497.282	0.0064386860290727285	4.368550475997626
198.0526	463.791	0.17540151363557308	-1.5398917926386437
164.0502	562.443	0.3964896815667599	-0.913788364838893
294.1211	346.826	0.004544388010389756	5.462687371647706
105.0796	325.317	0.004478166908060236	5.619139398889685
126.0312	505.589	0.8702318307974102	0.17506282316494975
126.0311	491.362	0.0033965916531936134	-5.859350573797565
306.0743	302.16	0.002114994856510487	-5.9702803101484925
147.0523	263.88	0.010146917369279225	5.156059560169147
101.0835	347.282	0.0018399367711831062	8.707536508851403
193.0411	288.097	0.005912490938495413	4.209567792332114
122.0841	453.104	0.060052676091907765	-2.3671532652085134
87.0689	444.317	0.018595853947328655	3.4138428944915855
294.2203	685.859	0.006211419147238651	-4.185305242661193
320.233	728.554	0.04347740851370607	-2.7099806075061164
314.2453	592.595	0.0566320810534415	2.646765611533402
314.2455	615.87	0.028930145793080533	3.772963656874081
312.2299	651.162	0.14923262499363035	-1.8800636704130542
312.2309	679.528	0.030088670903197338	-3.7331937332996685
330.2403	576.837	0.008752331034880583	-4.657531178205513
330.2385	486.858	0.2692601980826074	1.315350488887751
330.2392	541.551	0.9020120507935805	0.13111298016631887
330.2395	515.144	0.015394848929228587	-3.419286890496582
232.1037	215.842	0.15016294314523737	1.7825491992266413
210.0996	641.204	0.04685727568043091	-2.6923493099151776
175.0474	380.712	0.0682067293194058	2.7800900153488683
175.0474	318.103	0.4525432529925573	-0.8103310451913518
240.0079	511.934	0.04505079946154537	-2.701433304494664
240.0127	315.133	0.8374912044520699	-0.21434412297566888
240.01	460.035	0.1331147931105444	-1.9302538632522344
240.0104	549.356	0.0006513276217461997	-12.6638103674706
240.0078	483.881	0.023411536728954116	-3.0314933308469403
240.007	478.533	0.02418564355486355	-3.0091005827430464
240.0091	296.075	0.3094732406679648	-1.2081461224340078
240.0089	442.121	0.00014148269340610213	-9.21486724665082
240.0089	260.997	0.01653709311375702	3.6506936460037314
240.0102	479.883	0.03825821683247731	-2.6897958160908746
228.1359	533.47	0.044858622266989744	-3.1281114859212775
228.1355	617.076	0.0067050042494624104	-4.2046581106441545
212.1416	486.423	0.31375111520561194	1.1934781905689467
212.142	520.992	0.018171966618796637	-4.348179162288828
294.2191	601.555	0.036881346537680715	-3.406897040346378
292.2041	648.045	0.00013660360292130235	-13.248226948041895
172.1101	489.787	0.07740549865724547	2.582518036699795
153.0896	584.875	0.09376551044371785	2.39119103207211
183.0639	545.702	0.0011167055582647475	8.617511372337507
302.0789	609.485	0.005415137110771431	-6.337598070128959
199.0583	491.686	0.19075144195076016	-1.6757455763899125
209.0799	372.385	0.004011155549799681	6.179559952528704
158.0691	317.311	0.6801825231952994	0.4337598584509365
183.0204	151.239	0.9909645090928594	0.011940803920865065
198.0282	563.899	0.9193850123155	-0.10788491162964939
268.081	691.339	0.005453435097075022	-5.413641364275692
146.0689	213.615	0.09685285915711982	-2.0310260232547828
146.0685	199.396	0.3065994425059847	1.1822504632230857
316.201	646.266	0.0007361928610061588	-6.847715150365942
162.1012	418.344	0.35845461389558253	1.0640009597191125
189.1495	217.127	0.03445860972681919	3.573615677207528
363.0557	341.852	0.013753333273925496	3.4579061340471657
161.0471	508.67	0.2667302640469463	1.2858801310713424
166.0835	257.925	0.00554466982633307	7.018809012977268
133.036	255.45	0.04711424209673038	2.5242369843183954
312.23	486.891	0.1697359456280947	1.7588895912584455
312.23	514.255	0.0014148935395669538	-7.4751473704954305
194.0423	244.928	0.000696002123450645	8.267265553416348
87.0318	329.396	0.10651045336019795	-1.9016310303750064
87.0313	361.648	0.0546833921248967	-2.4295968099822023
160.0373	351.998	0.014002096020891752	-3.7395856319778398
276.0957	212.914	0.23902125617253506	1.448617712289043
190.0945	192.565	0.21740786149043703	1.4767305967530677
190.0949	454.946	0.2411810550290484	1.33637761306721
198.0532	323.862	0.01989526483217871	-3.7549346638480254
136.0521	506.203	0.36151195276146086	1.018098589905604
182.0254	368.633	0.08734157771926256	-2.255314068707785
173.068	250.601	0.10953222628278879	-1.946566370400015
180.063	196.105	0.20019245110719616	1.4390806444954953
180.0626	439.025	0.04989002744903487	2.4498106640428285
180.0642	261.312	0.001336387024538128	8.291760749201499
180.0625	415.829	3.532025223727231e-05	17.52484900030199
180.0625	203.059	0.8912370167823596	0.14360188438731755
180.0635	387.923	0.012590679069133645	-4.092701037408179
180.0631	240.423	0.00043076376073042215	9.244129501226286
180.0632	393.219	0.014647345552194529	-4.55291755861418
180.0625	401.073	0.050372261189568765	-3.018503396476058
113.0467	374.756	0.017433431037676538	3.432839768672235
144.0409	489.33	0.3301876736944941	1.0784825687997825
172.0848	268.407	0.024636928543225228	4.153207817838194
216.1362	614.527	0.2818229400924403	-1.1823830347857671
153.0434	215.924	0.5206195190507603	-0.6861307508974677
175.0942	286.118	0.011128644713954097	4.2015047778258525
218.0904	219.618	0.02538206723648946	-4.087860820069044
228.148	395.484	0.19182930302129453	1.6012441019558392
262.1308	404.278	0.5010876213163439	0.7545857153600891
172.0852	287.579	0.10193476254864463	2.2734250928749273
193.0732	388.141	0.4687659294712437	-0.8251751591736216
153.044	591.019	0.0008008224521478482	12.978464071108187
160.0837	248.675	0.0564003244742864	2.6149741596986185
204.0737	215.431	0.14777141830360002	1.8055402591149665
202.1312	370.059	0.035436180333484245	2.703394939112281
202.1308	362.034	0.02727722631343048	2.9073289521739416
217.143	450.735	0.4286014307093441	0.8491348791084096
186.1006	292.285	0.07152428938648962	2.6133299538334906
188.1169	320.253	0.006275593166663163	-4.872384429771787
246.1008	453.027	0.28147746947438906	1.3033481081646607
260.1125	165.462	0.5062963099049416	0.7260649041092079
219.0847	171.483	0.3467346555759061	1.0830489925104618
233.1002	174.247	0.20683015809899252	1.5050926071700663
295.1179	492.54	0.020659871458419805	-3.2874907769291273
231.1231	240.089	0.06685059309411975	-2.4950538973870753
246.1211	312.324	0.11649277092270104	2.164680984769787
296.0995	499.412	0.30656087451583175	1.2050222145282756
232.1046	288.197	0.01342635892439994	5.142629413941998
217.1046	201.341	0.3218189194838895	1.079689633838995
274.1278	167.839	0.029798002114451563	-2.8574549066764523
275.111	181.157	0.23858741606297407	1.389830882638806
203.09	187.029	0.2326122478425245	1.3377450619106959
274.164	392.703	0.05903142306426084	2.6522956432852567
247.1159	185.612	0.020366021317454363	3.2845475779754136
261.0961	177.312	0.13742972547527324	-1.7180142856060292
276.0938	197.211	0.45041652875071053	-0.8485051927586154
204.0733	198.16	0.8707143351947935	0.17695286116326076
260.1365	319.177	0.7969899478034163	0.2801695355408594
234.0834	189.712	0.027758926461355717	3.191953829171986
248.1002	201.978	0.06431334584941319	2.6034783111340003
310.1162	501.645	0.6641255056586417	0.4656898331802706
246.1206	266.024	0.14339783594499395	1.9109419035638286
354.0659	370.094	0.1311647199598839	1.9897340765601308
212.0914	475.124	0.0006581968503136188	8.179163640095048
203.1257	442.174	0.23002842448704142	1.413591810238213
162.0644	202.655	0.0032187078028196375	6.8787899441505465
176.0811	223.376	0.3752194749936755	1.0087854739121689
238.0961	538.672	0.26759820274943974	-1.3324214168165607
226.106	466.927	0.1153086473745345	1.8539821262859462
270.0944	430.035	0.0001525278449790919	8.590182615147317
284.1126	433.608	0.051006202873692265	2.9972411436805046
302.139	543.381	0.6398330446729306	0.49564431892778743
242.1003	429.644	0.26044615519953584	1.3006513992191133
202.1314	332.552	0.34401420184189613	-1.0274334109877565
268.152	538.965	0.8429726504594942	0.2069602616049702
232.141	307.699	0.01919511757454855	4.594771018193475
246.1215	295.482	0.41508572898370283	0.9396327352984875
244.1778	444.006	0.8074612529633856	0.25474396042396286
218.1258	290.506	0.12400301628566292	1.9687430333145752
294.1571	586.933	0.2850410040765391	1.2748319465528908
217.1428	445.274	0.1567336674442173	1.6316032273396865
203.1259	432.799	0.10059800727489492	2.167663361378941
283.1637	585.798	0.1326637761227705	1.9792983392301005
259.19	518.061	0.04696446828281339	2.5679015994302055
243.1568	478.243	0.16277195666532765	1.7425235385067754
245.1744	489.204	0.034893138502952635	3.013600549127708
220.0853	307.078	0.6053604245249569	0.5733947572794942
264.1468	427.312	0.5466240673763784	-0.6418974618003725
186.1006	309.349	0.006721362224697774	6.1746995603698425
271.1638	403.811	0.42340494627529207	0.8721934290019345
244.1053	270.541	0.366885805827404	-0.9902516690655139
252.1231	524.272	0.03755925056354054	3.4874026828640603
246.1052	378.783	0.3477528652855123	1.0938318361598405
202.0942	258.073	0.44294366350917275	0.8633845577460959
216.1107	279.196	0.0698819083575239	2.7198068289668407
214.1311	382.185	0.01655199593201796	4.833176058908759
220.0683	183.059	0.6128736748590853	-0.5395246816596826
234.084	177.444	0.01134688975730673	5.013584359345406
242.0999	446.851	0.22722303054076756	1.4494690196957827
218.1268	307.481	0.0191355965046255	3.9667652334564085
218.1263	298.493	0.05100925850817837	2.7285215590608103
233.1379	416.337	0.054058541126370915	-2.5384101359420423
192.0743	180.946	0.8012142304582961	0.2696923964452379
206.0898	182.206	0.036389624825747584	3.5280152087685352
233.0996	184.315	0.11147595620636394	2.212502615020002
222.0676	197.218	0.6176060118342788	0.5329163187497323
232.1416	327.921	0.07511150921562748	2.514805702093899
250.0968	298.069	0.001021482893015116	-5.973017707959402
216.1111	258.373	0.006582461451038562	5.458754295230002
206.0908	196.264	0.31685826459494343	1.1006140455432947
220.1052	212.29	0.06856143092557242	2.6531673550563837
282.1201	530.653	0.15444989764889308	-1.6290401276225532
238.0951	521.03	0.6842070749151883	-0.4451713439677354
278.1259	560.768	0.6086224213808549	0.5498082899175417
282.1166	497.337	0.061246747175350946	2.623716800436894
280.1425	565.636	0.9176997041264499	0.10892686195797242
188.1165	295.936	0.07528164382865749	-2.2363717154257348
232.1052	258.062	0.06927459158248843	2.629298352823424
230.1629	418.102	0.4912938102903881	-0.7336886032901601
216.1468	370.963	0.6548312608190701	-0.47322555605091793
294.1207	319.944	0.16209769217721806	1.7562059730388266
151.0303	174.318	0.019162317883979728	4.595842881696329
174.1003	317.132	0.02017227339959685	4.501739586311472
146.0687	245.882	0.007386430627890658	4.788229976929989
259.0457	147.8	1.0451657098442024e-05	-13.542744690890752
211.0358	149.3	0.046337104232314456	3.1934877100601144
139.0398	150.0	0.6123956779498726	0.5344507483577172
199.0246	150.0	0.2393640913986124	1.3360441925726285
153.0096	152.0	0.24997242315519708	1.4213028325960049
356.0733	153.1	0.4766249253760985	0.7985714325365135
229.0351	154.0	0.022668533612146026	-3.4805947855597594
215.0559	154.7	0.0002611676182890769	-8.178730493520614
537.0761	155.1	0.14206468324021634	-1.7238620262958348
169.0045	156.0	0.07092954584081547	2.2488999272995502
141.0191	159.3	0.5714662870402004	0.6229000670412668
246.097	161.409	0.1604668458224463	1.837405211809912
261.0965	162.187	0.0028039957970823113	-5.923093775525385
195.0743	162.7	0.015418196137792078	-4.411658760230271
179.0794	164.0	0.011797004510629375	-3.603482418307309
261.0307	164.0	0.3505524597918176	-1.0941541889862636
431.0131	164.7	0.005866841256935111	6.275908588525219
307.0838	165.4	0.0510960308113798	-3.006594669140767
347.0631	165.4	1.615866340531575e-06	-21.564464725419736
302.1702	166.147	0.5144394797122215	-0.7320090026940782
167.0259	166.214	0.9578300211851143	0.055159488704198394
274.1277	168.0	0.025234620356695547	-3.0208009999836944
238.0605	170.329	0.19942560098283668	1.5074623927490316
204.0734	170.75	0.6382603384268197	-0.5035463288478018
283.0917	173.1	0.13525461938867653	2.0244394151456078
133.0487	173.2	0.21010758088416207	1.5757637238416193
220.0684	174.069	0.052034326989067	-2.417675309762528
169.0847	178.323	0.10007686552321249	2.342364161774061
290.1226	181.1	0.43386952864236483	0.8924749913410642
335.0631	181.9	0.019350366058937533	-3.610746998525783
162.0643	182.294	0.02668056699900984	3.2206123070393318
173.08	184.4	0.4292372915088355	-0.855502850531356
174.1117	188.0	0.10663961795999949	-2.147133626771448
248.0994	188.562	0.0002853946656738799	13.357922435336437
232.1166	189.143	0.880286121625416	0.1608286867882628
190.0586	190.315	0.08853541523399379	-2.2569334378347814
190.0954	192.7	0.17285661352498616	1.690628136123864
160.0484	194.4	0.5676377567240674	0.6131870002694387
146.0691	194.6	0.12665377589676788	-1.9869816311014041
275.1115	199.652	0.10358333831048264	2.041293847452299
204.111	199.7	0.6668997158623265	-0.4618527065018874
175.0957	200.7	0.008184598189972941	4.453027424048072
636.0963	202.6	0.40356264721173324	0.8994922461305984
119.0582	209.1	0.0035092982970271968	6.023522019317428
202.1421	209.444	0.4561947148288865	-0.8340004799386105
163.0593	209.5	0.011035644352881098	-4.76045458265012
267.0968	210.0	0.6490161868056504	0.5007582379030027
165.046	211.7	0.0741506289721312	2.5631435237258744
105.0426	211.8	0.20714425431045888	1.5922580241702249
190.0954	212.4	0.006904313739123432	5.643633311527418
189.0637	216.7	0.012496493832490449	4.0988234056187896
605.0772	218.1	0.013576954874752066	3.544537114327202
218.0903	219.6	0.06455807268700052	-2.835809730773224
147.0532	220.1	0.00031784178869323666	-8.912338548740516
383.1057	220.384	0.041775621647341325	3.35963524157914
133.0375	220.6	0.5647267104772239	0.6378010678005821
289.1274	222.2	0.21905884860390673	-1.3970684810343408
230.1258	222.894	0.05503017893601696	2.7489731242010684
237.0309	223.645	0.6844642464547568	-0.44042207863265137
133.0741	223.773	0.15880315448187984	1.8637437740113854
346.09	230.1	0.013976105561459761	-4.033548008904449
287.1123	231.282	0.009319690910542666	5.925926632024734
332.1332	233.2	0.2887863505349092	1.2578561750579387
103.0273	234.256	0.26596387425908896	-1.2569323576051776
332.0743	234.6	0.005979248397327115	-5.270831075964184
141.0426	237.7	0.0230412880385954	4.179975511099378
119.0582	237.9	0.03745390694553479	3.3679192626915646
161.0688	238.8	0.28725853924980027	-1.1780149107395093
188.1161	238.9	0.6802081346409289	0.45174569813462456
273.1325	239.1	0.1714444699576283	1.7223743605076907
114.0429	239.3	0.3333895858895712	-1.0679184077011121
133.0731	239.769	0.025043292950503098	3.814037244776328
377.1335	241.7	0.15838301227619866	1.7776023859011483
61.0528	241.9	0.23096917244876608	1.4216222537097292
229.1066	242.776	0.07281619026796275	2.4167118640704466
174.1004	243.6	0.49876490623962194	0.7397183157726077
199.0957	244.6	0.6951299442367719	-0.4274954708682534
243.1205	244.978	0.02889437127993414	3.255427887054257
131.1422	245.6	0.3164459519453677	-1.0982418185319904
363.058	247.1	0.966868874921891	0.0445110385484795
160.0848	248.6	0.02123528445359165	4.227146758286055
385.1274	249.0	0.056210716876148696	2.4049061097667823
384.1169	249.2	0.16088077916344717	1.8466854449167422
515.1765	249.5	0.606977184169164	-0.5510329207894252
75.032	249.6	0.0696892756776198	2.451727678670521
433.1362	249.7	0.0527961559522087	-2.454258713839797
119.0582	250.3	0.05405235886291566	2.776427685034902
188.0797	252.1	0.2665108318939848	1.2735951595374295
204.111	252.6	0.059826542520082966	-2.3479907165308
125.0242	256.8	0.006980612637009516	5.428225761752747
297.0896	257.2	0.0004153611480537578	12.960607943142161
119.0577	257.928	0.008318123026172857	5.0159923884231095
232.1059	258.1	0.07215890112699004	2.647494436885314
345.0474	258.6	5.499821943760508e-05	11.88767137033826
346.09	260.7	0.004308163190519033	-4.586570666087993
244.142	261.208	0.005580227909730648	4.952391525377244
216.111	261.9	0.006272791591101527	6.878226038200142
434.2311	261.9	0.005120555470303811	7.31146697400077
231.1212	262.394	0.045112040086232166	2.952323378806009
243.0855	264.6	0.002317163989620608	5.324196801726445
230.09	264.642	0.7017555273337863	0.40267069238954
89.0477	266.7	0.3254332898301403	-1.0848563611577564
578.1636	267.0	0.5139163602596613	0.6991872920375386
218.0906	267.667	0.041632482223660824	2.5827625014461115
446.0604	268.3	0.07700097517683699	2.202068945520425
147.0895	268.8	0.025545612759488044	3.8809109329430203
246.0848	269.025	0.007802031528155381	6.374426012612865
217.9885	269.7	0.1859262068059129	1.5365797127393126
127.0382	269.9	0.06772633102301562	-2.5628055517304533
174.0641	269.9	0.012589062514637954	3.8646677067346755
161.0688	270.3	0.05768258170684951	2.7909099123691408
473.1659	270.5	0.3407515900778571	-1.0489957878007286
473.1659	270.5	0.3407515900778571	-1.0489957878007286
132.0059	272.7	0.18418082856211224	-1.5608045800825103
436.1369	275.1	0.8376768639145409	0.214008879161997
89.0477	276.5	0.078115990434858	2.399630800843607
174.0632	277.508	0.028336657794757338	3.0666710051734514
117.0426	280.5	0.20278054154839792	-1.5013047654413576
145.0739	280.5	0.016641340865756724	-3.584156564448423
149.0471	282.385	0.01668574759539346	4.689527366095766
73.0528	283.2	0.01856593333004512	4.214444833096614
202.0956	283.587	0.07034271106099249	2.41597254373925
300.0852	284.961	0.09737965171120025	-2.103878932123721
59.0371	285.9	0.1358158830677126	1.7493514832443666
110.0476	287.177	0.05076283683570569	3.129481371151907
459.1866	287.2	0.13834789114549	1.9758495374173888
692.2316	287.2	0.8328614094977094	0.22356441443411562
611.1607	287.4	0.16112219420384552	1.634777519711222
202.1311	287.952	0.018587215590582396	4.326538071859118
193.0375	288.1	0.005623993091750339	5.429116429346413
232.1059	288.2	0.00711948526141632	6.046892379678277
114.0796	289.584	0.12190267899229427	1.9445324426664345
145.0739	289.7	0.826994710491958	0.23659107692384435
176.0321	289.9	3.0459802272654608e-05	18.343247383234527
232.1407	290.631	0.18931990946815708	1.553951597391398
147.0532	291.8	0.028631296204241815	3.709745524731318
243.1204	293.71	0.7870435810419436	0.28264271423842735
328.0794	294.1	0.007680570996712177	-4.224590651460858
190.1066	295.3	0.09676730029081264	-2.292579792361717
458.1203	296.3	0.9907692964270012	-0.012355045774851364
206.0428	296.909	0.6880216359347072	0.4323138617255258
167.0582	297.2	0.05056387889893801	2.6025723618814984
188.0797	297.4	0.006066253832222642	4.143467848880848
232.1059	297.5	0.12644918598388166	2.0920406877829354
75.0684	297.8	0.06483065179682397	2.2590709421358284
145.0739	298.0	0.0042361668388140586	5.432772907017873
306.074	302.5	0.004101049826771792	-5.34672194953341
175.0842	302.598	0.018992336718301698	4.266322767082815
101.0477	304.0	0.0009598042239988972	9.394011940533103
165.0423	306.019	0.020197561160484618	4.265952265858851
151.0494	306.1	0.008034029897820979	5.102231046296809
360.1321	306.2	0.0036976619933531602	7.224145863435465
330.0951	306.5	0.22447721961345993	-1.4114876566487697
127.0625	306.5	0.831336263909436	0.22947650323928917
282.0344	307.3	0.051562393436768904	-3.0212320018164407
117.079	307.4	0.13173476374834525	2.0044320278324212
87.032	309.1	0.10246087300778342	2.234019164031556
223.0481	310.5	0.024325991379018787	-3.5716599769138733
245.1369	311.168	0.27301883044535763	1.299631180261218
226.0582	313.187	0.23234784862905525	-1.3552996701664242
103.0633	315.1	0.053568613694372554	3.012629478981701
216.1113	315.16	0.037861865867913534	2.78059279305038
230.1259	316.57	0.007128600504256408	5.0873655732889445
174.1004	317.1	0.025817024828526217	4.094356806657698
129.0812	317.542	0.016617930323934656	-3.6988065263065404
129.0426	317.6	0.017955897304876903	-3.596297518552206
101.0472	318.468	0.00048555255387824843	12.933043142124374
314.0638	320.3	0.20279175396843854	-1.4662625950355757
136.0385	320.5	0.12719066140631183	1.9833650341962394
135.0354	320.5	0.07477707339917584	2.543889394764605
342.0951	321.8	0.13592641545639392	-1.7216583160553156
175.0847	321.972	0.6467675331688408	0.48433258143021085
176.0909	322.1	0.2883134891134279	-1.2289518046250436
244.1047	322.119	0.0320202809750944	2.8634593087799636
326.0979	322.694	0.24202261570996314	-1.4507002492855863
259.1525	323.032	0.39668802037775963	0.9555628323744537
244.141	323.247	0.02237332354143152	3.4106239203618403
254.0725	323.6	0.04336536961628963	-2.5686380548844485
293.1384	323.989	0.31357043016397473	1.169548606498975
87.0684	325.6	0.008533009055702872	5.572196905101338
174.1004	326.4	0.9069950563218694	-0.1221060756915843
216.1112	326.487	0.0036358302556896067	5.408818646334537
220.0848	328.7	0.0008196372365105918	10.434321476799228
73.0528	329.1	0.9367128761312338	-0.08547432612538908
616.2241	329.1	0.9599994822507647	-0.05422749759561038
456.1626	329.5	0.0014693235248765693	-9.908921754233546
232.0042	331.3	0.024971011761466877	-3.2202518730512657
236.0797	331.8	0.06881209760555214	2.695273836446195
237.0862	331.8	0.06859395714160722	2.4518731975576427
492.1115	332.458	0.7210103625392166	-0.37436009367552775
72.0687	333.6	0.7775132196933907	-0.3053531633839859
175.0841	334.043	0.037915208312966346	3.393045034272076
218.1262	334.201	0.10862218244065054	2.038398028781539
115.0633	337.8	0.00011441744614197708	12.51928836984458
206.0427	340.382	8.896644633766408e-05	9.312138093846151
255.9984	340.5	0.018588544642376803	-3.360021807323295
230.1263	340.572	0.004864254934617326	5.548851255073424
172.0856	341.09	0.15778267912795382	-1.7896469433160052
185.0324	341.4	0.07723152562461684	-2.5855345297073815
176.095	341.7	0.7322570485871394	0.36131300714887504
439.2392	342.4	0.4661351441318023	0.8048056754717431
216.1111	343.315	0.34420661896290744	1.029852395042257
181.0375	343.5	6.245909613865684e-05	11.689629592766694
244.1046	345.245	0.11656811192741369	2.074600170492035
208.0841	346.203	0.39881432122740285	-0.9082136110195809
325.0798	346.4	0.0016912684041899978	5.913851629902744
325.0798	346.4	0.0016912684041899978	5.913851629902744
260.1358	346.433	0.0422152086576679	3.222665606459167
426.0879	347.1	0.1312820254702042	1.962464904961756
125.0955	347.438	0.00012790837554137237	14.084089220536017
198.1368	348.5	2.4660384683906343e-05	28.131770069882645
642.1432	350.2	0.7704064209364312	-0.30661833354742773
640.1428	350.5	0.7884361803803202	0.2812276682389606
117.079	353.3	0.03895452502249377	3.468493760540741
234.0852	353.4	0.02147999620457378	4.328779805720289
149.051	353.8	0.6008701464669297	0.5571336641522888
139.0382	356.6	0.027746639428552444	3.720783792711566
103.0633	357.4	0.028020975351624487	-2.93029322256738
73.0535	357.803	0.15219541404017184	1.881721624164253
112.0273	358.4	0.0008651014746718728	11.72928929741992
216.1118	358.866	0.013492434602576158	4.827191025418019
214.1311	359.641	0.0772154632737635	2.2713158440554406
266.1263	360.662	0.14120025325323474	-1.7260173642191412
131.0582	361.461	0.004496788371786299	4.492282053254042
110.048	361.729	0.03371881729888221	3.7186161183048463
188.1168	363.41	0.04117868797147664	3.016272102854726
184.0736	364.1	0.8890164264986739	0.14559233379149958
230.1269	365.044	0.04532101060370117	2.716954684454231
166.0266	365.7	0.023242607825161517	3.13181517816487
204.0899	366.1	0.2528391159132207	1.4116501934057488
220.0848	366.2	0.38954480342041575	0.9746589741588546
355.1547	366.4	0.012586192690990892	-3.8516989241277044
433.1129	366.5	0.08271358642229877	-2.0805381284674893
354.0577	368.8	0.8138878282183813	0.24672068902655245
381.9995	369.5	0.6783910581751686	-0.44466755534749386
248.1161	369.7	0.9438269174064109	-0.07508324520303854
345.0421	369.729	0.0407657021721991	3.401723071320223
114.0317	371.1	0.0911735811969791	2.071556990007992
248.0562	371.7	0.13672794792944404	-1.7220239878307706
70.0531	372.9	0.20058401611279553	1.4825123047052686
70.0531	373.1	0.20058401611279553	1.4825123047052686
300.0845	374.6	0.01566512041437072	4.888178789043282
222.1004	375.1	0.0008653711673258504	6.125038433744146
187.1208	375.4	0.07643458441655067	2.470814529796481
275.1474	375.473	0.7207491574033572	-0.37733196135400165
230.1257	376.257	0.2177169473917053	1.523380891206153
137.0841	376.8	0.006137806602034294	5.301510091001649
260.137	377.009	0.8134375679183519	0.2468520866869428
281.0899	378.1	0.37977673876983364	-0.9918950224936505
195.0895	378.8	0.23300870051609424	1.4683286975835697
117.0787	379.406	0.04446355622445469	3.336575815633834
128.0473	379.7	0.9568012950396931	0.0570922229920471
259.1208	379.7	0.36726655886058585	0.9750558914117341
163.0667	379.7	0.6210596244773499	0.5210922938982377
337.1147	379.811	0.003095107771789952	8.520917043383452
167.0582	380.2	0.2610728738707451	-1.2517156074097515
205.0493	380.653	0.009402418243534964	5.816189802126322
302.2067	381.699	0.2974481880437516	1.1912889180779629
381.0686	382.9	0.1361916649539212	1.7424112246375332
300.0845	383.1	0.01449823254375975	5.088764171369083
126.0317	389.5	0.9211039615995583	-0.10329206258492872
260.0467	391.0	0.0014870333250893472	7.468103613170989
311.1718	391.265	0.3611735516757967	-0.9990635651341467
231.1324	392.1	0.5887157775647139	0.5724876296142946
165.0426	392.8	0.2724758874983171	1.3108006480324557
297.0449	394.318	0.08042497231633688	2.597998015387712
246.1328	395.7	0.09234490733883238	-2.0701291072497887
151.0633	397.7	0.11820375164365529	1.8514746709751837
72.0263	398.206	0.07707907482970432	2.6336236134592377
212.1159	398.7	0.018685298033504008	4.361652776772055
286.0477	399.0	0.9194597137322187	0.10598921849721032
101.0835	400.073	0.003009183933482536	8.477814799758136
142.0258	404.813	0.0009703524115234979	8.159003917075461
228.1479	404.907	0.1673916206258263	1.7102807676641876
326.0988	405.567	0.0005814092207276101	-6.771930633156487
131.0946	407.0	0.11744997481802516	2.156209361979402
153.079	408.5	0.16519360897857152	1.8111882248066205
522.1373	414.6	0.7167932935284127	0.3892494253070992
519.1133	414.8	0.8717059813649004	-0.1685489799174518
480.0904	415.9	0.08796089962029234	2.470870411835754
126.0317	416.0	0.9089254859012839	-0.12166747196141185
340.0794	416.6	0.15986748943833853	-1.6726281956489313
261.1327	417.541	0.2164743896614806	1.4631112190897306
101.084	417.963	0.0006325240619681025	7.180680960506876
240.0238	418.5	0.11605485922194406	2.186386572393378
243.0855	418.7	0.028297616844735266	3.16535963598695
275.1469	420.028	0.20419648468879667	1.508223889971479
281.1124	420.6	0.019816560956605486	4.551267615434323
386.029	421.5	0.018092540619338064	-3.345879354175829
228.1473	423.032	0.033692361905767014	-2.806135973658436
179.0946	423.1	0.49755393504083045	-0.7592822031680097
286.0477	423.9	0.037269395822885236	2.716131308343096
286.0477	424.0	0.022406176859199427	3.469035685069209
283.1281	424.3	0.18377127791538703	-1.6612260166700639
142.063	424.7	0.43947304250981795	-0.8427138039154971
234.1368	426.1	0.12722988491176387	1.8960981193003315
149.0477	427.7	0.6392377542639447	0.5039191096005731
179.0946	428.6	0.528565881210617	0.7031699445660293
135.07	428.952	0.007221653746789098	5.263331246662259
126.0317	429.0	0.03910257179969079	2.7854355875467975
127.0627	429.589	0.31672859432349526	1.0962007817608397
168.0423	429.8	0.06003385796002596	2.351812546116549
168.0424	429.865	0.058034622230655815	2.392519336166481
304.1383	434.3	0.9816692876974135	-0.024524034546124385
117.0794	434.474	0.044654973877502085	-2.7537774585472943
237.0862	434.6	0.5157198041371124	0.6940575676151505
114.0308	434.715	0.0074620561779481015	4.39786044237289
146.1055	435.6	0.7381669664769286	0.36623497875449645
638.1119	436.8	0.13319956310138903	-1.8257720406413014
143.0924	438.718	0.4795232179266604	0.7540716804790369
138.0317	440.3	0.34544243955818155	1.0328748088365038
149.0477	440.3	0.029674205489014886	3.897369883812155
180.0786	441.1	0.7655230609704169	-0.3255335416999821
320.0896	442.6	0.33352355766697384	1.1494676576949936
162.0351	443.0	0.7057434052627841	-0.3995980965883522
117.0795	443.646	0.06028092134598027	2.848282150982108
217.1426	445.3	0.0343242436097946	3.081772406543753
121.0528	446.8	0.23248287548386748	1.4339765061460614
181.0739	447.2	0.027333323757420924	4.026187389197735
228.1478	449.338	0.007498385117129225	5.952756724651728
130.1218	449.4	0.0008434429278277799	-11.48106507782667
208.0736	449.6	0.06875200548534957	2.7418422744675555
276.1586	450.3	0.2209806342980183	-1.4035261841535422
182.0579	450.6	0.032848582697945716	2.8713501190063573
217.1426	450.7	0.7232334645016768	-0.3712594285405797
245.1385	451.9	0.03627191282635547	-2.766228731875406
73.0888	452.519	0.23309944785493134	-1.4856732019086576
210.0528	452.6	0.15070956050304385	-1.6591717753603417
346.1165	454.5	0.46785315247565895	-0.7778787431104213
320.0896	454.9	0.2920261765602574	-1.158354431880853
132.0899	455.6	0.10836818791279684	2.14448300875882
321.15	458.254	0.004333434290442576	5.2939614977528935
167.0582	458.4	0.026066836412861477	4.093746763373535
33.0215	458.9	0.22236632456075314	-1.5302395731978506
152.0473	459.0	0.11464533725531172	2.1642762141867014
182.0579	459.1	0.2812126858956127	-1.3074197289944605
129.0541	459.586	0.19522195947216459	1.5670317105909062
351.1703	459.6	0.07738903725129403	2.493173409758799
260.0321	459.8	0.7042834822940826	0.41247134454259027
135.0677	460.236	0.5341963349095249	-0.6593179576504439
161.0477	461.3	0.003147952229233367	8.739266199975452
165.0426	462.0	0.6718298825121911	0.4545425660116601
370.0339	462.508	0.07998549744920735	2.2892715721840893
322.0689	462.9	0.046899471167598794	-2.5943355806110486
154.0266	464.3	0.24215703331781813	1.3856158191691177
320.0532	464.9	0.012467272891100343	-3.9242919381278094
256.1099	466.1	0.5089319148677105	-0.7424088591490925
152.0473	466.8	0.21593422243440744	1.52962544541107
153.0538	466.8	0.20605272969636607	1.576072317309962
144.1369	466.857	0.0029447029721804325	-7.868215282453562
203.1255	467.146	0.01999113237772861	-4.1875445917327845
189.0424	468.206	0.055436208463916226	2.501641927773807
114.0314	468.229	0.004137545033200078	-6.8331253976376845
243.121	469.29	0.005377048152083172	6.250667180205133
222.1004	470.7	0.22446711971218286	1.4722454310006974
244.0695	472.6	0.5456795336287424	0.6610332081151136
168.0423	475.2	0.17352298467148525	-1.7725042980704089
375.1682	475.2	0.4041823374890531	0.964023326715072
346.1165	476.0	0.13626978001476034	-1.71983221969401
146.0844	476.8	0.1640235661338561	-1.7752732366650954
268.0997	476.959	0.05207223716557064	-3.0512875409072784
267.0968	477.2	0.033924388995991386	-3.5684560689203533
253.0811	477.2	0.004545374918899483	-4.452658973319939
252.0746	477.4	0.15197991906116545	-1.6418510720492574
328.1543	478.0	0.013271709646325134	3.4769360018059037
180.0899	478.3	0.7179046147529781	0.38683863743783004
270.0528	479.5	0.6006533293138625	-0.556971308011442
207.0893	479.701	0.22297070677009115	1.4907700522193272
138.0317	480.0	0.09495154181184574	2.2899910348499506
141.0902	480.5	0.03860579237131131	2.6984189701873795
175.0633	482.3	0.17305778966536028	1.7524180175342787
506.1002	482.9	0.3419292257555545	-1.1114892433543924
189.0425	483.125	0.046475292400557124	3.152262319395875
218.1267	485.3	0.9020159816584271	-0.13064616135761162
187.1685	486.4	0.11510654567892512	-2.0781761814176045
501.1972	487.7	0.04583231227266906	3.29283083398642
251.1018	488.6	0.1171279504111646	-1.8299686033906424
111.032	488.9	0.42045579223301677	0.9196873873359417
133.0528	490.0	0.18320973133274243	1.5874245491004897
170.0579	490.6	0.06589350207016563	2.2665003572640963
232.1212	491.3	0.22864356455353402	1.481519073202275
434.0767	494.23	0.735234862223807	0.36318659189916397
194.0579	494.3	0.15258445178012278	-1.6811504192297972
168.0423	495.2	0.2851279159509769	1.2967648196129897
564.1115	495.6	0.000282715438595073	7.53752595792357
178.063	496.4	0.007661067069475673	-5.440135480300432
164.0473	497.6	0.07912382227799027	-2.264386886338858
277.1161	498.193	0.3949254178639177	0.9757443249548954
148.0524	499.6	0.17334653008166992	1.7165307230562636
175.0633	500.9	0.1907409937608189	1.6462387176371645
356.1233	502.1	0.43059087422843784	-0.8888952104778287
550.0959	504.1	0.00739787156911099	4.316754212849168
60.0688	504.438	0.8001048684223568	0.2674069589313698
188.1525	507.3	0.8845397586864531	0.15239809186667377
161.0477	508.7	0.26650539570839826	1.2775109264531532
195.0756	509.1	0.5911352823308844	-0.5761565028920077
109.0528	510.9	0.006123505255202533	5.8778741846334785
74.0848	510.922	0.717692413598819	-0.3907444257621318
182.0579	514.928	0.08354896199092489	-2.075355106651545
336.0845	516.3	0.12589206519050555	1.912069979449009
99.105	516.567	0.17141633731752284	-1.7709819129338198
336.0861	516.692	0.21719483266370213	1.4078276555986362
281.1124	516.9	0.35169228648589757	1.0789278873971304
272.1049	518.5	0.3945190654186213	0.9169752993127421
288.0634	519.9	0.04355960412491983	3.137784136223529
288.0634	520.4	0.03584697443441037	3.3636616323506554
175.0243	521.1	0.18878480886401913	-1.5953041361905476
434.1213	521.3	0.25171437373980865	-1.283124341636665
434.1213	521.3	0.25171437373980865	-1.283124341636665
239.1018	521.6	0.36230634757189023	-1.0370623997757653
183.0354	521.7	0.8278267579999663	0.22918166778062382
135.069	522.477	0.0187664700139	4.420940379648272
222.0892	526.9	0.002661977301861634	6.733631284267036
246.1011	527.335	0.8880262767600668	0.1503879702923895
176.095	528.9	0.010630792950115004	4.0873555061112885
325.0979	530.122	0.3132433481534513	-1.1122949261052648
186.0681	531.0	0.010793806004579201	-4.875015089997048
138.0681	531.3	0.1970322709024596	-1.582422021835994
180.0886	531.634	0.6897528499080495	0.4201428626788481
180.0899	531.7	0.06671979565418477	2.706346252869703
252.1105	532.021	0.17001192938414278	-1.59773794576914
318.0376	532.6	0.001913167883941319	5.281932995774906
192.0786	532.6	0.07646394361135665	2.293254535334667
580.1792	533.4	0.01866645589031759	-3.228195945145108
128.0473	533.6	0.11149599529886012	-1.8647258484330111
239.1018	533.8	0.11688102690794201	-2.0966820695226813
504.0969	534.633	0.091023912434614	-2.058358153800948
133.0528	534.7	0.021739695460065975	4.395189389654226
210.0528	534.7	0.0032934819234809896	6.39388401011368
152.0473	536.7	0.009066809237012427	-4.006775720713653
360.0845	536.7	0.22419545839788316	-1.3559209463704078
346.0689	537.1	0.45120193091363126	0.8552648931173198
184.0372	537.8	0.026397027012751786	2.943230494388439
239.1018	539.9	0.7236093421274894	0.37843787591346073
196.0736	540.1	0.03873427708524177	-2.657504659118273
134.0732	540.5	0.07067376641169991	2.311763656787747
208.0848	543.2	0.2774504129700765	1.3038160388057487
135.067	544.288	0.006130776292058023	4.188872573943213
154.063	546.6	0.6814352144929412	0.4473635147208814
274.0841	547.6	0.500664421205274	-0.7391965585851462
164.0837	551.3	0.012830301191781874	4.538127710374694
224.1036	551.355	0.013298517681812777	5.272316175526211
124.0524	551.4	0.006838582009546636	-4.827419517442599
274.0841	551.6	0.07120389644396719	-2.721458590504067
140.0473	553.9	0.16956722875037608	-1.6372171321003346
180.0423	554.5	0.08433909630089237	-2.1999711701448788
186.0681	555.1	0.9729269417139874	0.03604820375530367
268.0736	555.6	0.11673301546357785	1.9048054817514262
138.0681	558.0	0.35803771107268045	1.0803083467480377
138.0681	558.0	0.35803771107268045	1.0803083467480377
352.1787	560.3	0.49623778045815037	0.7325385990437343
181.0739	561.9	0.3124941774013545	1.210870059201078
111.0433	563.8	0.3102676454785333	1.200983041598793
434.1213	566.4	0.03955044817652088	3.4966663637617907
328.0947	568.0	0.01644403487168992	3.31766952069396
94.0419	569.0	0.04900432472460993	-2.6357941009061103
182.0579	569.1	0.792941757212338	-0.274455234625305
332.0532	570.5	0.06190148157949861	-2.910366574468643
418.1264	572.4	0.05195237215841199	-2.4243783235261227
128.0473	574.7	0.12910990297440816	1.9822471703800506
208.0372	575.3	0.0036054237523135777	4.937823976679865
418.1264	578.2	0.9476733955880117	-0.07083711821889757
154.0266	580.6	0.9941501565284383	-0.007779013792298787
390.129	584.336	0.9059424246958836	-0.12825311116363097
151.0633	587.1	0.6602815650255881	0.4634687423386738
110.0467	590.127	0.30875006373956193	-1.1133011502635475
152.0837	591.287	0.00838022060535045	-4.110438912191558
153.0426	591.5	0.0009482109335354356	11.683063300118969
152.0473	591.6	0.0012953428394789795	10.409762303103543
322.1681	592.4	0.00976351265029205	5.082380829183283
110.0476	601.167	0.5789085418091174	-0.6029846606504451
166.099	602.479	0.015519787279336722	-4.413678776844786
154.0266	605.1	0.5970915714418953	-0.5691177770285778
180.115	606.1	0.031428153169399696	3.693961737394233
234.0528	607.8	0.013941790040285807	-3.6774249186296126
221.0913	608.2	0.09777582204401497	1.9896447872378045
278.1271	609.534	0.13491081522802484	1.848640173811501
223.083	609.882	0.4948772033025926	0.7591310079012676
222.1004	610.0	0.9445431193455562	0.07265487920021754
336.0768	615.898	0.406368454928092	-0.915473506011133
164.0837	619.3	0.002419520848800499	-5.153898808327925
180.0423	620.5	0.004297823092422213	-4.471556175635201
152.0837	620.7	0.15588037747919067	-1.7401233666861062
278.1258	623.391	0.1112407034071236	-1.8712847802034862
237.1003	625.505	0.024828375027283765	3.9152464266900764
288.0634	629.4	0.044745540875074846	3.2561273128215644
290.079	635.8	0.058278539141237415	2.8501616535986556
170.0732	638.8	0.04381042588604597	-3.1221419614750703
204.0423	639.9	0.06873541891647164	-2.4277254625326155
178.0266	642.2	0.10717571819979169	2.0139585906358675
145.1579	644.5	0.07662806931799877	-2.1460695056063246
308.1049	645.2	0.0006079371559453581	6.856656551935012
330.074	655.3	6.207005643781798e-05	-13.262331510456846
328.0573	655.338	2.7713424995848207e-05	-12.02762304856331
244.0736	657.0	0.06550070749367394	-2.5589581876645573
179.0931	670.298	0.9842118406055019	-0.02133105659430208
272.0685	679.0	0.3592761944687176	-0.9943298615004803
272.0685	679.4	0.9097919093530641	0.11816732257722128
140.0473	684.5	0.24059702122303758	-1.4563867258036942
150.1045	686.7	0.8354787546776135	-0.218397884125143
234.162	686.7	0.17038418002637232	-1.6479536247869353
110.0368	692.8	0.46934248163483405	-0.8117974112457622
270.0892	698.8	0.4260386328498888	0.8941824370318195
136.0524	699.0	0.3897610539636469	0.956031568763059
168.0283	709.5	0.01874318978893264	-3.5071367372610482
73.0164	212.6	0.08191745010332337	-2.319964402356895
117.0426	212.6	0.569156027856323	-0.6023763658459529
117.079	212.6	0.8374673981916685	0.21430715310935147
133.0739	212.6	0.2796931979867727	-1.2426498774095593
234.0852	212.6	0.6326334270168426	0.5164787810580199
505.0846	212.7	0.08186243179867787	-2.496141515743866
183.0532	212.8	0.06433863134959235	-2.6721957320135066
155.0219	212.9	0.14367852257796526	1.7203542176663982
190.059	212.9	0.19879701610692851	-1.4842754339669335
191.0794	212.9	0.2854699747998215	-1.2089842677357674
188.0797	213.2	0.2857003627331963	1.1865811642192106
188.0797	213.3	0.2857091539383474	1.186194542990305
268.1017	214.495	0.014579041185800121	3.8329476426232207
129.0781	214.654	0.00044035624766333416	9.622328754452282
129.0426	214.7	0.1934283999400008	1.534080037063709
195.0532	214.7	0.6179128042331585	-0.5282767979158375
230.0903	215.1	0.14694068664218748	1.6832057740501591
74.0004	215.4	0.4925725357443833	-0.7456750009293593
153.0426	216.2	0.9818107286493803	-0.02382673296751492
161.0691	216.657	0.18729353260364756	1.4881272940988828
188.0797	217.8	0.0008523503393949199	-6.864130816872898
156.0535	217.9	0.1602801751142057	1.660253612950255
106.0266	218.0	0.17753041562806327	1.5479402100693465
235.0481	218.9	0.8997178356946137	0.1316759943372884
183.0532	219.3	0.08946393165720805	-2.4517964871787714
61.0164	220.0	0.9864491615402273	-0.01777251441809012
239.0794	220.3	0.9275210012796931	-0.09605960597470513
89.0113	221.9	0.05330129395257348	-2.9020825933061363
190.0477	222.1	0.7845588456776083	-0.286175292076422
172.0372	222.2	0.8291141755538308	0.2292878287687446
123.032	222.5	0.4238874135605069	0.8776304528491898
104.011	223.9	0.9228910169634754	-0.10447321049660672
187.0481	226.5	0.07789156218474724	2.5308487105629394
147.0531	226.682	0.011769909886614353	5.293585758751595
174.0641	226.9	0.07417012540877257	-2.439215921593221
195.0532	228.4	0.5798790311996395	0.6176800712289954
156.0423	229.1	0.0005993652054799551	-6.600452445193055
253.0223	229.3	0.7047375482932744	-0.4011858434750664
175.0593	229.3	0.0037383849192321275	-4.6243151642778155
188.1161	229.5	0.009497748222748311	-3.7614876492254026
203.0794	229.6	0.057704983190661606	2.961583228282843
158.0691	230.0	0.06919047339535256	2.319024570342602
197.0688	230.0	0.08609030815608873	-2.0615084736178084
219.0883	230.79	0.10287134657314678	-2.286378866092061
306.144	230.8	0.20517977162533035	-1.4479128135757982
159.0532	230.9	0.06607020508695895	-2.335468521327868
187.0475	231.161	0.03037817845894854	3.6816430158607214
174.0164	231.3	0.39448761035181834	0.9638627937796994
219.0743	231.3	0.17584590485404297	1.5671252080354405
117.0426	231.5	0.033803577806998705	3.441528671490707
127.0633	231.5	0.20943671838256794	1.5384146631540034
174.0164	231.7	0.39448761035181834	0.9638627937796994
322.1199	232.7	0.6189046887196215	0.5510472607214829
212.0321	232.9	0.13299744467725547	-1.8931222181278369
483.1502	233.1	0.9460736832564186	0.07177788873238103
181.0739	233.2	0.22762931249152674	-1.4159886734875304
149.0688	233.3	0.1295674620319574	-1.9542372817072038
202.059	233.6	0.18534626405512336	1.5040794099568229
166.0477	234.2	0.8221922697380162	-0.2347808085327119
145.0375	234.6	0.24211296941196708	1.431295920484956
88.016	235.5	0.09884568922194867	2.2394992610072415
151.0628	235.627	0.014688112873366712	-4.678388529312008
134.0215	235.7	0.019797112109860526	4.460915372969271
191.098	236.9	0.04007874559012215	3.157126531710151
76.016	237.3	0.5907035268844266	-0.5762978629449433
223.061	239.7	0.5020306592896746	-0.7193142882230826
146.0215	240.8	0.10450517539975603	-1.913034241049063
90.0317	243.0	0.2012443815055423	1.4360899077831992
130.0266	243.6	0.02502386982317305	-3.0157219963653064
206.0427	244.6	0.004774769330008673	-5.026414950331153
189.0637	244.7	0.1494807860045419	1.9248674088802216
147.0532	245.08	0.021762898703916	4.383216367012745
147.0532	245.3	0.19880730597279897	1.584781739340491
157.0375	245.3	0.12343577890221265	2.0086210990512217
192.027	245.9	0.5758893218209238	-0.6090481199738117
129.0426	246.0	0.28126770003588236	1.232147094492075
159.0895	247.8	0.047644367385241915	3.1117174934229443
183.0532	248.3	0.007509454793257855	5.728363703083541
217.0586	249.7	0.013168993190631076	5.065168963381465
173.0688	251.1	0.892429880177316	0.1447159704739744
139.0269	251.5	0.9495580892988236	-0.06596006695485508
90.0317	252.6	0.38572460057556196	0.9406887009847806
113.0477	252.7	0.204236559245509	-1.516252679125774
163.0845	254.7	0.011383552968843027	4.541494462301924
268.1059	256.1	0.017714545768832406	4.037490350210049
258.0852	256.3	0.045710705979888695	3.05440125681533
198.0528	256.7	0.1998868054210036	-1.4660815630476132
143.0219	256.8	0.019673380587969008	4.270462478981317
145.0375	257.0	0.026357240452725084	3.8811312415066523
189.0637	257.9	0.6560650797589566	-0.46835266491832817
172.0484	258.3	0.45953612978720504	0.8194635103230247
192.027	258.9	0.6470431620732371	-0.4924306742444016
216.0746	258.9	0.09983724663914091	2.1647291652378793
300.0845	259.1	0.5274532037669701	-0.6706205520237324
248.0797	259.4	0.8213945277206072	0.23622302522678712
344.0743	259.9	0.020627874278616763	4.473569779410506
195.0532	260.3	0.03448758629465531	3.2518514390283273
212.0321	260.9	0.02549459091432274	-2.9953763158132753
160.0372	261.5	0.0029676947351109924	-5.008799048824234
146.0691	261.6	0.5436727969075825	0.6435415945417879
134.0328	261.7	0.3377601620243987	-1.130467296640624
132.0423	261.8	0.11392341129302666	-2.199621560222591
171.0895	262.5	0.1345655103916966	-2.001913053086131
131.0582	263.2	0.40784689703073007	0.9248546764389771
104.011	263.5	0.3246328388098004	1.0905773341378475
131.0219	263.9	0.02333183048638966	3.312022650598176
143.0575	266.138	0.009861447692580422	-5.588378273237047
134.0579	266.6	0.4297598235657356	0.8996359003558816
199.0845	266.8	0.1815173986032861	1.5370288451243481
103.0261	267.305	0.14395923197369287	1.7531515409409215
226.0477	267.7	0.007496355604508724	-4.091534767038133
180.0423	268.2	0.029549872992447854	-2.8551305506947706
170.0215	268.5	0.9066075252981993	0.1258607679773218
104.0473	270.9	0.787533529356572	-0.2818759715159835
206.0427	271.2	0.5455571903549723	-0.6436215567940796
104.0222	272.2	0.3670139802129394	-0.9869551431375857
270.0729	272.8	0.6801702460668335	-0.43984013530340377
147.0895	272.8	0.4033649955001586	-0.9114720416642677
171.0532	272.9	0.10376022779000639	2.1810445785472092
162.0528	273.5	0.3288824665189649	1.1542323044098797
206.0427	275.6	0.059638359800111146	-2.3177725932718634
201.1001	275.7	0.4632420601658514	0.80552012123379
159.0524	276.752	0.10989251021621453	2.1423561292839155
132.0059	276.9	0.05306010418420945	2.445506850936358
378.1274	277.0	0.41143890144559137	0.9315425999229112
187.0845	277.1	0.19370823382448468	1.5545865157810177
143.0575	278.111	0.0002485971847723074	-8.206226180013635
198.0528	278.5	0.01374629311640669	-3.9301321523414052
130.0266	279.1	0.12368055904764014	-1.8140724004266626
131.0582	280.8	0.223923579274001	1.495357778746952
148.0372	281.2	0.048127229054041126	-2.555255402376113
88.0156	282.434	0.617700613983948	0.5402080894151622
87.032	282.9	0.0032478352467947428	-6.599335564980704
104.0473	284.2	0.018418202632874418	-3.8166190038815144
102.0317	284.9	0.13802369914535367	-1.9635038138797651
268.0551	285.9	0.6322435795405315	0.5277784125365345
292.1019	286.0	0.5694274269650483	-0.6019362719314386
130.0266	286.6	0.8352079421985361	0.22048234586608723
143.0575	287.697	0.003763622065179483	-5.319108561550979
146.0579	288.3	0.1047083939482457	1.9649738280661935
165.0457	291.545	0.0008392973703802906	6.349657197963312
294.0852	291.6	0.07410198475028822	2.170075005534783
104.0473	293.9	0.4890035643218066	-0.7369926618058457
234.0852	294.5	0.135449670775164	1.7538401834543682
173.0688	296.8	0.00606036023374444	5.189282629409715
778.3466	298.7	0.20509041729696992	1.5993057662090282
119.0582	302.0	0.17113956951940038	1.7620238058459123
87.032	303.0	0.1908766871919855	1.6803227170061632
60.0211	306.2	0.7191907058580387	-0.3833230089681393
147.0532	309.1	0.49641039898727135	-0.7239008376279753
88.016	310.0	0.3175950468658186	-1.0935469881397988
130.0266	316.5	0.45088509381740516	-0.8071660194478762
118.063	317.3	0.028033064727188924	-3.676359530580261
123.032	319.1	0.11795526574034662	2.1522777305312615
116.0473	319.8	0.004490641649142719	-5.309272712035765
130.0266	319.9	0.13195465534056594	1.939698155465733
146.0579	323.3	0.0679670462799862	2.236334782729382
244.1055	323.344	0.1371643985003455	1.9856942678387333
229.0586	323.9	0.580653284430809	0.6000067443434002
163.0481	327.8	0.09806983677095231	2.2340034659063766
129.0426	329.5	0.06850959396265463	-2.216791194037717
84.0211	332.5	0.0020526505328432774	6.080287884611332
145.0739	333.258	0.03213510493087196	3.762281307162629
223.0481	333.6	0.23620179737987207	-1.3380402846717205
138.0429	333.7	0.11112276611674482	1.9692173945973572
249.0601	334.706	0.0004074188638105282	7.222295212714061
229.0586	335.1	0.2440085992868133	1.4337895606484499
175.0481	340.2	0.1867451598855207	1.6569768637161153
625.3033	340.6	0.13097030830442144	-1.9542032151885649
177.0637	340.8	0.13198973149471277	-2.012135195817313
145.1103	340.9	0.1789361938165085	1.7385612201173333
588.2948	345.3	0.002518941889393191	5.038501057292199
73.5253	346.853	0.0020281624932008977	-8.370214919933082
153.0426	347.1	0.7246536574789976	0.36927059533659107
132.0423	347.8	0.508139199627078	-0.7097777727369954
132.0418	347.951	0.5319271652204066	-0.6853792052758989
179.0582	351.8	0.1452764054745067	1.8166030028987956
160.0736	352.4	0.1361593698150562	2.0164410332403375
180.0423	353.8	0.021311345891388018	-3.4114825086321847
148.0008	354.4	0.006419706754580832	-4.194761789965665
102.0317	354.5	0.3450523432876405	1.0978552685933805
131.0219	357.2	0.59584492734109	0.5652891635343278
564.2279	358.0	0.36883505398575755	0.9976855012973161
72.0211	360.2	0.6826128197483192	0.4300765951830886
176.0321	361.8	0.9914740438442935	0.011146945961066884
237.0637	361.8	0.3972511234991565	-0.9190077995622419
74.0368	362.4	0.0045123414820958975	-5.004828773601282
261.1209	370.239	0.15130734539688254	1.9146803726609694
153.0426	370.6	0.9575184150347092	0.055662450236459125
172.0733	370.864	0.12043517618344934	2.023070691317051
252.0602	373.9	0.28960623605413693	-1.2759684631165162
191.0419	376.387	0.17918698096404906	1.648969919366627
153.0426	376.6	0.4948175050096517	0.758762782171052
132.0059	377.7	0.12087036905851896	1.926376678169978
496.2607	377.8	0.02091666237189605	3.1075894597000833
138.0317	379.7	0.010484306658503128	-3.937733373701101
278.075	379.7	0.027371057272132033	-3.2187045797335356
226.0954	381.2	0.28411076829817317	1.1762490100864456
368.2199	383.0	0.7706699400120576	0.3131384398027515
161.0343	383.251	0.9074353784179101	-0.12418193562826779
137.0469	383.392	0.011040411179604085	-3.6705382790460237
161.0324	383.4	0.7414831157834665	0.34565589692555077
166.0266	390.9	0.1350085904600518	1.7371010549354962
86.0368	391.1	0.003071935425018885	-4.958691277734523
205.0572	397.684	0.23539486886475702	1.465643479209023
161.0336	398.715	0.04300100875013287	3.066506304800814
134.0215	400.5	0.011904766168428114	4.1617361883834905
166.0266	401.0	0.2608013249790938	-1.2427498456970656
151.0633	405.9	0.0689750177984948	-2.2356487499392013
164.0473	407.0	0.3880951226211	0.9755388318424804
187.0481	407.9	0.6298873685786115	0.510539264710273
187.0464	411.959	0.21971369877524738	1.4614640655980116
584.2635	416.3	0.8752447535795027	-0.17033229496054866
88.0524	418.3	0.011064859789792032	-4.299626450327899
176.0321	422.6	0.1826109999124931	-1.6392576524777631
146.069	440.554	0.0007074887136919224	-7.01537558769821
116.0473	440.7	0.03247416900411105	3.5887930784219555
165.0431	442.268	0.02309168298190458	3.032042380551464
162.0528	442.3	0.7045012161870434	0.4098521225980862
206.0427	442.8	0.0009581510377263781	-7.034392709576087
279.0742	444.605	0.1796282717147602	1.7363812188616272
155.0695	444.8	0.33072366215675386	1.0755408293307729
118.0266	454.2	0.0011370269877141264	5.92906723517746
264.1031	458.1	0.7044941557054094	-0.3987193037279466
122.0368	464.2	0.012821256152311092	-3.5629561672984336
150.0681	473.6	0.713601055259985	0.3848992855044197
209.0244	476.4	0.5330003715709333	-0.6624399885522627
114.0681	480.7	0.087516409276087	-2.243953874523782
130.063	482.5	0.01821110807171565	4.185388058541844
144.0423	483.6	0.16184213569359882	1.7290859577536521
138.0317	484.0	0.7077960389444922	-0.4092141930044947
116.011	484.9	0.008637071065432078	4.292192561283615
144.0423	489.2	0.0730941375519353	2.2100887600755126
114.0681	489.9	0.009385803905360875	-3.8162747311666214
328.225	490.9	0.9800606467300395	-0.02689474494406127
251.078	490.933	0.3456647403169547	-1.0249780830746782
136.0524	499.3	0.3366420353275526	-1.1331743186279315
481.2312	499.3	0.8194238288239419	0.23956013475733234
186.1256	507.9	0.10239563304228239	-1.9312137564590264
186.1256	510.0	0.08308516796470743	-2.2829725591667214
222.0528	511.4	0.06960194985364108	-2.4499838450877873
210.1256	512.5	0.024696990937909426	4.194872596269896
160.0736	512.6	0.006673188770674655	-4.1815119428407215
172.0735	523.556	0.09796421851853017	-2.0955561389292092
332.1624	531.0	0.14978707681816403	1.7364243827595442
362.1729	531.9	0.16390031976331992	1.8123393768198142
323.2098	531.987	0.01019725969527605	5.780398932681291
200.0321	532.8	0.020925526209635045	3.8334708741647043
336.2301	533.8	0.35721478551716673	1.0506886288129176
226.0477	533.9	0.07513301427539802	2.2969226502096367
264.1362	535.2	0.19310367909084053	-1.4790981365206333
163.0633	537.9	0.21013462333261898	-1.4877286354727284
216.1725	538.8	0.00776174133745906	-5.648453164553805
174.0892	539.2	0.6935907992231964	0.4301739180361702
144.0423	549.8	0.32309027469802365	1.1445749941902028
212.1412	553.1	0.0019422189709888023	-8.277703329405483
165.079	569.8	0.04298882874963176	3.306881418795077
137.0477	577.0	0.47235441263812883	-0.7722586576445614
334.2144	580.5	0.02797917298206462	3.7107218116299725
258.1831	580.6	0.20894068457451714	1.4317409030681902
490.2203	582.5	0.19748098711438009	1.6240077025169128
166.0994	582.9	0.2554560787652296	-1.3226704732284722
332.1624	583.1	0.879250500879327	0.16010154250870468
294.2195	589.7	0.15936486599961094	-1.8127455727784612
144.115	590.6	0.7727455316518481	-0.3063847281706563
367.2181	590.7	0.8059891619345373	-0.25865222779309843
334.2144	590.9	0.05417341450238119	-2.541947650486777
178.0985	593.897	0.001657898953151943	-9.854908694503274
330.1467	594.9	0.005854507711910989	4.407974273341029
294.2195	602.5	0.06356470138268473	-2.852714057466615
334.2144	603.0	0.055483985538926	-2.699469238539862
313.2611	603.399	0.3266470923273867	-1.0753653002915329
312.2301	604.0	0.021296931642386885	-3.0976088571472102
144.115	605.1	0.04785262202078741	-2.6388398586577217
316.1675	605.1	0.031046175027283317	-2.823275459066463
336.2301	607.5	0.01759135746809203	4.375033731276201
218.0977	608.3	0.9649720161457864	0.04665281546534643
332.1988	610.4	0.014644020565727212	-3.5866179259508626
310.2144	610.5	0.011124678431297098	-3.895673766346739
296.2351	611.1	0.22825691632549128	-1.4787964937953784
336.2301	616.0	0.020395710903135494	4.284623929518874
296.2351	617.3	0.37983480481695586	1.0177641472610408
250.1569	626.4	0.012111409943277904	-3.6754574387644334
310.2144	627.5	0.06741263358124752	-2.697303453484453
312.2301	634.1	0.36125336348620674	0.9955435510908637
334.2144	634.2	0.416190843356443	-0.8780319717061952
292.2038	638.5	0.014516123021731256	4.790873487536172
312.2301	641.3	0.02955944894061852	3.0295423047151626
338.2457	645.6	0.00563799063300334	5.023018551420649
316.2614	647.9	0.009340253751194216	5.601208576201999
172.1463	655.0	0.10392238829492886	-2.309844211044348
292.2038	660.4	0.0003449757208360445	-7.2791774450581626
272.2351	663.8	0.017666257333717808	-3.282473351479088
172.1463	668.0	0.0033294173610370612	-4.703861697632571
332.1988	669.9	0.017749912878026245	-4.5606196228921245
318.2195	672.1	0.0035562742169634285	-5.491601500766368
278.2246	672.2	0.0025083655470628323	-5.829860553459721
270.2195	680.0	0.016954948393411582	-3.3033673915945685
294.2195	686.0	0.002772296816663325	-5.215339807749101
316.2038	691.7	0.02168014431283614	-3.1446224403511778
298.2508	699.2	0.9092898352097768	0.12325454065587249
320.2351	703.2	0.597873959333451	-0.5573354352320355
296.2351	705.7	0.021673742380384647	-3.0928817816857985
292.2038	712.8	0.9090290114909984	-0.12093899350788243
318.2195	716.2	0.013704184879728395	-3.58302505104444
292.2038	726.8	0.04332982067892078	-2.7580931748797664
200.1776	727.5	0.008068083582829136	-4.054200869571851
250.1569	728.3	0.033938619784890614	-2.747862358610205
320.2351	729.0	0.06508714073322765	-2.338900204156521
276.2089	738.7	0.009369968313321507	-4.0769836859899256
292.2038	740.1	0.9892989698572385	0.014400766509837317
341.2927	752.153	0.06903630058493422	-2.5897505593322374
327.2764	757.984	0.8477510508602909	0.2011750754822101
320.2351	760.4	0.5077516293603654	-0.7064268429311297
278.2246	760.5	0.005416587890750025	-4.3516626299880645
302.2246	783.3	0.2582223532576204	-1.2491362623275932
254.2246	784.1	0.1165342979387102	-1.8970586614103215
302.2246	787.6	0.006491167267084839	-6.600749516322078
280.2402	791.6	0.8212741554346054	-0.2375093483204853
264.2089	795.1	0.00842020495855892	-3.866967885265958
280.2402	796.2	0.5342188553272235	-0.6665511071865958
304.2402	819.4	0.0015974668112405006	-6.197640487479976
306.2559	861.7	0.003187666587751959	-5.149282848498505
256.2402	866.2	0.013392396840403296	-3.4652674143105564
356.329	920.1	0.5460739928187696	-0.6458811704622021
284.2715	952.3	0.25233082437051485	-1.2821255675741479
