m/z	retention_time	p_value	t_score
347.061	165.142	0.023931979512420872	-3.018917073628691
384.12	368.227	0.05554028336149466	-2.8882128667568145
89.0478	241.494	0.4124847388351996	-0.9430499904721944
146.109	195.207	0.05735942096198384	-2.4875499417507347
146.1061	474.105	0.00916310773662323	-3.840148999867358
323.0498	169.774	0.19233373919922653	-1.659904446194275
176.0328	321.379	0.042507502845556176	-3.223029793316723
204.0903	450.091	0.011194449532064986	-5.399573242456115
116.0103	307.707	0.03377694331591191	-2.742394267691132
116.0103	408.121	0.014546415710711436	-4.581172821465188
116.0103	257.207	0.0332695262053995	-2.7517980666190396
612.1487	302.036	0.0019590972699840953	-6.467545293970192
642.3001	458.493	0.001957156712783165	-8.247533378551276
88.0988	529.936	0.6188353120130823	0.5262638693822368
135.0537	349.073	0.0464085589402005	-2.5070248455494064
132.0531	184.874	2.5637705229078435e-05	-12.491889438639042
192.0272	215.905	0.46464974885767013	-0.7862060558883418
117.0786	325.426	0.3566232348851528	-1.0077163400670819
89.0478	318.458	0.6448284540791688	0.4933907941860901
125.0146	169.461	0.7864662430537848	-0.28556047414792807
119.0575	180.793	0.17549728274421159	-1.6527264550374436
192.0265	391.225	0.17456434597316417	-1.6674837206127777
103.063	276.854	0.31203245507323796	-1.1044815607660863
259.0459	147.818	0.4657365806534908	-0.7956888478457045
104.0091	446.952	0.897644338861278	-0.13422608735587094
152.0335	291.841	0.058101344008233295	2.502099485496161
131.0945	302.364	0.09263444590528902	-2.3821906503266375
131.0945	258.726	0.045977338346690357	2.7784673979716303
129.079	400.318	4.747614774479773e-05	10.63618982423233
129.0792	381.087	0.2059711191582122	-1.5211084272121413
176.0425	375.97	0.0170370491733389	3.4043156483000865
174.0531	229.259	0.0020724374083724018	-6.990593666222693
87.0685	346.276	0.09569941585771564	-2.374854938834144
251.1003	325.794	0.002324230566711225	7.7907324982964585
137.0459	438.001	0.9002003014306315	-0.13091526862751784
153.0099	167.307	0.482712235281835	0.7956522300012001
189.0634	413.443	0.01985487344895681	-3.411732712961319
154.0275	603.763	0.363414978336722	-0.9959904314581716
122.036	533.861	0.02633710248420229	-3.003498305294193
220.0838	496.852	0.15392031294455166	-1.8577694037818846
192.027	351.765	0.2829837168261667	-1.2701333932756944
164.0475	497.662	0.12234865452600588	1.7980639355364612
139.027	574.103	0.09708143087418783	-2.0063950451501555
119.0178	301.607	0.2301641319854131	-1.4759224121281271
119.0217	284.286	0.4799875627023442	0.7892036851821068
119.0176	319.687	0.006436220875219359	5.4295904002234945
175.0634	445.461	0.00794025759138968	-6.302370932748429
116.0956	285.181	0.6054529358364575	-0.5555318498948704
187.1679	484.934	0.05170613443293672	-3.1211173727309585
145.0848	181.825	0.026538119760204017	-3.550345283733133
145.085	377.725	0.7834408756342014	0.28759480496825024
175.0478	412.274	0.8649937151144328	-0.18166090831494894
175.0477	418.537	0.9781929971035459	-0.029185471634276296
175.0472	393.025	0.4612309609766126	0.8214341107816053
161.0682	300.911	0.06910331143077938	2.7650853385414154
162.0161	261.963	0.3780514375324195	-1.0302243105903581
194.0574	494.381	0.09018974354933706	2.026458459252737
115.0266	248.993	0.0311842334441185	-3.097218824451915
117.0782	228.101	0.30357785877986115	1.139309347305616
117.0788	318.327	0.2898412156486526	1.2322889358874292
117.0782	222.868	0.2857301229850644	1.214446312710107
129.0418	314.468	0.0031916282144603884	-4.81102824558154
188.1251	383.096	0.9540498006844489	0.06007399157874387
131.0949	417.608	0.011501325582526282	-3.6444431274531315
118.0259	276.87	0.7876501369802743	-0.29405028817585005
126.0296	677.115	0.8806174296487717	-0.15867635007112205
130.0267	470.686	0.7201899122450928	0.3805856514177131
103.0626	282.722	0.11553050080680824	-2.1603744987023825
214.1576	595.227	0.053959691789389676	-2.4032665787304954
109.0522	432.572	0.010876666383383788	4.167826893351309
189.1101	216.566	0.019867836252169528	3.238665847784637
176.0676	493.587	0.024205641638595444	-3.6585343151343013
172.0367	222.2	0.06805969860308045	-2.2691150678544587
129.0899	237.666	0.7887131889823744	-0.28063524002059015
236.0782	244.953	0.0018234053326538476	-6.6676304685208905
130.1116	345.557	0.2838147857969745	-1.2784425313333883
188.1173	267.889	0.12787182079465784	-2.0310223154310303
160.1219	524.398	0.17086557167240762	-1.561659347865744
126.0431	344.456	0.020492072533078005	3.2475023271249066
101.0473	333.43	0.030629410795554955	-3.2050160018461695
243.086	253.086	0.7618870238730966	0.3207450318041743
154.038	274.02	0.23820024867858078	1.466823714004012
118.0734	188.282	0.0005852579601918413	-6.634385432369238
118.0735	444.056	0.09760902243977349	-1.9862798988414245
169.0334	380.886	0.07491317465657897	2.2097395412596468
104.0575	443.316	0.004248761253174202	5.708787218677603
148.0014	407.865	0.02353864787341832	-3.024618427871217
113.0468	330.951	0.7554661194008042	0.33263797969610187
147.0533	329.837	0.2928748691322446	-1.154696993476905
147.0537	339.696	0.5877147244298799	0.584162527843226
147.0535	284.895	0.2983748523435219	1.1570207174036573
145.0737	360.501	0.9621219962635994	-0.04971126231115487
162.0526	447.914	0.759984996662919	0.3243947693304278
188.1272	196.669	0.02950058354536502	-3.4694998576674436
145.0739	235.602	0.03210458796892067	3.5661892799676
127.063	343.805	0.0002522174566445827	12.216201656281243
155.0337	186.855	0.21614120139792367	-1.3949317587279866
134.0581	268.565	0.02892571201077683	-3.5746142172041284
140.0083	259.037	0.8073790151077852	-0.2661318323436364
256.1149	427.248	0.33590153784375854	-1.0650731894009324
335.1323	170.641	0.9399045341705945	0.07930484683953776
297.1068	197.698	0.01672508713609851	-3.4539880758722594
192.027	233.079	0.5973574320631914	-0.5592619449122262
183.0711	561.755	0.011485680662698132	-5.105830689929446
294.2185	708.168	0.09938505035626648	-2.1618625521389183
310.2142	646.605	0.1676323949999063	-1.7707162371703862
310.2152	623.667	0.048843734243644306	-2.6612395773955293
149.0453	427.927	0.008255947989492838	4.963281669449003
152.0471	458.943	0.12384091942970343	-1.871793578142557
120.0576	610.837	0.6942073100520221	-0.41561120164277915
191.0613	433.457	0.3784507263257183	-0.9549243426741143
191.0585	450.008	0.00011812253235409796	-23.468466697995183
191.0598	463.838	0.04204662215199928	-3.3414342485741444
219.053	372.294	0.053159722410317065	-3.082015682649243
165.0402	287.052	0.08458264489754311	-2.4566432306631527
165.0431	335.335	0.0280096727976881	3.0434510930279077
133.0519	534.425	0.00017142619087651855	-8.267940526132975
128.0581	289.502	0.0690253781265768	-2.2130735517709987
128.0577	263.583	0.11916517471426458	-2.096341186116952
132.0518	286.787	0.01813576964691975	-3.2230942841301897
334.2124	601.825	0.012980190874232576	-3.4902059313851876
148.0365	280.894	0.018298901006655207	-3.2442424835697485
146.0582	492.733	0.3021348084650721	-1.2199616999899319
272.0894	351.983	0.5464006690065007	-0.6716231071640707
190.0478	471.428	0.016104066444650383	-3.3151228696351724
142.0738	286.608	0.03183886770601583	-3.0994982566928315
161.0683	276.682	0.057419073153766334	2.876761231215737
161.0685	339.256	0.16086363681847324	-1.8488377286473978
228.2096	761.042	0.306362109341457	-1.199438544670946
160.0833	210.228	0.21256979479111698	-1.4474400886450935
267.0966	209.968	0.19977225489216144	-1.4478626360174012
153.0647	241.154	0.10294105765966044	-2.2321648910498815
163.0283	232.442	0.2812092468464064	-1.1981244923349985
345.0505	147.487	0.10296193706399535	2.2971042995420317
312.2301	529.817	0.7314463863704701	0.3716255286636439
312.2297	577.777	0.1511767413633767	-1.6528086397307928
250.0472	409.247	0.05173454334229508	2.421951927587232
202.122	510.331	0.20458240468707986	-1.4378063699757986
210.1249	605.999	0.01850033138351941	-3.8630308295648508
316.2007	666.317	0.03555359811357131	-3.291536197920026
148.0524	497.282	0.2539596637287375	1.3735074565074383
198.0526	463.791	0.9403281208836372	-0.07808802370423087
164.0502	562.443	0.34706845001822506	-1.0398110653479413
294.1211	346.826	0.16772057057873924	1.6480869336422814
105.0796	325.317	0.004919057676084067	-4.502873677902884
126.0312	505.589	0.9035966697919089	0.12733417562702273
126.0311	491.362	0.47200311498522873	-0.8080885127724673
306.0743	302.16	0.0025401318922508597	-6.19379926040281
147.0523	263.88	0.4890653316445739	0.742978660549322
101.0835	347.282	0.052729216250916054	2.419638683469106
193.0411	288.097	0.14546896395378223	-1.6724529414680305
122.0841	453.104	0.1617580023121689	-1.6199689630836132
87.0689	444.317	0.1938625845268452	1.543928380992372
294.2203	685.859	0.9283409270650751	-0.09645454629686212
320.233	728.554	0.041662283054806466	-2.887292576641608
314.2453	592.595	0.2202021984548687	-1.368975834692369
314.2455	615.87	0.6808435027954538	-0.43904776160290443
312.2299	651.162	0.7675023716976214	-0.3096108144923158
312.2309	679.528	0.07923377002793387	-2.139793471760906
330.2403	576.837	0.7199485388189373	0.3846351897831937
330.2385	486.858	0.7169941214995526	0.38258648918600635
330.2392	541.551	0.00976373568268447	-4.120897558084988
330.2395	515.144	0.9042813180591529	-0.1259898037936581
232.1037	215.842	0.1559020301071174	-1.7155256443777032
210.0996	641.204	0.2534944931539869	-1.3815259841603518
175.0474	380.712	0.02893966571099189	-3.0392419544460987
175.0474	318.103	0.02991985135008909	-3.0539206864025124
240.0079	511.934	0.20194623402909656	-1.5802223398957298
240.0127	315.133	0.040511437597573974	-3.227591220789651
240.01	460.035	0.8906804995628023	-0.14402472993830692
240.0104	549.356	0.05735224904881607	-2.9401834092667767
240.0078	483.881	0.2984891201233336	-1.252764075152498
240.007	478.533	0.2858742301499128	-1.2910035906166917
240.0091	296.075	0.48105321860539363	-0.751910756098908
240.0089	442.121	0.16972321764520265	-1.7736426216246306
240.0089	260.997	0.037588100303672725	-2.6598511284960527
240.0102	479.883	0.3382493221065195	-1.1348673734089276
228.1359	533.47	0.035669537479790486	-2.7107201484931784
228.1355	617.076	0.16662407541939334	-1.7348855898381341
212.1416	486.423	0.1819987228459568	1.5254613514756294
212.142	520.992	0.01876533691757039	-3.309310642216586
294.2191	601.555	0.017670578332855867	-4.562492052051093
292.2041	648.045	0.40222905713285273	-0.9022069549260631
172.1101	489.787	0.5770874422005323	-0.6083696116450997
153.0896	584.875	0.07947940185786678	2.448565937298011
183.0639	545.702	0.4724412662088221	0.7781946686109285
302.0789	609.485	0.010585236030429278	-3.796912886332416
199.0583	491.686	0.08072858890223203	2.427568437071571
209.0799	372.385	0.9115689652976369	-0.11621095077763334
158.0691	317.311	0.8022270155544586	-0.26451479471783174
183.0204	151.239	0.03848605918706004	-3.279399130142125
198.0282	563.899	0.66963413182821	-0.4567670223430342
268.081	691.339	0.056430899193326875	-2.983771301839896
146.0689	213.615	0.08801234328873213	-2.0487348142023976
146.0685	199.396	0.10016199155962216	-2.0854524835324355
316.201	646.266	0.19302026665523522	-1.4721916023474868
162.1012	418.344	0.0519604648283731	-2.8856472347655377
189.1495	217.127	0.019798168094201138	3.1676719854925497
363.0557	341.852	0.6854529206770175	0.42809205149666596
161.0471	508.67	0.006303900474725544	-6.85498856492394
166.0835	257.925	0.0013167162138618444	-9.0111836648805
133.036	255.45	0.7838133476520655	-0.2869363317674556
312.23	486.891	0.5979933511394151	0.5620273041245448
312.23	514.255	0.4571455335562101	0.8236806149687443
194.0423	244.928	0.19443846405384219	1.4620470111142747
87.0318	329.396	0.4322003616112944	-0.8648414975322694
87.0313	361.648	0.0008219670968102257	-8.662451617452344
160.0373	351.998	0.8825314598370761	-0.15862952423185983
276.0957	212.914	0.2226850647639897	1.4253513846420716
190.0945	192.565	0.16416182890486647	-1.6120515232990744
190.0949	454.946	0.25560281239138266	-1.3489228762320455
198.0532	323.862	0.013778917771788954	-3.635439340423957
136.0521	506.203	0.058924915226230265	-2.970972513692864
182.0254	368.633	0.05475120309031878	-2.591112432589626
173.068	250.601	0.022410796203547318	-3.9291808930546526
180.063	196.105	0.0051531944735318976	5.0002638908632155
180.0626	439.025	0.15143575036098908	1.6718910501750799
180.0642	261.312	0.08675176687931091	-2.4528418120679527
180.0625	415.829	0.8363330966846962	-0.22496955012244055
180.0625	203.059	0.015285221381451053	4.1890538814852185
180.0635	387.923	0.017848328080136772	4.219044837275995
180.0631	240.423	0.27649377605948866	1.2703859528355275
180.0632	393.219	0.024519455065972768	3.914442166013611
180.0625	401.073	0.021660327134287966	3.960481079574554
113.0467	374.756	0.1978329267499263	1.6296962169556397
144.0409	489.33	0.01321122228991852	-3.980087948324032
172.0848	268.407	0.04422264782745392	-3.087649375993935
216.1362	614.527	0.12221223986561479	-1.9781070659211109
153.0434	215.924	0.7024483736558151	0.4130593379070473
175.0942	286.118	0.24675467790078717	-1.2880276716790207
218.0904	219.618	0.12207197573802521	-2.126898986281742
228.148	395.484	0.7103367065295507	-0.3896921542833164
262.1308	404.278	0.9472099071605926	-0.07116243685882678
172.0852	287.579	0.1703122270749216	1.7111070783173523
193.0732	388.141	0.09008084750096067	2.062042858231867
153.044	591.019	0.2939985269036688	1.228663469377533
160.0837	248.675	0.14159244579512026	1.9268546448857087
204.0737	215.431	0.72539079446916	0.3800106575319804
202.1312	370.059	0.1793640353942445	1.5289554359953164
202.1308	362.034	0.2246435454248829	1.3565228862007532
217.143	450.735	0.9896580650776096	0.013560253870778083
186.1006	292.285	0.005608479660485806	4.218159228807109
188.1169	320.253	0.1658589170834291	1.6611644765390916
246.1008	453.027	0.014000259092153695	-5.127697658067041
260.1125	165.462	0.11061891263681538	-2.122071101202191
219.0847	171.483	0.19647171662393761	-1.4733117583752
233.1002	174.247	0.04055972859238736	-2.97635837157462
295.1179	492.54	0.06217373174199895	-2.361788191731786
231.1231	240.089	0.00509561512802056	4.397276270368817
246.1211	312.324	0.24711008264094084	1.4192840774820241
296.0995	499.412	0.09940614138388756	-1.9707127484301739
232.1046	288.197	0.08833737163758693	2.3847205220480974
217.1046	201.341	0.5543468030055198	-0.6269436165371356
274.1278	167.839	0.04825134356323009	-2.532988533935997
275.111	181.157	0.0019694101357006625	-6.107546907659073
203.09	187.029	0.1302419627922443	-2.051789782789567
274.164	392.703	0.7920696112459968	-0.28571287746390994
247.1159	185.612	0.25666498740003496	-1.2569497172344424
261.0961	177.312	0.0051420179509811285	-5.318970332241176
276.0938	197.211	0.23759340876954135	-1.3693838848579534
204.0733	198.16	0.47727844700415	-0.7611978091560773
260.1365	319.177	0.7862093162325364	-0.2838009445360033
234.0834	189.712	0.06332387426680357	-2.3365441748816234
248.1002	201.978	0.20164450889511645	-1.433732234916976
310.1162	501.645	0.009049170434239173	-3.927479586806753
246.1206	266.024	0.35689079765306936	-0.9984963285398619
354.0659	370.094	0.084775335239205	-2.1669280364208805
212.0914	475.124	0.17007237368672642	-1.5701167018465618
203.1257	442.174	0.14996673122445323	-1.6953982101577683
162.0644	202.655	0.030051649179807467	-3.362069978677138
176.0811	223.376	0.7040373544077925	0.4001810248037387
238.0961	538.672	0.02034740859299999	-3.1942271936862805
226.106	466.927	0.4624925447589552	0.7857121758586143
270.0944	430.035	0.023206694008992078	-3.4246076104634646
284.1126	433.608	0.3539150582761147	-1.0116796757254767
302.139	543.381	0.40979433874750043	-0.9435116132384391
242.1003	429.644	0.8717608748607845	-0.16909259153009315
202.1314	332.552	0.03921791854109063	2.9732259154442366
268.152	538.965	0.8975783219494831	-0.13946927542632576
232.141	307.699	0.14945193282802832	-1.91998499890708
246.1215	295.482	0.5778322630487229	0.613468916170771
244.1778	444.006	0.25859627635942967	1.3230940426745417
218.1258	290.506	0.07365763411018966	2.3115161320724464
294.1571	586.933	0.34177559816169595	-1.0323074064449642
217.1428	445.274	0.9179167696249674	0.10812367356155128
203.1259	432.799	0.46042560924065656	-0.7896435534915482
283.1637	585.798	0.2966663188383345	-1.1448330056752631
259.19	518.061	0.1019174898552829	2.196988528348485
243.1568	478.243	0.40381397949787884	0.9015618126258829
245.1744	489.204	0.06249944808177752	2.2840696095691517
220.0853	307.078	0.003533052459010313	-6.458444394014677
264.1468	427.312	0.11003877684776793	1.8743568298659454
186.1006	309.349	0.0955964364193601	2.320886100804768
271.1638	403.811	0.975114549550602	0.03258812453770913
244.1053	270.541	0.3939046738990258	-0.9237758620861289
252.1231	524.272	0.7264151078552379	0.38383723275557263
246.1052	378.783	0.14269638305351123	-1.7341365054074398
202.0942	258.073	0.013331385146788836	4.371543914296523
216.1107	279.196	0.028281782023945677	3.6752700560113185
214.1311	382.185	0.002871432772085591	4.863573966206313
220.0683	183.059	0.06455221740911404	-2.3210142236771505
234.084	177.444	0.3834050496458154	-0.9440066037036355
242.0999	446.851	0.12116676100046958	-1.804688184914596
218.1268	307.481	0.010459174650495992	3.689011092663281
218.1263	298.493	0.17739253362891624	1.5715288089000468
233.1379	416.337	0.7355599304639875	0.3554407456717622
192.0743	180.946	0.11386602614982501	-1.8572364430042765
206.0898	182.206	0.1468244337019915	-1.849656458083127
233.0996	184.315	0.24334455991060333	-1.3285572964221188
222.0676	197.218	0.33051919170370314	-1.0635892556919337
232.1416	327.921	0.01528611239828504	3.362128324020936
250.0968	298.069	0.21141904195695116	-1.451490265249729
216.1111	258.373	0.029015458045989272	-3.589135823605586
206.0908	196.264	0.10483663237248039	-2.2445462518628605
220.1052	212.29	0.3752244682073305	-0.9671199941040508
282.1201	530.653	0.4884894745559014	-0.7431889206416881
238.0951	521.03	0.032845667640295374	-2.863462456851487
278.1259	560.768	0.02012756613043486	-3.3622048627873236
282.1166	497.337	0.01893682477071611	-4.469211928461846
280.1425	565.636	0.9399291812883951	-0.07965743219364813
188.1165	295.936	0.03611487320574366	3.1488705597372904
232.1052	258.062	0.3314602464899285	-1.0564031813920882
230.1629	418.102	0.19448518775871254	1.501505300337054
216.1468	370.963	0.5777924737515565	0.5883946297847499
294.1207	319.944	0.7453381200701271	0.3413291417616499
151.0303	174.318	0.5599897567627921	-0.6172202351047666
174.1003	317.132	0.6394703682273141	0.5033150093139536
146.0687	245.882	0.1299003933777561	-1.9231900289657446
259.0457	147.8	0.0985432922825914	-2.2762816363532727
211.0358	149.3	0.16393937213765897	-1.813998352670254
139.0398	150.0	0.09538459058515779	2.3536145981635777
199.0246	150.0	0.0012451324377929255	-5.840426338631906
153.0096	152.0	0.36942385110754694	1.0114060461991825
356.0733	153.1	0.001663232546066013	-6.114908417980981
229.0351	154.0	0.08648160923376147	-2.2732710409791124
215.0559	154.7	0.6382741921071784	0.4954320769840303
537.0761	155.1	0.028938417362328182	-3.602038274129245
169.0045	156.0	0.22780653000092815	1.4943005702780665
141.0191	159.3	0.048160339671346454	-2.800422909793222
246.097	161.409	0.11709833092712688	-2.0401797893153417
261.0965	162.187	0.05731592483506108	-2.453671231555443
195.0743	162.7	0.47442013354594675	-0.7699540861465217
179.0794	164.0	0.11639554990335586	2.0215237333347087
261.0307	164.0	0.0843285768429139	-2.162419002067647
431.0131	164.7	0.20313922287551223	1.428261372356739
307.0838	165.4	0.37075783730825956	-0.9833547057387186
347.0631	165.4	0.045427906412861076	-2.8412965401587167
302.1702	166.147	0.5641500530786085	0.6122006819447517
167.0259	166.214	0.11770053736346178	-1.8609822108221867
274.1277	168.0	0.04699211041509001	-2.5634524077400136
238.0605	170.329	0.68937156423159	-0.4245571062196377
204.0734	170.75	0.5921524703413531	0.5868439186860646
283.0917	173.1	0.1747872798035012	-1.7570439531738506
133.0487	173.2	0.09637943021141167	-2.363552661791167
220.0684	174.069	0.04167351743100151	-2.7139833892399463
169.0847	178.323	0.21157257932387252	-1.5626464674403466
290.1226	181.1	0.07725804215518273	-2.448243603204006
335.0631	181.9	0.09092026445807984	-2.17022749019521
162.0643	182.294	0.4391635806318351	0.8583066902321955
173.08	184.4	0.24957847242877504	-1.2808227273518715
174.1117	188.0	0.3625274087258209	-1.0426272816072146
248.0994	188.562	0.008461071669732392	-4.597293873396145
232.1166	189.143	0.07835879405152064	2.434286175925365
190.0586	190.315	0.06684231100234825	2.2752041411395743
190.0954	192.7	0.16714356113437717	-1.5717998317999016
160.0484	194.4	0.10427888272755528	-2.291754533045387
146.0691	194.6	0.05942821776458554	-2.4459972259777176
275.1115	199.652	0.501464369060088	-0.7218590068256426
204.111	199.7	0.3794877031513921	-0.9962607474909486
175.0957	200.7	0.18584963734707358	-1.5077796459540003
636.0963	202.6	0.07588190782867621	-2.4099589735409443
119.0582	209.1	0.0032926522681630036	-7.218084425222073
202.1421	209.444	0.0021507473984287893	-5.1350473343054555
163.0593	209.5	0.05840386972623915	2.93240285006907
267.0968	210.0	0.1008482981594737	-2.1233415730383616
165.046	211.7	0.5430687061736104	-0.6449916087249407
105.0426	211.8	0.08015416910711036	2.1037772450555154
190.0954	212.4	0.059515301240460707	-2.34885017740405
189.0637	216.7	0.9475425643302178	-0.06943714588237589
605.0772	218.1	0.03742632376201102	-2.6816559065659455
218.0903	219.6	0.32748515264859346	-1.0871060990263466
147.0532	220.1	0.17036202263486602	-1.6601530815135193
383.1057	220.384	0.012027216822646488	-5.189129496421932
133.0375	220.6	0.14251815728496842	-1.8509014311490082
289.1274	222.2	0.098938531145545	-1.9974038669863194
230.1258	222.894	0.7542975960200812	-0.33811344703918883
237.0309	223.645	0.41407589755278723	-0.8822941165764917
133.0741	223.773	0.17848684332241965	-1.611781007995475
346.09	230.1	0.034380819619070455	3.1945074311197263
287.1123	231.282	0.006421154697261846	-4.211832938634361
332.1332	233.2	0.0012829546390353247	-5.708983812977521
103.0273	234.256	0.03042905728894568	3.1382882943148243
332.0743	234.6	0.01677586691121552	-4.029511171514302
141.0426	237.7	0.005214330794839473	4.366891029856191
119.0582	237.9	0.005959491846746688	4.2229721109369125
161.0688	238.8	0.018663337312067724	3.4278821137960858
188.1161	238.9	0.13089116279774518	-2.0031211601670464
273.1325	239.1	0.1532359612659538	-1.7450050980892902
114.0429	239.3	0.012165959701884407	-5.1921453821060775
133.0731	239.769	0.3518896860999244	-1.0622734141788805
377.1335	241.7	0.9137798732808475	0.11297692192513918
61.0528	241.9	0.45281951765011175	0.8042785556143386
229.1066	242.776	0.01231741301564652	-3.8142161007348365
174.1004	243.6	0.18815417956795602	-1.5214722842030508
199.0957	244.6	0.47753037875385723	-0.7718781557264133
243.1205	244.978	0.284946222742658	-1.1902462264390679
131.1422	245.6	0.9185993426686945	0.10850387305992096
363.058	247.1	0.500814549564607	0.7288424925857326
160.0848	248.6	0.14245190370303593	1.9150615784156302
385.1274	249.0	0.7763522840073989	0.29969131821704237
384.1169	249.2	0.9285472733250839	-0.09363809529294366
515.1765	249.5	0.465672827161158	-0.8118709515589249
75.032	249.6	0.43223061203388413	0.8422552082754685
433.1362	249.7	0.09567658882738991	-2.2791549301900003
119.0582	250.3	0.017923956870859833	3.340841039920458
188.0797	252.1	0.44220732641350596	0.8569959952518066
204.111	252.6	0.0010089414212080961	6.84937109671642
125.0242	256.8	0.08431049011775082	2.116580337699537
297.0896	257.2	0.8135979335097216	0.2514355899405391
119.0577	257.928	0.01849077973679022	-3.929463885312334
232.1059	258.1	0.26348349403438515	-1.234078438730239
345.0474	258.6	0.16318698035250878	-1.779607790458778
346.09	260.7	0.016659334707359478	4.424896094003936
244.142	261.208	0.28700180446578377	-1.197484033240755
216.111	261.9	0.014248579459904074	-4.005353029581565
434.2311	261.9	0.007576755664746311	-4.062906670187045
231.1212	262.394	0.17497924788466968	-1.5502352910062804
243.0855	264.6	0.9861567946525026	0.018284001557151743
230.09	264.642	0.6747243360251156	-0.46153782409798055
89.0477	266.7	0.014917428729238867	4.437554219440255
578.1636	267.0	0.1557426489677702	1.793652805915923
218.0906	267.667	0.23894386667835804	1.321115824785515
446.0604	268.3	0.5845562493486336	0.5858673391723924
147.0895	268.8	0.13973163363732888	1.9510945111500124
246.0848	269.025	0.26574766848882125	1.3613994352471783
217.9885	269.7	0.8250409639153267	-0.23119843534125317
127.0382	269.9	0.004133991350006083	-4.7407880831643165
174.0641	269.9	0.14297194320682174	-1.8706153021427994
161.0688	270.3	0.6782936744970861	0.4438948140721801
473.1659	270.5	0.006340956986248988	-4.312831194234954
473.1659	270.5	0.006340956986248988	-4.312831194234954
132.0059	272.7	0.015168125808474243	-3.783601334436787
436.1369	275.1	0.3938431485463753	-0.9197670451940418
89.0477	276.5	0.6983226509108171	0.4107295445196894
174.0632	277.508	0.009927670574502633	-5.400152964100849
117.0426	280.5	0.18638489922533272	-1.5136746323583272
145.0739	280.5	0.05756112885983915	2.3653132988988186
149.0471	282.385	0.10056315960670474	2.0113627485994092
73.0528	283.2	0.38719504940530947	-0.9594450428225926
202.0956	283.587	0.36903318536228974	1.0484115223004196
300.0852	284.961	0.024059969222997836	-3.0300340141966533
59.0371	285.9	0.7231301678689148	0.3803866575766628
110.0476	287.177	0.32805300793292247	1.0852814684320033
459.1866	287.2	0.27886607574578276	1.2135638368124115
692.2316	287.2	0.411889786586384	-0.8907272805948855
611.1607	287.4	0.5592330447959591	-0.6392439382917332
202.1311	287.952	0.045379769881830734	2.6059015481227834
193.0375	288.1	0.1183654029331932	-1.8221894967598915
232.1059	288.2	0.07642684736131061	2.4109246124967147
114.0796	289.584	0.8373391859825063	-0.22266229197560752
145.0739	289.7	0.4445954106527849	-0.8659933727994978
176.0321	289.9	0.11130396876480399	1.9007422353988463
232.1407	290.631	0.6176814611239532	0.5318105452031379
147.0532	291.8	0.508982911753548	0.7135656111333208
243.1204	293.71	0.028289817469414346	3.316119891536458
328.0794	294.1	0.028097142744785704	3.761621933388157
190.1066	295.3	9.40719397675116e-05	-10.462640975896822
458.1203	296.3	0.28301401414170163	1.2310629423005446
206.0428	296.909	0.8108218492684096	0.2542131569356961
167.0582	297.2	0.11991044872644836	-1.9145688507941925
188.0797	297.4	0.05860325464980167	-2.8545388798246996
232.1059	297.5	0.1289108315829365	1.9234488882426504
75.0684	297.8	0.9881959714623837	0.015447743631262903
145.0739	298.0	0.16658874244090133	-1.6829457218930963
306.074	302.5	0.0011969010719632095	-7.063873562399149
175.0842	302.598	0.12504452839515778	2.0410939372394927
101.0477	304.0	0.08542921288971068	-2.058657232617444
165.0423	306.019	0.0069132463867359615	-6.531885228811526
151.0494	306.1	0.000205622332303545	8.64518093916161
360.1321	306.2	0.12157626094233419	-2.0148037272885695
330.0951	306.5	0.48420203486260566	0.7713821324735632
127.0625	306.5	0.1177827824324263	-2.0174933696198742
282.0344	307.3	0.013553807819096384	-3.458382800185018
117.079	307.4	0.09726890274661339	2.267429947830583
87.032	309.1	0.0993873328189822	1.986868398193195
223.0481	310.5	0.3976739345192389	-0.9131757053701145
245.1369	311.168	0.05514301218545397	2.8056074784843474
226.0582	313.187	0.021121213436848685	3.135483820869917
103.0633	315.1	0.13274594535675627	-2.0016413557343897
216.1113	315.16	0.006395826025279978	6.651583986683491
230.1259	316.57	0.003467305401171876	6.821133765098444
174.1004	317.1	0.9265667747082929	0.09684436913419146
129.0812	317.542	0.20497076191378627	-1.5804722868596617
129.0426	317.6	0.16848524086241057	-1.775404024182778
101.0472	318.468	0.0018077584533003667	-10.348696447925757
314.0638	320.3	0.4061569079089696	-0.8932776425808672
136.0385	320.5	0.10526833170457736	-2.218317857593851
135.0354	320.5	0.1064772812043218	-2.2065106785130397
342.0951	321.8	0.7323245829697209	-0.3691659992975886
175.0847	321.972	0.059200823008637264	2.959550071370925
176.0909	322.1	0.017576673471837553	-4.4543463072897085
244.1047	322.119	0.024366560949955686	4.141277182236823
326.0979	322.694	0.010580301778250742	-3.797183403457075
259.1525	323.032	0.21032637632224085	1.402563324468966
244.141	323.247	0.013316294303782486	4.733368796199282
254.0725	323.6	0.011285398313265135	-3.731298720332869
293.1384	323.989	0.9672592177570768	0.043725084359629164
87.0684	325.6	0.004327872962997523	-4.548532974195878
174.1004	326.4	0.06642926902238157	2.701233382498364
216.1112	326.487	0.00038355211091801176	15.04100953202344
220.0848	328.7	0.058218494646956005	-2.444339735809098
73.0528	329.1	0.11799185675833385	-2.0389350771225385
616.2241	329.1	0.20888134531727362	-1.5875280095132767
456.1626	329.5	0.10102158292310208	-1.9429596922659138
232.0042	331.3	0.1190439412956505	-1.9186156990878618
236.0797	331.8	0.004717340868216574	-7.3655054460185605
237.0862	331.8	0.004541377384046596	-7.458318138696441
492.1115	332.458	0.30890787770336414	-1.1119592463723884
72.0687	333.6	0.6051935462694408	-0.5528943039587897
175.0841	334.043	0.05151310252346628	3.117563901243773
218.1262	334.201	0.48019667494467577	-0.7582875444051549
115.0633	337.8	0.056966611722069606	-2.9318637477729816
206.0427	340.382	0.11045252027262045	1.9706553804057112
255.9984	340.5	0.38608138587886415	-0.9762464420768855
230.1263	340.572	0.009387023877921254	5.941023979197989
172.0856	341.09	0.4524865591367575	0.8575130395542182
185.0324	341.4	0.7958148620527526	-0.281058962698257
176.095	341.7	0.2674632403980791	-1.224603901693156
439.2392	342.4	0.05837923646044104	-2.3506761698318135
216.1111	343.315	0.004470033427675722	6.638068769002303
181.0375	343.5	0.0002380461496233336	-12.77086932435199
244.1046	345.245	0.9107771849307223	0.1169764062950681
208.0841	346.203	0.010997914684150558	-3.7843608384085865
325.0798	346.4	0.14249015781160876	-1.7372833814208974
325.0798	346.4	0.14249015781160876	-1.7372833814208974
260.1358	346.433	0.031618271006985006	3.413933442986745
426.0879	347.1	0.7721046315632396	0.3064065996495394
125.0955	347.438	0.005734919845498669	4.86545341680299
198.1368	348.5	0.0521780674509093	3.081951339770007
642.1432	350.2	0.010588094950398766	-3.796770968706833
640.1428	350.5	0.18264148602346678	-1.7252448775869809
117.079	353.3	0.6973617962716415	0.41280682937401814
234.0852	353.4	0.21992845637331981	1.50583085052032
149.051	353.8	0.18945309414378803	-1.636318646529836
139.0382	356.6	0.27727675341835367	-1.2924365811956617
103.0633	357.4	0.0026579520985328415	4.934786458198886
73.0535	357.803	0.5678670221457688	0.6145503969516882
112.0273	358.4	0.6719618393080884	-0.44681796757925585
216.1118	358.866	0.013074429626727753	4.929763923118376
214.1311	359.641	0.011056425801326413	3.932315074650318
266.1263	360.662	0.7874556929144572	-0.2839429661354864
131.0582	361.461	0.015336078421819955	4.623882688236983
110.048	361.729	0.40609542800203763	0.8970369245717137
188.1168	363.41	0.3100846454846744	-1.1136029153702534
184.0736	364.1	0.9755626803637618	-0.032109406658917504
230.1269	365.044	0.01006806554652086	4.493639103553551
166.0266	365.7	0.006777427930180931	-4.469773334082317
204.0899	366.1	0.008354977676771949	-6.193669175978139
220.0848	366.2	0.0004549386158483158	-13.397280220371515
355.1547	366.4	0.03646371824666132	-3.2162251537725743
433.1129	366.5	0.052518258542754014	-2.8128626437686735
354.0577	368.8	0.7096361109827337	0.3914264908149376
381.9995	369.5	0.010569982921018507	-3.7986193720989254
248.1161	369.7	0.42631537770711425	-0.8837347316284412
345.0421	369.729	0.09738945198112017	2.1429377124788735
114.0317	371.1	0.11268431004820186	-1.9183497208896971
248.0562	371.7	0.7291193066754593	0.3684854060442322
70.0531	372.9	0.7571678925740778	0.3322049722327208
70.0531	373.1	0.7593229505881267	0.32913045933171775
300.0845	374.6	0.22130272614721203	-1.43754951930913
222.1004	375.1	0.015230519665724824	5.016009567185649
187.1208	375.4	0.3662065449188008	-0.9776037180425283
275.1474	375.473	0.2243419238463943	-1.379901195276613
230.1257	376.257	0.1074769620841859	1.9858789729752915
137.0841	376.8	0.1509931353729651	-1.6869004009661717
260.137	377.009	0.03948664181265787	2.704192014441236
281.0899	378.1	0.9071827210993824	-0.12496343849813095
195.0895	378.8	0.3120540240212552	-1.1913485350186401
117.0787	379.406	0.5371981045997457	0.6589348531958175
128.0473	379.7	0.2475468703325048	1.4019808907040974
259.1208	379.7	0.2644579733663105	1.3116284280043833
163.0667	379.7	0.025549028431601728	-3.5184317092035404
337.1147	379.811	0.1131354917371853	-2.035333027985381
167.0582	380.2	0.0021810472868948223	-5.756434822417605
205.0493	380.653	0.5725431110797529	0.6211701022713181
302.2067	381.699	0.47514899716541903	0.7624311215956145
381.0686	382.9	0.0909523018082367	-2.2394969830570783
300.0845	383.1	0.21032038532706337	-1.484821579882951
126.0317	389.5	0.2630184476292411	-1.2648719200601244
260.0467	391.0	0.409339867648555	0.8904622851700787
311.1718	391.265	0.15383750731798781	-1.8128137174868997
231.1324	392.1	0.0009822925093818807	-5.992664648361933
165.0426	392.8	0.2461303951435176	-1.3867770757241178
297.0449	394.318	0.9803153873325745	-0.02596845871385524
246.1328	395.7	0.34556768933147414	-1.02914393094778
151.0633	397.7	0.0009269346879409536	8.645458253554732
72.0263	398.206	0.03268970047821019	2.7859031362652753
212.1159	398.7	0.0675360924812777	2.6391026835348415
286.0477	399.0	0.01604329453654035	-3.75847102383509
101.0835	400.073	0.02005814284680667	3.368956643966308
142.0258	404.813	0.35213026291531	1.0107266755923823
228.1479	404.907	0.8737686682893453	-0.16596917736528918
326.0988	405.567	0.022818737158578024	3.043062471646293
131.0946	407.0	0.2284191660855115	-1.403236674038122
153.079	408.5	0.7924934539981392	-0.27970739178584464
522.1373	414.6	0.6223304810934114	0.5302509393060734
519.1133	414.8	0.049969093830284014	-2.7139089644619343
480.0904	415.9	0.31541357374185053	-1.1100578124505165
126.0317	416.0	0.14349935166257813	-1.7025652952964625
340.0794	416.6	0.14993020734192883	-1.784251453441246
261.1327	417.541	0.6250679203172684	-0.5193727741856795
101.084	417.963	0.7000861518588962	-0.418993470233246
240.0238	418.5	0.18774030399170064	1.6577915182285727
243.0855	418.7	0.8798161640443378	-0.16013763661213035
275.1469	420.028	0.9152779119620473	0.11418183422291416
281.1124	420.6	0.018547933438258214	-4.5644214277632225
386.029	421.5	0.3799143045269991	-0.9569281910048463
228.1473	423.032	0.3738251479375588	0.9609750920256411
179.0946	423.1	0.0888642246177764	-2.3699943100553713
286.0477	423.9	0.007319264197998483	-4.339464018554966
286.0477	424.0	0.009280250252576614	-4.418658671177278
283.1281	424.3	0.1835621464385869	-1.555279187775026
142.063	424.7	0.07257036462634187	-2.1750322289609034
234.1368	426.1	0.031422585424576994	3.8218468159417225
149.0477	427.7	0.24148004326468295	1.3559177622850458
179.0946	428.6	0.23114176291215033	-1.3714121917952553
135.07	428.952	0.8307330255343415	-0.2258663384815106
126.0317	429.0	0.45207538667384034	-0.8309035021073036
127.0627	429.589	0.018498789430114838	4.108169275384422
168.0423	429.8	0.012112816446858327	-3.5581216022624744
168.0424	429.865	0.012970231373735321	-3.4912747522827283
304.1383	434.3	0.050805750506274096	-2.8952508335122937
117.0794	434.474	0.5945762975412315	0.5685295488324823
237.0862	434.6	0.0035741034181473326	-7.986301320834202
114.0308	434.715	1.0	0.0
146.1055	435.6	0.19753795319116804	-1.6079541686571062
638.1119	436.8	0.017047737138716254	-4.707690340951602
143.0924	438.718	0.16801715085531588	1.6063190677972121
138.0317	440.3	0.7113571320454412	-0.38807349709925704
149.0477	440.3	0.5270147225385113	0.6744934605439724
180.0786	441.1	0.8415001827760321	-0.21414489198824738
320.0896	442.6	0.03995987627553605	2.642355852890553
162.0351	443.0	0.02147939412364572	3.1032174321709207
117.0795	443.646	0.6472104078875047	0.48464490039206937
217.1426	445.3	0.9233695788987064	-0.10038430246017715
121.0528	446.8	0.10489305845038711	-1.9635075357846197
181.0739	447.2	0.004612884128173441	5.147702120034908
228.1478	449.338	1.0114460886972917e-05	19.759861743432147
130.1218	449.4	0.038988326054822574	-3.449786991361825
208.0736	449.6	0.8640753877152292	0.17879885674678844
276.1586	450.3	0.002012870494303993	-5.349182117848237
182.0579	450.6	0.3245444097223527	-1.1737161997664483
217.1426	450.7	0.5110894200853145	0.7218118621873256
245.1385	451.9	0.9285581078762773	-0.09434667422943427
73.0888	452.519	0.037998720751559655	-2.6593268730907016
210.0528	452.6	0.08589061923378838	-2.2768533261517154
346.1165	454.5	0.3215887821242309	1.1171071737153737
320.0896	454.9	0.0182660399415814	3.325144492219602
132.0899	455.6	0.030359720967960153	-3.0213086967787994
321.15	458.254	0.001957156712783165	-8.247533378551276
167.0582	458.4	0.9323804241366644	-0.08854718064884816
33.0215	458.9	0.4135122974212514	-0.8788374302171109
152.0473	459.0	0.024387303788298818	-3.2970491292053032
182.0579	459.1	0.10666857801198251	-2.260313710596722
129.0541	459.586	0.6812971656829157	-0.4472324758938101
351.1703	459.6	0.07214734571485816	-2.6823598752773394
260.0321	459.8	0.2885641336910922	-1.2146673098902705
135.0677	460.236	0.09236537069939804	-2.017389382236188
161.0477	461.3	0.0001027563141364259	-21.895640894400493
165.0426	462.0	0.09523926505284495	-2.3616273391113367
370.0339	462.508	0.17586663557557555	1.5687553209084197
322.0689	462.9	0.13879692743553182	-1.7977419133858124
154.0266	464.3	0.012269661202119683	-4.839771435265581
320.0532	464.9	0.11779139757582258	-1.835805605182704
256.1099	466.1	0.08635704210668989	-2.0490690472094126
152.0473	466.8	0.7668881180232743	-0.32181789042117687
153.0538	466.8	0.7125439505871942	-0.399740489600291
144.1369	466.857	0.7947261728737384	0.2763819095477384
203.1255	467.146	0.10547512887617648	-1.9460578185593387
189.0424	468.206	0.007994527104352825	-6.323481479226871
114.0314	468.229	0.5919528317949732	-0.565943666432531
243.121	469.29	0.6512069592925465	-0.49305412278776367
222.1004	470.7	0.4188810947315393	0.9249982666843696
244.0695	472.6	0.17358203267234304	1.7009093305611769
168.0423	475.2	0.0048521013643873295	-5.5475749319127905
375.1682	475.2	0.01014771611384933	5.186469638182801
346.1165	476.0	1.5458457865741065e-07	27.451862139242074
146.0844	476.8	0.9074734763368915	0.12376388377673833
268.0997	476.959	0.006120839101618875	-4.981908001502882
267.0968	477.2	0.004595937305013236	-5.269693701156879
253.0811	477.2	0.21503952903562296	-1.3861105177829314
252.0746	477.4	0.0018335848927898135	-6.896595467020011
328.1543	478.0	0.15219258024123333	-1.870625779712609
180.0899	478.3	0.9921446280154211	-0.01049128901794894
270.0528	479.5	0.3133692047508464	-1.1091337286187006
207.0893	479.701	0.010538926421883385	3.79222539137804
138.0317	480.0	0.04900978769268133	-2.9240861888878
141.0902	480.5	0.006978213971941612	6.110914530172823
175.0633	482.3	0.10139020628331077	-1.9658623500861694
506.1002	482.9	0.02652815880979159	-2.96478402969912
189.0425	483.125	0.36357435116059067	-1.0535784286634093
218.1267	485.3	0.0022203484518516893	-7.379140868601276
187.1685	486.4	0.11627502053689205	-2.1778943983836423
501.1972	487.7	0.17761004433050256	1.5952151967561476
251.1018	488.6	0.009362209991917371	3.7813749639839753
111.032	488.9	0.06437369355666218	2.5750298221223384
133.0528	490.0	0.006171500595993353	4.473257663009776
170.0579	490.6	0.6831914068078038	0.44513078119885174
232.1212	491.3	0.4074105959823214	0.8912519556266035
434.0767	494.23	0.2879729384393987	1.1657608520967344
194.0579	494.3	0.08601158443167929	2.059997077745293
168.0423	495.2	0.16657645383092187	-1.6900850889024264
564.1115	495.6	0.07584097417700135	2.150546459500121
178.063	496.4	0.03634721819726295	-3.022489080378924
164.0473	497.6	0.15287577787548792	1.6368411445422597
277.1161	498.193	0.17341097077339024	1.549941058971404
148.0524	499.6	0.04519363608121255	-2.5951722409873477
175.0633	500.9	0.02069208288616356	-4.481356817607061
356.1233	502.1	0.1518028158573953	-1.7881127799493646
550.0959	504.1	0.005587551028362013	-4.644459829757644
60.0688	504.438	0.3101218703314514	1.1764915617251028
188.1525	507.3	0.037349246039793435	-3.468627029487239
161.0477	508.7	0.005369327010473875	-7.247018567942955
195.0756	509.1	0.01979487471318237	-3.1520645263126865
109.0528	510.9	0.00010764513039096505	-10.080317194635148
74.0848	510.922	0.003891925510929655	-6.296315204350692
182.0579	514.928	0.31191227202193916	-1.1417662582331312
336.0845	516.3	0.002540789994221549	5.33837634352594
99.105	516.567	0.0457216170073145	-2.514300470120937
336.0861	516.692	0.004339542291957322	4.773611984115735
281.1124	516.9	0.018611056040237314	-3.8578206335810563
272.1049	518.5	0.6823640328949618	0.45032224106584473
288.0634	519.9	0.6684821915713275	0.45739622532349405
288.0634	520.4	0.6179068895802304	0.5426608805538695
175.0243	521.1	0.004077368674029324	-6.177247221338396
434.1213	521.3	0.17281110935605423	-1.5480820200320988
434.1213	521.3	0.17281110935605423	-1.5480820200320988
239.1018	521.6	0.012870798599399469	-3.573093850429946
183.0354	521.7	0.1768197403645207	-1.5919532100415066
135.069	522.477	0.007221019971070596	-6.457520965772809
222.0892	526.9	0.19602964121475078	-1.5788539659937262
246.1011	527.335	0.48047224039498715	-0.7808429056803389
176.095	528.9	0.45911406748229655	-0.8115106029881318
325.0979	530.122	0.9111537001053558	0.11851057111676258
186.0681	531.0	0.029148889022878148	-3.2179166345039962
138.0681	531.3	0.0019600743118582922	-5.23316843405297
180.0886	531.634	0.04682675985812643	-3.1875658250738987
180.0899	531.7	0.1054759436971672	-2.2853190338551364
252.1105	532.021	0.28108056329850506	1.2611810662049205
318.0376	532.6	0.05453620454318585	2.7021678877259143
192.0786	532.6	0.014596800955780401	3.4064485153332327
580.1792	533.4	0.031215839047589313	-2.930226326969575
128.0473	533.6	0.2598213379112603	-1.3118682971416058
239.1018	533.8	0.18522586243952657	-1.6808079251328893
504.0969	534.633	0.05769262531563553	-2.751689403182921
133.0528	534.7	0.000686639622996112	-12.489313976268411
210.0528	534.7	0.7152161472180815	0.38732240505283844
152.0473	536.7	0.008626500866511795	-3.902716916917069
360.0845	536.7	0.7745045127844068	0.30301249292367305
346.0689	537.1	0.9573039952172013	0.056764050851476636
184.0372	537.8	0.9960837366280997	-0.005193530351785381
239.1018	539.9	0.03325928724718815	-2.765971858309524
196.0736	540.1	0.7372962744190135	-0.35758821155753545
134.0732	540.5	0.7499600473486113	-0.3469653189344606
208.0848	543.2	4.033374943669684e-06	-18.650365911364194
135.067	544.288	0.25221167340445283	-1.2741437446549584
154.063	546.6	0.027123405732689048	-3.962107550788792
274.0841	547.6	0.1549427794379941	-1.680902037021776
164.0837	551.3	0.42392640740243187	-0.8749674886564403
224.1036	551.355	0.37498695720327296	-0.9900671808100803
124.0524	551.4	0.2584987381700841	-1.3328392017736992
274.0841	551.6	0.05980532392827949	-2.9409902568721646
140.0473	553.9	0.7792378421437322	-0.2989866222423101
180.0423	554.5	0.00032693296727115314	7.700744219811938
186.0681	555.1	0.6798637818200954	-0.43378348439276443
268.0736	555.6	0.3292904971258569	1.141029268774972
138.0681	558.0	0.16739768750927653	-1.6417424973840917
138.0681	558.0	0.16739768750927653	-1.6417424973840917
352.1787	560.3	0.028255272850709723	-2.9044766290830437
181.0739	561.9	0.017681221985077027	-4.288848741660903
111.0433	563.8	0.03660117313291932	2.8384611595712665
434.1213	566.4	0.7791944510029436	-0.2938764325671904
328.0947	568.0	0.1408661183627888	-1.952929958099166
94.0419	569.0	0.014783531653848691	-3.451728900362433
182.0579	569.1	0.13760684072937027	-1.9239231948177662
332.0532	570.5	0.17143787116201575	1.71159616009815
418.1264	572.4	0.013879967181466106	-3.6930036728978513
128.0473	574.7	9.2194846337648e-06	17.95851147497067
208.0372	575.3	0.837478373010407	0.21751011238314355
418.1264	578.2	0.5751025145609262	-0.5925881581420902
154.0266	580.6	0.002439009719203667	-5.043658898370491
390.129	584.336	0.07909734602533093	-2.5117016820109734
151.0633	587.1	0.1618768666478146	-1.844079267015142
110.0467	590.127	0.3681126934263289	-1.0387035944671343
152.0837	591.287	0.6720900161728153	0.46301762223304416
153.0426	591.5	0.29311659018970315	1.2334746167406403
152.0473	591.6	0.3044740781409052	1.1965415036299805
322.1681	592.4	0.040403215566250886	-2.6115364763414592
110.0476	601.167	0.1305058402841866	-1.8497838878677932
166.099	602.479	0.2671439097599917	-1.2606020570206724
154.0266	605.1	0.4187134196245328	-0.8744071500864328
180.115	606.1	0.06909117703725183	2.7515509026000524
234.0528	607.8	0.036790904053953716	-2.721389497449006
221.0913	608.2	0.10285594824125381	-2.262908593664377
278.1271	609.534	0.8277488462672673	-0.2299029779479865
223.083	609.882	0.722231401449895	-0.38684123165012324
222.1004	610.0	0.14833141439807013	-1.7442229251457464
336.0768	615.898	0.1092081072905668	-1.8999215576255843
164.0837	619.3	0.14338984996174897	-1.7407350977685099
180.0423	620.5	0.008565073658740962	-4.121648326055368
152.0837	620.7	0.010592813469099866	-3.797030478588746
278.1258	623.391	0.07917910516160864	-2.297991150903513
237.1003	625.505	0.8709736343753418	-0.17393372689854564
288.0634	629.4	0.6270453155916571	0.5270854507806536
290.079	635.8	0.5635678197076833	0.6348956103272144
170.0732	638.8	0.44859422420792955	-0.8285029667029364
204.0423	639.9	0.0027819098614188555	-5.306092450299709
178.0266	642.2	0.045263716039713346	-3.1213911755731996
145.1579	644.5	0.08617796858089037	-2.3284480070045994
308.1049	645.2	0.5687650722076334	-0.6206107472077861
330.074	655.3	0.010561573293439411	-3.7995926944348177
328.0573	655.338	0.36793662703935204	1.056389114204906
244.0736	657.0	0.7456126013130064	0.34366531498632014
179.0931	670.298	0.08684847981619054	-2.1673647324121252
272.0685	679.0	0.7285982933348265	-0.3647049178149509
272.0685	679.4	0.45449964081102623	0.8467967425045575
140.0473	684.5	0.010599351581905544	-3.7953949941323764
150.1045	686.7	0.0009079638707041136	-6.107732434590965
234.162	686.7	0.1313702301572717	-1.8504735193013315
110.0368	692.8	0.18660738548145622	-1.5756471331000732
270.0892	698.8	0.8940802610984373	0.14131277507567708
136.0524	699.0	0.31532807138315166	-1.1045483960423903
168.0283	709.5	0.010588878795163233	-3.7967729542496094
73.0164	212.6	0.6905791005881257	-0.42309464495843113
117.0426	212.6	0.5038868218528518	0.7233870019597693
117.079	212.6	0.9805244217064335	-0.025448936080071892
133.0739	212.6	0.7859458804589463	-0.2848647236892241
234.0852	212.6	0.4722589915471105	0.784206421508384
505.0846	212.7	0.12455537136304837	-1.8872852311716761
183.0532	212.8	0.3362579577216774	1.0569115759089798
155.0219	212.9	0.01816419654026667	3.380170193919067
190.059	212.9	0.9966033149966852	-0.004482172767527389
191.0794	212.9	0.28761990580014224	-1.1871887361415703
188.0797	213.2	0.31173864459553335	1.106059995551689
188.0797	213.3	0.23250764852650502	1.3397811743457035
268.1017	214.495	0.13456887663029646	-1.7294328392734362
129.0781	214.654	0.05231860029142838	2.9480972984606613
129.0426	214.7	0.5542074681267014	-0.6379784460061914
195.0532	214.7	0.36488638432337434	1.0280500045641727
230.0903	215.1	0.1469747515389997	-1.8957306582864297
74.0004	215.4	0.23626269784522172	1.4394887569750252
153.0426	216.2	0.3910863769959181	0.957909195889526
161.0691	216.657	0.916163721167515	0.11034054894047586
188.0797	217.8	0.26764868191827823	-1.221846438271878
156.0535	217.9	0.18735462198706154	1.491008554244629
106.0266	218.0	0.6152857842231134	-0.5345428731245975
235.0481	218.9	0.05836341477777699	-2.3532134052404445
183.0532	219.3	0.7709042767384195	-0.3054736048288285
61.0164	220.0	0.43099850758037994	-0.848023933020109
239.0794	220.3	0.030255134847247057	3.5462212104515585
89.0113	221.9	0.27628267609966933	-1.2172036223004132
190.0477	222.1	0.01641538244538099	-3.9220546101903797
172.0372	222.2	0.16645575176749974	-1.6765132301365413
123.032	222.5	0.1095987252861656	-2.1912793425874137
104.011	223.9	0.026454487627045904	-3.1159121671099417
187.0481	226.5	0.06019904308337921	-2.3707348013118437
147.0531	226.682	0.07138070861641922	2.3797746232294195
174.0641	226.9	0.03981985328376282	-2.8732541874354087
195.0532	228.4	0.34544559458447105	-1.0268085199785584
156.0423	229.1	0.4287306275144216	-0.8788629445644247
253.0223	229.3	0.11424654394303713	-1.8506056077450799
175.0593	229.3	0.15207445268676728	-1.8228886861211215
188.1161	229.5	0.08380594326935771	-2.146773404924347
203.0794	229.6	0.017609350938987505	4.700900924919437
158.0691	230.0	0.16761359744726995	-1.5741011993539358
197.0688	230.0	0.4158477882160823	-0.8859304281788918
219.0883	230.79	0.01807488644675789	-3.460169225664749
306.144	230.8	0.10314297903094075	-1.926588743867253
159.0532	230.9	0.26843272361310316	1.301843887234211
187.0475	231.161	0.1095936397135392	-1.8814727648046625
174.0164	231.3	0.045031647258457666	-2.7739665485757468
219.0743	231.3	0.49023121974677775	-0.7380957621820574
117.0426	231.5	0.10156314614165615	2.2872922056477902
127.0633	231.5	0.10381419727123184	2.3013239025204353
174.0164	231.7	0.0339420599782967	-2.750866400068333
322.1199	232.7	0.028462338647484594	-2.894553779510065
212.0321	232.9	0.020410994481259867	-3.249535771204889
483.1502	233.1	0.032500059657803546	-3.004589163371623
181.0739	233.2	0.9709251511447243	-0.03813505730446368
149.0688	233.3	0.3622955215697947	-0.9957059942200205
202.059	233.6	0.10928875677942455	-2.170158495333498
166.0477	234.2	0.9200445683429446	0.10469305362388599
145.0375	234.6	0.48930241013406284	0.7707909541335461
88.016	235.5	0.04322699606399587	-2.5661484919796744
151.0628	235.627	0.1391960457135744	-1.999054518054384
134.0215	235.7	0.008425200795911258	-3.8687014395956267
191.098	236.9	0.057880944448404435	2.6579602149016863
76.016	237.3	0.09676611861514622	1.995682994841628
223.061	239.7	0.04682379119681837	-2.6759335307147296
146.0215	240.8	0.198854344238129	-1.5244831338411322
90.0317	243.0	0.3094011811247106	-1.1175896848458775
130.0266	243.6	0.13723504413913698	-2.0082085010533777
206.0427	244.6	0.3468105290297559	-1.0806643997079
189.0637	244.7	0.5620880464225302	-0.6294357936633065
147.0532	245.08	0.02852628275323353	3.9537636974031916
147.0532	245.3	0.015161512735089425	4.865032200901533
157.0375	245.3	0.23048158872159105	1.4972443567563056
192.027	245.9	0.5941216289040793	-0.5636909936906063
129.0426	246.0	0.798159802323446	-0.26735210814040344
159.0895	247.8	0.538154317784229	0.6596969914288412
183.0532	248.3	0.6532811396851639	-0.4841785399717073
217.0586	249.7	0.02487507611728722	-3.2993509373094865
173.0688	251.1	0.9652707261702839	-0.04707096815588916
139.0269	251.5	0.3908223299301816	1.0002890971633713
90.0317	252.6	0.10745355664481432	-1.9974330308132615
113.0477	252.7	0.6060390856506441	-0.5733969291595269
163.0845	254.7	0.4363416768617028	0.88932349890665
268.1059	256.1	0.10890107386433168	-1.8822003560675598
258.0852	256.3	0.2994700883921457	-1.1404099093175493
198.0528	256.7	1.6587232379274117e-05	-12.428248098877011
143.0219	256.8	0.05878870400872979	-2.3565478171900724
145.0375	257.0	0.1527568878340393	-1.6983493139564907
189.0637	257.9	0.378431043618906	0.9741593752759624
172.0484	258.3	0.19177351886045088	1.5447643270412204
192.027	258.9	0.9407476092227306	-0.08000938650094222
216.0746	258.9	0.1022321762673152	-2.160269224538947
300.0845	259.1	0.2989746597994702	-1.1564657790981512
248.0797	259.4	0.6466262068037105	-0.4837016634757879
344.0743	259.9	0.03984064532692911	-2.8718905430577206
195.0532	260.3	0.8947088001856786	0.13948864380686982
212.0321	260.9	0.029517637765380824	-3.2813623104438387
160.0372	261.5	0.3715059404077721	-1.0234315738119149
146.0691	261.6	0.08769353771591708	-2.3378067074503788
134.0328	261.7	0.2610618675542102	-1.2975677625560762
132.0423	261.8	0.7036507684225435	0.40388373559510077
171.0895	262.5	0.2185342031519202	-1.5223314290749166
131.0582	263.2	0.26369149495075583	1.237552987653104
104.011	263.5	0.5392085760228591	-0.6517302609930304
131.0219	263.9	0.013288136748935706	3.486900198359055
143.0575	266.138	0.07785971957909905	-2.5051130962088077
134.0579	266.6	0.010344550479804189	-4.584065147700147
199.0845	266.8	0.6085335205339375	0.5433880485937518
103.0261	267.305	0.641074464093471	0.5084951038887293
226.0477	267.7	0.5695116571459836	0.6023500697954067
180.0423	268.2	0.10474663631914292	-2.0308917082914806
170.0215	268.5	0.0006469788360214683	-6.681742710173619
104.0473	270.9	4.963483706320195e-05	-10.275431492043893
206.0427	271.2	0.7150751326951945	0.3923305335180926
104.0222	272.2	0.10453132101329413	-2.2435770480798283
270.0729	272.8	0.16941913734052033	-1.6721208762206812
147.0895	272.8	0.2582263769751752	-1.3416651982717092
171.0532	272.9	0.7694576645531582	-0.31101338036360116
162.0528	273.5	0.902866119789292	-0.13173807575541954
206.0427	275.6	0.13732205739309472	-1.7737582945246393
201.1001	275.7	0.5264738826261708	-0.6931725659893742
159.0524	276.752	0.043091690005675046	2.6356210616154874
132.0059	276.9	0.4200318827948084	-0.8669973199935541
378.1274	277.0	0.2366040510916399	-1.4407756528892668
187.0845	277.1	0.0889699520781341	-2.4522097854030376
143.0575	278.111	0.0800695163486153	-2.524586632717346
198.0528	278.5	0.32508693231896696	-1.076758398502471
130.0266	279.1	0.13622137711502463	-1.814143257717618
131.0582	280.8	0.06281431339614296	2.7556592165257414
148.0372	281.2	0.020033092296553586	-3.1570638642455924
88.0156	282.434	0.2968122430264949	1.1441410222714126
87.032	282.9	0.4771298763183902	-0.7625253580605971
104.0473	284.2	0.00993222800315263	-4.000085736638492
102.0317	284.9	0.8649470516059933	0.17782584882636543
268.0551	285.9	0.05470964677204963	-2.6334592132262578
292.1019	286.0	0.9983439985029106	0.0022186633458077952
130.0266	286.6	5.5711328427353804e-05	-10.246604483597098
143.0575	287.697	0.6018137918995392	-0.5809599579912106
146.0579	288.3	0.7884140282768672	-0.29132462845447976
165.0457	291.545	0.30354184182000843	-1.1559213831610615
294.0852	291.6	0.8087900388519813	-0.2578667678826998
104.0473	293.9	0.103190055826057	-2.1766596521962094
234.0852	294.5	0.45190282058470826	0.8099344745197767
173.0688	296.8	0.24744891642046798	1.3824007100427156
778.3466	298.7	0.15253156335920406	-1.9014729594623707
119.0582	302.0	0.38248450978178855	-0.9440116409025255
87.032	303.0	0.1263794083947114	-1.8076864392279537
60.0211	306.2	0.6923352240120486	-0.415916592681435
147.0532	309.1	0.09000086508154058	-2.128164009688342
88.016	310.0	0.9064343615098762	-0.12259190381385474
130.0266	316.5	0.2545014380786417	-1.271146472200944
118.063	317.3	0.6746258532604088	-0.4579016823424013
123.032	319.1	0.7905092648754579	-0.2887272665423037
116.0473	319.8	0.026735122328487636	-3.40397100827217
130.0266	319.9	0.9623124359535467	0.04970310421858806
146.0579	323.3	0.0362505975373051	-2.8459613227151634
244.1055	323.344	0.03099378847296501	-2.8044652143652087
229.0586	323.9	0.6667382014051114	-0.4717998252216209
163.0481	327.8	0.20846872226429158	1.5115245775758437
129.0426	329.5	0.1942470492253703	-1.4666163018318124
84.0211	332.5	0.8672259652629216	-0.17765104383174812
145.0739	333.258	0.0038179708551505658	5.9628020507480475
223.0481	333.6	0.19895850869164716	1.5516874868954083
138.0429	333.7	0.2265683992566771	1.3655358759087366
249.0601	334.706	0.02234631792707127	-3.812792340868155
229.0586	335.1	0.7873542584265848	0.2900703573645623
175.0481	340.2	0.0396179445956109	-2.880860016670683
625.3033	340.6	0.9345215383745655	-0.08634505718348229
177.0637	340.8	0.03972958948861469	-2.868575121489314
145.1103	340.9	0.7519770051306631	-0.33140344651370407
588.2948	345.3	6.774586602038779e-05	13.392180290253718
73.5253	346.853	0.15239854802239505	-1.8163231226433216
153.0426	347.1	0.14456313682836583	1.7908049549627172
132.0423	347.8	0.09634793952275085	-2.138783525438463
132.0418	347.951	0.25828734644461804	-1.3844188993734887
179.0582	351.8	0.4011994191878356	0.949451777883002
160.0736	352.4	0.0005927734545678468	-7.686121161357706
180.0423	353.8	0.10001816695336618	-2.1967601356889457
148.0008	354.4	0.014170234538977524	-3.436649423554968
102.0317	354.5	0.21916229469309711	1.5489013096314455
131.0219	357.2	0.0073332664058413195	-6.351387311263622
564.2279	358.0	0.5322802100331938	-0.6999789506659295
72.0211	360.2	0.2531425301719243	-1.2757791118883497
176.0321	361.8	0.7422964869180371	-0.35899665685919907
237.0637	361.8	0.8861950255788085	-0.15145100278881485
74.0368	362.4	0.1415331835697441	-1.694390866703549
261.1209	370.239	0.6306560889709272	-0.5313315468808427
153.0426	370.6	0.3003610047651019	1.2477453415161253
172.0733	370.864	0.28015616297830664	-1.312594833155061
252.0602	373.9	0.40311832535050296	-0.9607070737343543
191.0419	376.387	0.6519167297198676	-0.4750198108332075
153.0426	376.6	0.3378242471384445	1.1358431520876486
132.0059	377.7	0.6717538825033478	0.4607394721694006
496.2607	377.8	0.41909996304886143	-0.87192805040291
138.0317	379.7	0.4728798728449173	-0.7660728097819455
278.075	379.7	0.07131394868550046	-2.2388063942499645
226.0954	381.2	0.8337501162093419	-0.22032197819108204
368.2199	383.0	0.01137808499629722	-3.622482290379273
161.0343	383.251	0.39929567038563046	0.9553298670487155
137.0469	383.392	0.23794851438407147	-1.328764259010825
161.0324	383.4	0.4176982732038007	0.8976696688026076
166.0266	390.9	0.13847050272485562	1.9991231046560234
86.0368	391.1	0.6861806606669565	-0.4272005275805803
205.0572	397.684	0.2636909994504391	-1.3163880581900522
161.0336	398.715	0.27178674395097235	1.32317841290441
134.0215	400.5	0.08219746406982692	-2.1037297295607327
166.0266	401.0	0.09676124462989227	-1.9881990780222587
151.0633	405.9	0.3958807487866288	-0.9827014224375701
164.0473	407.0	0.020439661717607863	3.126030851872917
187.0481	407.9	0.383089664110527	-0.9488991337274124
187.0464	411.959	0.17063365212242101	-1.5570812013362931
584.2635	416.3	0.1098586876462589	-2.068505166311964
88.0524	418.3	0.1710373916767415	-1.5592905812804632
176.0321	422.6	0.04359161023148141	-2.615872003443632
146.069	440.554	0.08954339175736777	-2.3485002937272785
116.0473	440.7	0.32673725735345766	1.073818174659942
165.0431	442.268	8.341921699804813e-05	-9.656926131628
162.0528	442.3	0.17152976067122924	-1.7158242009683211
206.0427	442.8	0.11132868102485188	-2.042554610619039
279.0742	444.605	0.09610983852802425	-2.394916830050382
155.0695	444.8	0.8574972739938963	0.19446082284120142
118.0266	454.2	0.5062512151300687	-0.7518260935406126
264.1031	458.1	0.08674448913577876	2.048482478839028
122.0368	464.2	0.0732007664741026	-2.2605405012665343
150.0681	473.6	0.8301645905064643	-0.22700486552538188
209.0244	476.4	0.425485778059089	-0.8576223829200084
114.0681	480.7	0.08835679406753687	-2.1864482040532294
130.063	482.5	0.6394122361558681	0.5077755233882874
144.0423	483.6	0.02806127599671994	-3.147790123334714
138.0317	484.0	0.13273753068177782	2.0162672426049713
116.011	484.9	0.010768776042140481	-3.7272742807251595
144.0423	489.2	0.01985675298371754	-3.817156029737436
114.0681	489.9	0.04071664990994144	-2.703561938683121
328.225	490.9	0.002688046864603947	-5.347773097191631
251.078	490.933	0.14065432651512275	1.8944071073434618
136.0524	499.3	0.19838596279849335	-1.545625296151165
481.2312	499.3	0.6081891983752297	-0.5517831017858439
186.1256	507.9	0.31980468001588863	-1.0913767854564236
186.1256	510.0	0.6628682760256759	0.470219341437473
222.0528	511.4	0.03977982637438061	-2.8734793617140233
210.1256	512.5	0.08198719805825547	-2.5373938916924934
160.0736	512.6	0.039744736121248805	-2.8743433858043543
172.0735	523.556	0.19957396955006715	-1.4966143904010203
332.1624	531.0	0.5762472102216509	-0.6167353018947852
362.1729	531.9	0.13832844214433968	-1.728313082096411
323.2098	531.987	0.0010709539502786723	-6.1759220198910665
200.0321	532.8	0.10284639045679651	-1.9356223818448168
336.2301	533.8	1.1684845812626996e-05	-32.27519268919913
226.0477	533.9	0.09800004318864355	-2.1944177686641133
264.1362	535.2	0.1007702480208467	-2.1171476600520416
163.0633	537.9	0.10998478429593406	-2.2147975827238757
216.1725	538.8	0.008456359011610912	-3.8862419087458986
174.0892	539.2	0.49070143635019736	0.7361811347367213
144.0423	549.8	0.4389782011492789	-0.8393883844515093
212.1412	553.1	0.8032060303887002	0.26268576350722544
165.079	569.8	0.619237929394644	-0.5413488119728127
137.0477	577.0	0.6368320254150859	0.5059943336185
334.2144	580.5	0.29664282867635117	-1.1486267252461604
258.1831	580.6	0.445753940521737	0.8585288440250733
490.2203	582.5	0.0691387995958473	-2.5563325429768518
166.0994	582.9	0.024901135687987068	-3.1163071364451387
332.1624	583.1	0.09965683199202968	-2.187695413852076
294.2195	589.7	0.011726975924130627	-3.993399033085782
144.115	590.6	0.5414765249532807	-0.6494518960481037
367.2181	590.7	0.0951744206845935	-2.1746974129577357
334.2144	590.9	0.05491494407061438	-2.7751205338662266
178.0985	593.897	0.08587120426258169	-2.181191682166849
330.1467	594.9	0.006987721505256857	4.024611467820596
294.2195	602.5	0.02206992827879671	-4.288914244925056
334.2144	603.0	0.17229036310776938	-1.555300694850567
313.2611	603.399	0.44634144842741064	-0.8167358796952119
312.2301	604.0	0.10376657031848634	2.163528288397265
144.115	605.1	0.08375997351501555	-2.0769696726653177
316.1675	605.1	0.13890662003746806	-1.927581347573193
336.2301	607.5	0.4665435788400667	-0.7972800223729039
218.0977	608.3	0.007976979753577761	-3.9390515851743713
332.1988	610.4	0.0902270767991355	-2.025126592741595
310.2144	610.5	0.10236487230041032	-1.9313905736076407
296.2351	611.1	0.13368869678148954	-1.9339714842455913
336.2301	616.0	0.5449450321051827	-0.6445248144347622
296.2351	617.3	0.06700009490925228	-2.650540244450768
250.1569	626.4	0.06192988562311382	-2.553501462305141
310.2144	627.5	0.6956587694943388	-0.41707878732904413
312.2301	634.1	0.006405318798012304	-4.201603139632689
334.2144	634.2	0.9692275690285278	-0.041631435481397465
292.2038	638.5	0.6039463064550055	0.5479049080215052
312.2301	641.3	0.22517051455508819	1.421312102878514
338.2457	645.6	0.6737207922056192	-0.44289039665599356
316.2614	647.9	0.5872139729829136	0.573684417309215
172.1463	655.0	0.10855422230256488	-2.186038234940805
292.2038	660.4	0.48129530355389016	0.7977240352174662
272.2351	663.8	0.02040492239054075	-3.306907618953443
172.1463	668.0	0.12215949433321244	-2.055310727022785
332.1988	669.9	0.5917209813413975	-0.5973294841655564
318.2195	672.1	0.5624513878182058	-0.6247106304918434
278.2246	672.2	0.5323955331674588	-0.6765527187050183
270.2195	680.0	0.029727175272420015	-3.009159991649836
294.2195	686.0	0.6084786266946078	-0.5546944627417161
316.2038	691.7	0.13612110337107006	1.7747606289952764
298.2508	699.2	0.020417835816830772	-3.344399789521442
320.2351	703.2	0.17004581987746953	-1.5770668617523578
296.2351	705.7	0.012481648113182975	-3.675002933816266
292.2038	712.8	0.33940221078748445	-1.0528747674632504
318.2195	716.2	0.19647651752300965	-1.503464253815855
292.2038	726.8	0.16101666119199598	-1.6943174725729073
200.1776	727.5	0.24119344183268743	-1.4533988333365373
250.1569	728.3	0.27632600178439526	-1.2808742577791745
320.2351	729.0	0.04625536272220537	-2.798622681596665
276.2089	738.7	0.022786067423583852	-3.3337779737654762
292.2038	740.1	0.1320209853530784	-1.8250046641305135
341.2927	752.153	0.44509998057776284	-0.8190369243735759
327.2764	757.984	0.9901979987730636	-0.01303541266476163
320.2351	760.4	0.17351931902006745	-1.6092540040827699
278.2246	760.5	0.0032078618661399265	-7.890544857461357
302.2246	783.3	0.18476661615511017	1.7053826422623106
254.2246	784.1	0.1492800622563619	-1.7766319371894568
302.2246	787.6	0.0840255523685275	-2.07226751886242
280.2402	791.6	0.36598060265488896	-0.9856856025197765
264.2089	795.1	0.046091972927115775	-2.7568180990222353
280.2402	796.2	0.12592003158589934	-2.0090634554118916
304.2402	819.4	0.0360435070073569	-2.987727541857623
306.2559	861.7	0.9295485343679897	0.09304939798622924
256.2402	866.2	0.010344710727454692	-3.680795601811864
356.329	920.1	0.050921593643251016	-2.7950935200977813
284.2715	952.3	0.2402998500011544	-1.3086595077637202
