m/z	retention_time	p_value	t_score
247.0252	307.728	0.14837031260636663	1.9758759276172124
384.1214	368.504	0.5212573925441376	0.7367227141525103
384.1286	427.875	0.6312867155910606	0.5189485767945152
147.0527	220.128	0.24634268193814468	1.4691410520204167
118.0267	237.245	0.26360983657875214	1.340833702159437
118.0266	243.828	0.27010601789028	1.3123094558312136
176.0317	321.949	0.1621907379145975	1.998058770231163
176.0314	291.779	0.9278881837746998	-0.1000825704371123
149.0505	354.097	0.34962073231285373	1.1859163911501802
204.0898	366.692	0.45321180593598426	0.9195874860359865
89.0476	267.097	0.011954203501031607	5.707089561359486
116.0101	407.228	0.42338279801104506	0.9219931443170573
116.0106	396.899	0.5267024594475511	0.7080795599753335
88.1004	561.866	0.46549385523199793	-0.8617184700938563
88.1	525.708	0.5449363519596047	0.676402091154518
363.056	372.889	0.1355316467201144	2.16966735776503
135.0541	349.355	0.416817067832566	-1.0144107201213333
134.0219	402.531	0.32302265340106157	1.2011650132611886
132.0534	185.46	0.11179060335651893	-2.518692765050797
74.0364	361.279	0.03059598357144268	-3.4323320296279203
297.0887	271.05	0.228145195051656	1.6855638903534453
130.1216	233.356	0.3248031205924438	-1.2938094310659245
117.0791	325.935	0.2807580820480112	1.462257912935471
119.0583	180.515	0.10630895473396554	2.231882952836959
119.0582	207.274	0.01628472020000144	5.427454485819867
244.0697	472.973	0.3883850592209494	1.024063685101105
488.1075	170.006	0.6479861458792732	-0.5285788479968712
192.0259	390.072	0.9421631443649636	0.07817401858719314
267.0961	477.661	0.31218552380658243	1.1685262492241684
102.0313	305.941	0.13689708465028985	2.2154310051207053
347.0621	197.474	0.025203828097551	3.54910909933718
129.0793	380.95	0.07968396180115116	3.0143606090700175
129.0786	399.66	0.10398145321530981	2.7649216089479194
117.0785	292.978	0.44997664625516076	-0.9004981916045007
131.1055	247.956	0.24160299992503279	-1.5246153689967699
276.1324	215.112	0.4905139813631978	-0.8055146144037694
174.0528	228.465	0.30750810222081665	1.18852788360117
87.0675	346.36	0.7257102497008986	-0.4027110915487774
251.1008	325.559	0.10412403644651655	-2.1437402469913707
189.0628	412.503	0.321255779856445	1.14956013379889
154.0278	464.819	0.3396710199989641	1.0859637065806786
220.0853	497.195	0.2793848614506275	-1.4463841018012167
300.2057	759.595	0.14409977957349981	2.1782203061180048
138.0321	483.492	0.6340985149510817	0.5397073410857464
117.9865	451.46	0.6506479832040104	0.4886876966731706
345.0486	258.598	0.4792375344189327	-0.8601134009404356
165.0434	462.28	0.7551017520117933	0.3528081016254572
116.0956	285.437	0.9457380033924935	-0.0767194858256627
146.105	492.951	0.31496938397490987	-1.326703332536922
62.0004	243.814	0.19612877687643132	-1.883005797136154
116.011	306.607	0.9895890607953876	-0.014131131756430996
194.0583	494.809	0.48086587586131657	-0.844943720076782
158.1302	644.843	0.44782472891564273	-0.8408969579627364
117.079	367.117	0.013198344465120417	6.006083465348802
129.0429	324.487	0.18472332278673245	1.9015612419326229
129.0426	314.245	0.15963898180769015	2.1832789747106114
188.127	383.617	0.4916310537656223	-0.7594596473568055
131.0949	407.601	0.6073496112429534	0.5689794957421085
188.1162	359.069	0.5068396022707559	0.7385632915554187
175.0633	501.725	0.4779439972869673	0.7823962465194807
109.0526	426.664	0.10749619007248287	2.663499350443983
189.111	216.805	0.08416478698921459	3.0393055001971705
176.0685	493.268	0.02605885529362888	3.624834518722543
148.0373	428.816	0.4807609287734183	-0.8256251093388967
129.0899	238.278	0.33796007204620626	-1.1265169594967965
236.0797	332.279	0.21915833356760178	-1.6340269550992932
130.1114	345.929	0.14589311035824548	2.20342008005504
160.1201	525.72	0.020410473571885922	4.205927533729487
101.0484	335.117	0.049700388020076335	3.9578150672965986
229.0354	154.747	0.6773846550583751	-0.4740076974693458
75.0683	255.08	0.014161850958463423	4.937697537195391
169.0363	418.712	0.9595866643791289	-0.05444789141599547
278.1512	664.021	0.17573534684801734	-1.9476553742461313
104.0585	443.444	0.26021469310225653	-1.3802413751152895
131.0574	257.622	0.3287201182475593	1.2145973811510329
113.0475	328.966	0.12313528558403569	1.990527628012466
147.0533	330.532	0.04561856055293525	2.9168757583969676
498.1185	423.185	0.5882086273802671	-0.6336740847068657
188.1276	199.745	0.08481101270232973	-2.379749622629025
132.0897	443.48	0.43874368870941977	0.9545899774399567
145.0733	236.638	0.09576723211355467	2.287755673962161
127.0629	328.346	0.0950618152620827	2.185836888456812
212.0311	229.126	0.9417885849477008	-0.07865406858508249
149.0458	428.543	0.23683476819151306	1.4057372573067441
191.0592	464.338	0.567577917618205	0.6399837486842005
191.0624	434.554	0.4744942330312755	0.8360520566786284
243.0846	197.246	0.167323783480658	-1.7463589155890638
128.0584	264.006	0.41467375637616827	-0.9121281512098399
111.0315	383.065	0.28620633838218074	1.4229986344744707
334.2129	580.061	0.39780162127824276	0.9465183324219912
87.0503	514.098	0.48304834848793704	-0.8011627183313786
334.213	601.84	0.26004608153307074	1.372988432726552
148.0373	270.623	0.702729888500858	0.41996099065849973
148.037	259.946	0.6894736275241584	0.4404583620295987
272.0903	352.131	0.2329274726686762	1.6897285906347739
142.0739	361.137	0.8015810147700849	0.2806481043923458
142.0745	287.186	0.09951578020910161	2.461920586289909
228.21	747.27	0.7342769721376972	-0.3761929603746757
160.0844	210.68	0.8880728293159561	0.15356369772629672
267.0951	173.154	0.2776405315161096	-1.262249122786471
267.0957	209.554	0.5859142685509537	0.6125717900996556
312.2303	531.665	0.34066697196000634	-1.227382252490759
101.1206	552.538	0.12418925414233732	-2.337454445517567
316.2006	665.147	0.10240778233085894	2.7873421828227047
162.0352	463.355	0.43034171512150493	0.9506453561377778
198.0533	464.808	0.3425282109104232	-1.199748332558271
278.1631	453.27	0.2922191102385706	1.4154666486593674
126.0313	505.375	0.011290935313523336	-4.8112017722827
147.0528	264.236	0.09934566538606726	2.8847238808536155
193.0402	288.389	0.11951282281947981	2.2118556158453937
332.056	297.763	0.06897510717848988	2.4706339247149387
166.026	362.039	0.4546848223961295	0.919568916136728
73.0893	491.772	0.27056267722534394	-1.498730367137855
294.2199	687.517	0.39369412585705976	1.0454319374212762
314.2458	591.852	0.5456727967091437	0.6631811158591849
314.2453	615.341	0.39913903338305656	-1.048110833822282
312.2307	680.638	0.5826297193882789	0.639884212356399
330.2403	514.1	0.25372551108227676	-1.334056433567974
175.0479	318.294	0.3136146886537553	1.2895873559433233
240.0091	296.401	0.9402424739090431	-0.08054009654456092
240.0088	248.944	0.29563001471316847	-1.3765756857028024
240.0105	315.305	0.14043692777202801	-1.8858813347445216
240.0088	514.043	0.2712479564879505	1.3652920400199597
240.0085	260.414	0.14544021610477834	1.8364205795920605
146.0583	287.416	0.8718279337955972	-0.17706386302949662
292.2037	637.688	0.09552705652676721	2.766504475959202
294.2199	614.682	0.19596227047055734	1.6792143158931438
264.2095	743.435	0.06862511022420417	3.554610571570534
183.0649	546.375	0.16310120750832544	2.1409691178927153
199.0596	492.45	0.016586201038547833	-6.229472532075687
168.1141	617.026	0.8860190396672651	-0.1567112456642377
242.2241	788.308	0.7830271607608853	0.3100129458391623
263.115	265.311	0.0916548954257838	3.069246281282904
146.0691	194.544	0.43615215747352437	-0.8884822846324233
252.0629	372.701	0.6651159609417037	0.4670848243686569
170.1306	645.841	0.3251485604099043	-1.1294976525234668
296.236	659.36	0.07385761555771235	3.422168766926957
312.2262	599.016	0.9061066029527414	-0.12719700580451399
312.2293	632.764	0.3241772694208809	-1.2052526261146925
133.0371	255.457	0.2187816286998612	1.7019060934516637
87.032	362.361	0.6489145662419668	0.5298609788430672
160.037	350.468	0.17664013396165046	1.8878338636577607
173.0686	250.964	0.00405104481450988	6.028450792421678
180.0636	416.177	0.3631151289166612	1.1547187003049264
180.0642	388.88	0.5023487975980948	0.7405023821546582
180.0639	401.395	0.5135218033905983	0.7292838879944573
180.063	240.714	0.21648128082583845	-1.684725334519231
180.0642	416.97	0.43028627497959165	0.9636535590716615
180.0644	261.946	0.5400576084452003	-0.7151024237626739
113.0472	375.723	0.1734073403078035	2.0008935071508134
100.0523	440.466	0.09932482374728843	-2.2192068994827143
280.1055	219.612	0.9101889720156298	0.12112794530444561
172.0844	270.426	0.5224925513383938	0.7304314504913831
147.0532	311.418	0.10592852747421855	2.4337331102885793
175.096	289.241	0.03921006549222892	3.148272767145485
228.1473	379.45	0.8011335160719735	-0.2699838375717624
262.1317	404.522	0.09064613403245898	-2.873430586397528
172.0844	288.056	0.27830183324342894	1.457486929234213
262.1299	439.87	0.20384574334718444	-1.8093721761222399
212.1162	324.223	0.26663271526887206	1.4793742427126289
160.0846	249.203	0.009076581346301758	5.034850427009914
217.1431	451.459	0.342444821948972	-1.2335606618586703
186.1001	294.329	0.22204307414137062	1.5907886257298132
188.1167	320.387	0.2791403787508032	1.417980247063851
246.1011	453.706	0.46295427235550046	0.8673626075880584
279.1199	289.392	0.22517366254631632	1.7274870106379767
295.1157	483.684	0.17282047676160808	-1.6838257833502968
262.0783	201.873	0.5655297472875203	0.6782228430997551
246.1213	328.732	0.21696580355863665	1.7537535943407934
296.1014	499.58	0.46715192930397	0.8896944820715293
566.1461	340.553	0.09977912693631791	-2.8662962004898422
217.1062	201.98	0.5444386765481908	0.7038217144943327
275.1107	182.191	0.3888153547723785	-1.0709080029068834
203.0908	187.229	0.0353866904015168	-3.1241370522968697
274.1646	393.375	0.29852498120573134	-1.3500721872495987
247.117	172.858	0.7901930543518121	-0.28927430446642416
276.0951	197.392	0.7925629661289987	0.29696622639177067
260.1371	319.847	0.37860899904940026	1.1210678384392119
234.0846	190.048	0.4132208107901346	1.0154733589081821
246.1209	266.449	0.1631807995530622	1.9015952686412225
203.127	442.529	0.5650325012695312	0.6627964777023843
222.1016	331.209	0.6103844467908599	0.5652871776870924
162.0657	202.337	0.5366639837886333	0.738080648610655
176.0805	222.875	0.5850155380435809	0.6357839891626261
226.1066	467.957	0.4518502895706638	-0.9209720417556483
284.1115	434.892	0.4902570159870831	0.8351320979984531
252.1204	503.684	0.3758601540907338	-0.9988291314958867
242.101	430.596	0.47379230612200224	0.8698367824358871
256.1171	445.093	0.8589023575332437	0.19328262406043029
244.1785	451.214	0.27319720372558526	1.488647097887414
232.142	308.406	0.28498394385676296	-1.444149047836606
246.121	296.154	0.08934871350275203	2.931759583783864
244.1785	445.065	0.2805885406567187	1.4581659487801881
218.1268	290.52	0.6465694694832099	0.4995427321219287
217.1428	445.77	0.6047041192781848	0.5954807760992242
203.1271	433.201	0.468407924484864	0.8811239524235452
259.1898	518.802	0.266941824690749	1.289015135164385
243.1587	467.84	0.3545945704667032	1.0791356823129103
245.174	488.298	0.36299461129155514	1.1613208963216688
220.0853	307.526	0.8507208142730307	0.2020843828158773
278.163	462.606	0.24580068921467574	1.6216649762972122
266.1258	323.779	0.1904136923243672	1.94244009932678
186.1001	310.003	0.20636360615790675	1.7859188478378893
271.1646	392.553	0.5331531534903841	0.7230464700084158
229.1056	230.502	0.3520541198900205	-1.1506574198899682
230.0913	263.123	0.024467909196970353	5.225825655651619
244.1056	272.538	0.1342320411928082	2.2312092834307866
252.121	518.224	0.1481257455454372	1.8647761858070082
243.1591	485.581	0.15784834128867972	1.734602026584257
246.1043	379.444	0.13765970152364737	1.8881472139667874
202.0944	258.482	0.0805745535549405	2.903559967442588
216.1106	262.377	0.08661585013437939	3.0114572363925403
214.1319	382.805	0.1749639329479311	2.0523679032715356
176.0787	217.029	0.5313118085297142	0.7418789281271925
242.0997	447.287	0.4329396477440762	0.9734679081911439
233.1369	416.749	0.35269726275433755	1.1987288358210877
236.0793	245.4	0.474208384792177	-0.8583984168883352
233.101	184.447	0.6025110333652884	-0.588442453381917
234.0849	196.734	0.8645846982560407	-0.1847671858446545
232.1422	328.61	0.12032032472598038	2.5944993268822403
247.1537	431.156	0.43055748909536595	-0.9749775923584396
250.0988	298.323	0.5708483200864196	0.6461605864190806
216.1105	258.699	0.12127036382209631	2.5517747669819455
220.1063	212.793	0.4732437499562258	-0.8117486782129197
317.1735	435.585	0.992225143549575	0.010796299462506539
268.107	500.043	0.6475401568897946	-0.5303925134787981
204.1122	252.931	0.08978010578258579	-3.0229187577988217
216.1475	371.468	0.47827428641245784	-0.861797371670382
116.0838	503.912	0.1291508044049344	-2.1447625408473003
146.0692	246.387	0.8650782666719746	0.18113391540784485
259.0457	148.0	0.09061032161134285	-2.874189631430582
211.0358	149.6	0.29691177519358897	1.2636854964778212
199.0246	150.0	0.02259229671926184	3.8319814644558376
153.0096	152.0	0.7831349466895847	-0.2949089565930203
215.0559	155.0	0.2458159309065377	1.5191555064903504
169.0045	156.0	0.39410708720037335	-1.0726730471251267
246.0959	162.033	0.30506773504014095	-1.3192218981859811
195.0743	163.0	0.018315463172176624	-3.889282751591064
178.0412	163.4	0.16589832753931427	1.8492480258305963
261.0307	164.3	0.09052564567961434	-2.3701478931070983
332.1332	164.9	0.5915952342134846	0.6030194960214348
307.0838	165.4	0.04868005961277466	-2.853390476226127
302.1701	166.215	0.2303486035105374	-1.6996345281076783
167.0255	167.021	0.7938607875694553	-0.28119349764225626
274.1277	168.7	0.4067624666674038	-0.9279540956974947
323.0519	170.0	0.02568127497720831	4.217759979929417
238.0627	170.401	0.21661151443556337	-1.7200409302431001
283.0917	173.4	0.7969943474287486	-0.28127804023775793
380.0733	177.1	0.771027556720285	-0.3198260229721921
335.0631	181.8	0.06981714863302473	2.9958565997176025
162.064	183.219	0.21516293697518943	1.7867283120102575
231.1349	183.34	0.9590435399336537	0.056996639548064346
275.1593	184.118	0.700461540346763	0.4404898145015457
173.08	184.3	0.7729502009737896	0.32306681941992926
284.0773	187.1	0.783994458063304	-0.30005474291868267
163.0481	188.0	0.1913730342745199	1.864107220222791
174.1117	189.0	0.20143278721320934	-1.6564275100224584
190.0954	192.9	0.31585974960488084	-1.1889685399661203
151.0303	196.2	0.16406102880015366	2.1435644427068765
177.0637	196.3	0.18673597706873246	-1.9085814891357706
87.032	196.5	0.2197859224124907	1.7037831265791916
727.208	196.8	0.8760854339429931	-0.16630700491206932
347.0631	197.1	0.01962779528182011	3.8079792412296167
276.0958	197.3	0.8361089259457738	0.22574600337662984
163.0593	198.3	0.7597120820975047	0.33284415923051913
204.111	199.8	0.6749687889973421	-0.45255777941952496
188.079	199.851	0.2321392224075627	1.4652493802461557
146.0691	200.0	0.35843651104323315	1.1718835934689211
175.0957	200.7	0.3986952631930068	1.0638243964087972
267.0968	209.6	0.6733231806535496	0.4714778874313001
105.0426	211.2	0.4227569458605597	0.99001869464381
165.046	212.0	0.7487107831823545	-0.35741333601716835
234.0852	212.4	0.1981389934855734	-1.687617586529512
190.0954	212.5	0.5870286003768158	0.60128794111633
232.1059	216.3	0.8066125077954722	-0.2776263891638058
147.0532	220.1	0.211009932461349	1.4878632519579575
218.0903	220.3	0.5581422016968496	0.6413759395401678
133.0375	220.7	0.02082957201530005	5.84760929038145
289.1274	222.1	0.3382312262235798	1.1626787958376106
131.0582	224.6	0.098753860397055	2.7714868766716134
147.0532	229.8	0.7076919134010994	-0.42324825687061546
427.0294	230.7	0.755479232046907	-0.3337357609123178
287.1107	231.462	0.39665765268992265	-1.067987109009464
271.1646	236.148	0.3066892734209388	1.2962951122811026
245.1747	236.459	0.5297407172639551	-0.696236937714145
119.0582	238.3	0.24498618827465168	1.6033433506452268
141.0426	238.3	0.33659846849430264	1.179574795261202
161.0688	239.3	0.1368044953223782	-2.391885568612123
188.1161	239.3	0.38366301016395093	-1.0297417361105505
114.0429	239.7	0.07737300949009406	-2.798497437929448
147.0905	239.877	0.13549361893160422	2.397242593666254
133.0739	240.115	0.1935189020330532	1.6556394531889236
61.0528	242.2	0.2691746938783121	1.3485490903814628
377.1335	242.3	0.7907156369589118	-0.2837573406064878
144.1375	243.289	0.6943231872894344	0.426692430076425
229.1058	243.379	0.8402183544989223	0.21540055517898515
174.1004	243.9	0.009058926136342052	5.07601297583906
197.0688	244.8	0.3413557652473997	-1.226766732695462
199.0957	244.9	0.3531435301918523	-1.0499082419541452
243.1217	245.545	0.3921884851678529	1.0449526845624957
237.0862	245.6	0.25616061027702236	-1.534609758612715
105.079	246.4	0.10070716666634946	-2.86467610863435
346.09	246.5	0.9519281557891233	0.06415272387447044
427.0294	247.0	0.41966909421171783	-0.9001655241055783
363.058	247.7	0.6216207521457224	-0.5696934047950442
160.0848	249.3	0.010226274766937955	4.888767897234962
433.1362	250.2	0.6650538498573355	-0.47250029999437765
119.0582	250.8	0.07517884816438176	-3.03201293610419
204.111	253.3	0.9535583373069167	-0.06438670848736408
103.0633	255.4	0.6881868968137089	0.46186558758751967
131.0582	257.6	0.28454314368417855	1.429558502354263
119.0584	258.352	0.02025851355224875	6.83653085738599
224.0797	258.5	0.22832423977804991	-1.4253944630747049
232.1059	258.6	0.8598912227955579	0.1974864796440694
174.1004	260.7	0.2886157963836174	-1.3918596727246477
346.0863	260.756	0.8705851424710338	0.17374011840249998
216.111	262.2	0.12390750086423448	2.5230091064449773
434.2311	262.2	0.2844718869441867	1.4300373523947714
230.1265	268.759	0.14455624114926316	1.88075226432711
246.0861	269.362	0.4593203489587935	-0.9077561173525219
147.0904	269.499	0.9929371973442151	-0.009978624289567428
217.9885	270.4	0.3392471565156385	-1.1714296801099318
174.0641	270.6	0.1921335963734773	1.9197831008085304
180.0899	271.4	0.24599027248906438	1.5959929396606978
119.0582	271.7	0.9442444007475383	0.07473696219346203
132.0059	272.4	0.990770439572737	0.012391571641917593
266.0903	272.6	0.8365345028244691	-0.22664493217999362
131.0582	274.3	0.1957269638721233	-1.782360389185534
89.0477	276.3	0.3650550639280055	1.0419535935376545
259.1532	278.8	0.9828907621912756	0.023769264836349283
127.0382	280.3	0.3062406961095181	-1.2614805341751192
254.078	281.1	0.2101353371235061	-1.652590330168735
117.0426	282.4	0.27896838677647845	-1.4482775033379471
283.0913	283.135	0.8036340392995465	-0.2709885718495922
158.0691	283.4	0.3500033409983001	-1.0652053714250016
161.0688	283.8	0.6226054054804606	-0.5668098736122148
244.1426	283.917	0.1308205260151146	-2.4472157770557694
183.0532	284.0	0.44550443765799386	-0.9325541259230358
119.0582	284.1	0.052966765540412686	3.84434529862802
300.0845	285.2	0.06468156646396235	-2.5343101505419994
278.1271	285.718	0.505419082086572	-0.748335406262642
59.0371	286.3	0.2970981820597291	-1.3754841665102857
200.1527	286.942	0.6820533854844532	-0.453755919467297
155.0219	287.3	0.5387078782438747	0.7255604758103645
110.0484	287.527	0.06023441651011377	3.3188236397302373
193.0375	288.5	0.13713543992799995	1.960681611220157
252.1211	288.933	0.09062007919350601	-2.873825238962895
194.044	289.1	0.27832459543586546	-1.2581275666042062
114.0799	289.155	0.26987663912780013	1.383536910056728
218.1267	290.6	0.366110720125906	1.1568153175008402
175.0837	291.551	0.3558331623707667	-1.1621566193382538
147.0532	292.4	0.1681225943387613	2.0402436167976363
189.0637	293.0	0.30236843743996833	1.3765434803227286
328.1543	293.2	0.897970000912736	0.13899642087843472
243.1217	294.53	0.3508265070093669	1.1443654272262578
638.1119	294.6	0.14300132724377213	-2.0766625333340474
328.0794	294.7	0.7249478285227198	0.3776257939795537
329.0747	295.2	0.48854928539491316	0.7799108760950852
188.0797	297.7	0.30530808835740003	1.3222497418719805
75.0684	298.4	0.6831387881898101	0.4442992377765475
282.0344	299.5	0.4634228336094707	-0.8159193491828035
146.1055	300.3	0.015145920715008612	6.615403899880301
145.0739	301.7	0.47664258381549385	-0.7936338503878336
306.074	303.1	0.030600207477632858	-3.3344411512773706
252.1213	303.872	0.09059326825057584	-2.8742452271352885
101.0477	304.0	0.09499483625137263	3.004731824646166
73.0528	305.8	0.0612779779998436	3.4039840750640775
145.0739	306.0	0.35340518463053955	-1.0657624947557618
151.0494	306.2	0.5006701655323502	-0.7584684288291916
165.0426	306.3	0.34326746114497736	1.218215114733912
360.1321	306.4	0.15381531091855824	2.157616610756091
330.0951	306.8	0.9600042132574076	0.05335989655833473
286.0735	306.877	0.5590119676878065	0.681316670162673
446.0604	307.3	0.03764271000040162	-3.0759620569133608
221.0913	307.6	0.0698408755859469	2.823357940153519
117.079	308.1	0.10252962988601354	2.1234810482059996
87.032	309.7	0.36397312135893345	1.1603759416128956
245.1377	311.609	0.2555238466642632	-1.5593369614833654
226.0589	313.318	0.578419663132013	0.605703901631738
103.0633	315.6	0.002115387837524391	7.1378080996937845
216.1103	315.81	0.20573805589836747	1.8147300949472405
89.0477	317.0	0.2647545916977083	1.3375145323091655
230.1268	317.067	0.12904547273891934	2.5059953618991018
129.0426	318.0	0.16191643589722698	2.052194095743866
101.0476	320.194	0.05821176263947275	3.8915410430539765
314.0686	320.754	0.9942400950744484	-0.007993288455363769
136.0385	320.9	0.257859776638038	1.5077843768381072
135.0354	321.1	0.20569911536721908	1.8019312298148118
244.1059	322.706	0.03614529479298982	5.066589065335061
259.1528	323.789	0.46546391168221346	0.8772175373093501
293.1384	324.546	0.27414439049370365	-1.3613083124589715
87.0684	326.3	0.389625501626499	1.078956868849296
259.1208	327.6	0.09671270612964737	2.9301384744499477
187.1689	327.776	0.7960633404858739	0.2894507206942086
243.1567	329.378	0.5280118690797475	-0.7500263860690404
153.0426	331.1	0.5948861373695353	0.6032553483531092
222.1004	331.1	0.893246889675652	0.14744112835713802
131.0582	331.4	0.5681330537877177	0.6506993073378565
232.0042	331.9	0.6735265141890193	0.4596110587464139
237.0862	332.4	0.19938840121948287	-1.7093996800851752
115.0633	338.4	0.09086995144548071	2.2289076046835232
230.1267	341.371	0.07351990709928025	3.4653531233371564
206.0412	341.472	0.34013471440665927	-1.1781085688537931
279.1206	342.566	0.09045481240371236	-3.0219878326447933
562.2144	343.7	0.5149961685099528	0.7701037535974125
260.1376	346.806	0.5706267978419202	0.6519072386845294
101.0841	347.0	0.042541299194365494	2.981891224904919
426.0879	347.7	0.6867235210046365	0.463021637641534
125.0951	348.287	0.758684552474269	0.34794839237058833
198.1368	350.3	0.34242063883065404	1.2336881722093023
640.1428	351.3	0.6201665966023255	0.5391644008764938
642.1432	351.4	0.61433350438712	-0.5504589843912842
70.0531	353.3	0.17699577753012	1.6538400170267
117.079	353.8	0.003303468497263358	9.034278157007442
234.0852	353.8	0.006101600291476098	5.351874524635294
139.0382	357.1	0.9390076548501625	0.08517476289277855
103.0638	357.806	0.14990629530683522	2.152655958552529
73.0523	358.34	0.10334499896672279	2.102851222232642
112.0273	358.5	0.39540767522441395	-1.0728848046559454
433.1129	360.5	0.09828793681697898	-2.5283948224132797
302.0427	360.7	0.20720993727087472	-1.8346306297222323
214.1319	360.794	0.34062181336611685	1.0809059324791475
266.1273	361.149	0.26903479911924105	1.2936335061092896
208.0848	362.0	0.320812160444038	-1.2247966324088497
153.0426	362.1	0.9473381020537679	0.0709424615158109
246.1328	363.4	0.3484151155673331	-1.1206035348585588
188.116	366.038	0.49575761544360225	0.7580499621751755
304.1383	369.5	0.0402029183070742	-2.9960870923520515
210.1004	370.6	0.08272072944873166	3.1672162531693298
114.0317	371.2	0.14753545784856612	-2.2041668458364536
248.0562	372.5	0.09265696668127943	2.3046074590048926
279.0968	373.1	0.7151639989363131	0.415844137818115
70.0531	373.2	0.36983586556186193	-1.147203159863569
70.0531	373.9	0.36983586556186193	-1.147203159863569
222.1004	374.9	0.05368389608205822	3.237430974740105
300.0845	375.1	0.07592159153245247	3.131359520449882
228.1107	375.207	0.39106939027573556	1.0093631871599498
187.1208	376.1	0.16130365797460874	2.0597646746125147
212.1161	376.849	0.0789765275873444	3.190480935766071
230.1273	376.909	0.7819117071429136	-0.3062568035004536
195.0895	379.8	0.06548794000005996	3.581261936683601
300.0841	379.841	0.06410346828902506	3.405390756337619
337.1162	380.091	0.1935794488328699	1.915516154927287
167.0582	380.6	0.31419164964960683	1.2443378836093286
151.0633	382.9	0.5940507513996883	0.6086594642922887
381.0686	384.3	0.4484465309201185	0.9332739168273922
186.1005	384.541	0.5905177038341409	0.5906404220669718
126.0317	385.5	0.6645065180322107	0.4695482021984292
231.1337	390.266	0.27603752175028984	1.434223247575296
208.0736	390.5	0.37028974237065015	-1.0339784624411885
190.0954	390.9	0.996137736397994	-0.0053243364643007635
593.1461	393.361	0.964370908604342	-0.04823856589466262
165.0426	393.4	0.49351638171680984	-0.7716533693955726
594.1585	394.2	0.36297308276155	-1.0869942940526454
73.0528	396.0	0.3396503587144337	-1.1569306226695786
123.0661	397.698	0.04639957706500555	2.864675550151567
212.1162	398.97	0.16777058678097498	2.122052297164962
151.0633	400.0	0.08864561270938397	2.9464601411193927
286.0477	400.2	0.2025175791762953	-1.8608690600821356
101.0841	400.353	0.04307897196765195	2.963593138091867
142.0263	404.841	0.3198870016435467	-1.2508279394143738
228.1469	405.602	0.7748989898631674	0.30827299113573325
396.0151	406.2	0.8777719374588075	-0.16562824885273256
326.0994	406.288	0.256433295215235	-1.527279136620304
131.0946	407.6	0.5025228312474332	0.7453117346064234
126.0317	409.3	0.2495353999389616	-1.4433063589797845
275.1486	414.09	0.7883275197923647	-0.3038541849784207
159.1259	418.8	0.8036052208437303	0.2768295030939154
240.0238	419.0	0.45812880261712724	0.9067065599803289
162.1004	419.2	0.1161738897656905	-2.1042711080511105
243.0855	419.2	0.09419915639130416	2.9203547053093852
340.0794	419.2	0.8335549184106151	0.22834565626645328
480.0904	419.4	0.9743807678625838	0.034472448473847984
281.1111	419.433	0.2785952328738001	1.3449173619136956
255.9984	419.9	0.6488152105136314	-0.4932976061085672
523.2054	420.1	0.0908644580298902	-2.8701732810746825
139.0746	420.4	0.031175275886224887	-4.152739523622669
259.1169	420.8	0.1370646242210365	-1.9773690443079872
277.1487	420.82	0.1868749004395244	-1.9639576059258597
203.0903	422.138	0.5671450244463455	-0.6650030068305308
228.1466	423.384	0.1906181667911267	1.6874618081371093
179.0946	423.5	0.20067170473232865	-1.8493759877791751
286.0477	425.4	0.25179723653121067	-1.5184361057410118
283.1281	425.4	0.3876453225843344	1.0936620305686693
286.0477	425.6	0.334437644830072	-1.1893566529154964
126.0317	428.4	0.35271996499863395	1.113613326056884
135.0694	428.631	0.3898144107278178	1.0671634230500067
127.0633	429.743	0.1293545937095147	2.4411589508661464
168.0415	430.087	0.4167990754802475	0.9997608521622504
168.0423	430.1	0.42474915673059926	0.9788508923487638
121.0528	430.7	0.47870485263674084	0.8557486627852485
284.0768	433.078	0.2895491103338881	1.2843152966131948
114.0315	433.713	0.6946115380291293	-0.4224219438576049
151.0633	434.7	0.19166569738015032	-1.8040797953546344
162.0351	443.2	0.49293041839741025	0.8024590475551996
217.1426	445.8	0.5748223550345779	0.6329744412707184
114.0315	448.277	0.601860267200395	-0.6049473562363303
228.1471	449.883	0.08434885084543615	3.210658457570631
217.1426	451.5	0.7361372652801048	0.36388906858723813
245.1379	451.706	0.025857504743765216	3.625869958082391
73.0892	452.983	0.2050668654358988	-1.6342473178912365
132.0899	456.2	0.46214229824380915	0.8989666621143104
151.0997	456.4	0.16502910008878724	2.024320871471683
124.0524	458.4	0.4213451131293799	-0.9210639141207049
195.0895	459.5	0.2176432077949541	-1.491940378086157
413.2626	461.935	0.09060820104644825	-2.8735830549430825
246.1029	463.556	0.009156184857052057	-5.304632770697978
154.0266	464.8	0.36047249817846	1.041599977970981
153.0538	467.2	0.19258228181755552	1.7809919520188855
203.1273	467.577	0.010022398788136318	-4.866589620400549
256.1099	467.6	0.48479723361334737	0.8457890702809674
189.0427	468.679	0.30875112680004313	1.2220204737119156
576.1479	469.4	0.9325468440128701	0.09089699163182821
243.1223	469.9	0.24592881112046142	1.5316040466964584
146.1055	474.7	0.7847103689629272	-0.29799880167226694
146.0844	477.1	0.5803837081543626	-0.6144794731390023
328.1543	479.0	0.021537896332050336	3.769877429613314
329.1627	479.2	0.15174031241685335	2.015508469037196
207.0896	480.155	0.2084871735081574	1.5005939418169796
138.0317	480.2	0.608114309384775	0.6011136559044953
224.0685	483.5	0.7421349796293748	-0.354445396669505
187.1689	486.22	0.16149316870129257	-2.0803022958130066
133.0528	490.0	0.11560454735112582	2.560160295354026
194.0579	494.8	0.4673564065971642	-0.8787473710889496
266.0903	495.4	0.3490951074836155	1.1323827854965338
268.0808	495.647	0.22367317381819327	1.5658494055330383
564.1115	496.8	0.06304439256639172	3.7806874344880304
130.0744	497.032	0.17296194148374752	1.6989398194909884
244.1782	497.102	0.1143793768932141	-2.358588799931429
128.0473	497.6	0.07084956255337269	-3.338132236674905
148.0524	499.9	0.4133501208018207	1.019885540956271
161.0477	509.4	0.13075660221026808	1.9501846126375468
257.1052	511.0	0.08390499403999334	3.043267475066171
109.0528	511.2	0.17800527038254418	1.9019627488917317
182.0577	515.709	0.30888571671372794	-1.210158573678454
209.0244	515.9	0.0689460973811493	-2.9513575389226325
99.1045	516.111	0.4071280890755935	-1.041130972715498
121.0891	517.7	0.41374389891228186	-1.0233271482128474
336.0845	518.9	0.11988526126564582	2.5867007133985234
175.0243	521.4	0.7071164646508321	0.404464115668311
239.1018	522.0	0.4506745576611464	0.9252024282944861
214.0994	524.7	0.9369577145845223	0.08560886540257626
130.0733	527.362	0.774501454431866	0.30847844443785105
176.095	529.4	0.378122287967049	1.032411257613989
152.0473	529.6	0.39925124512415266	-1.0624341924351464
149.0477	530.5	0.2416429674838808	1.6000226484142162
87.1042	530.883	0.24247300712567332	-1.5039315374722597
343.1749	531.178	0.03513205096295922	-4.569162050279659
138.0681	531.5	0.22368005994566925	1.5206037319475947
152.0473	537.0	0.1937443852983606	-1.8994503062995858
136.0524	538.2	0.2078909223186874	-1.825619016744529
184.0372	538.6	0.46546344123568273	-0.849176948511897
580.1792	546.4	0.1014472792931358	-2.5968164779553398
111.0796	547.2	0.6349288232997589	-0.5195843974874923
224.1049	552.5	0.042708783436178406	4.604044544513047
138.0681	559.0	0.15298734909475542	-2.2398783406677203
164.0473	562.0	0.012665346274450652	-4.555578105475143
181.0739	562.3	0.42431467813683305	0.9954202724501064
124.0524	567.2	0.4883477999746005	-0.8218356030523363
418.1264	573.1	0.10084608353918365	-2.751385801581726
154.0266	605.5	0.3913925157898578	-1.0713227088490989
120.0575	607.0	0.39636653179006154	1.0227483822803305
152.0837	621.3	0.04557041905780421	3.25148869747361
145.1579	644.8	0.15512353880523397	2.22882781111177
61.0164	212.6	0.906986359332084	-0.1289957573993071
73.0164	212.6	0.04434744086938381	-3.609928344331908
74.0004	212.6	0.12001517259994018	-1.9837294921881627
118.0742	212.6	0.26799261996305973	-1.316392508933257
181.0739	212.6	0.6660776639644614	0.49280573589233895
183.0532	212.6	0.26730443790039393	1.3877468692331199
187.0481	212.6	0.3658938653796074	-1.1087980767990826
191.0794	212.6	0.08979414021619353	-2.266957211435542
222.0674	212.6	0.2922986410214553	1.2207997637115677
197.0688	212.6	0.5023448079409265	0.7407423616902922
133.0739	212.9	0.10856307875758418	-2.443332007210794
161.0695	212.968	0.19945690040316652	1.7478567986122213
161.0688	213.0	0.06639597652944312	2.555652136172822
306.144	213.5	0.35021981407719643	-1.114878571081606
141.0426	213.7	0.4390370211970193	0.8607489221290253
145.0739	214.2	0.8928027754769807	0.14408357820800505
192.027	214.8	0.2611399292473936	-1.5396100136804685
235.0481	216.2	0.5814331545610641	-0.6026808974711185
195.0532	216.6	0.32317372559566215	-1.2590237292562882
106.0266	217.3	0.5899217756976853	-0.6088408072123225
239.0794	219.7	0.5043513431743322	0.7327569269709758
89.0113	221.1	0.18691096014278444	-1.6153355733077528
188.0797	223.3	0.7052379260332575	0.41864598535866143
76.016	227.4	0.1265736390286598	-2.3323011246972793
175.0593	228.2	0.31792219006392064	1.1428935147884884
206.0427	229.4	0.6479064235523408	-0.4929512487692803
195.0532	229.6	0.1322084757171096	-1.8891494501100166
351.0954	229.6	0.40323054474618386	-0.999768085740614
174.0164	230.0	0.23787724744084393	1.4977773837087105
117.0426	230.6	0.43175147917821466	0.9295116291076218
253.0223	230.9	0.6151561245388568	-0.5549423787686024
117.079	232.2	0.7083571128749073	-0.40813313514342586
192.027	232.2	0.9184767999236683	0.10927090279287398
191.0219	232.5	0.9528100920544214	-0.06340294594746605
166.0477	232.9	0.5659084960405364	0.680150135762204
175.0481	233.4	0.38841469778207727	0.9675065540744175
168.0423	233.7	0.2965467285964715	-1.3979222908724924
134.0215	235.0	0.3177865781156736	1.212012157275057
282.1328	235.0	0.7334514087035824	-0.37480566972834145
117.0426	235.4	0.6624557324801473	-0.4748345549456486
234.0852	235.5	0.2316041893274069	-1.442944787499172
304.0907	235.7	0.3610239216273184	-1.0621799813429724
180.0634	235.8	0.4007826236531734	1.0489639996811055
253.0947	240.739	0.23920132386259074	1.4662037532861523
174.0164	240.8	0.2695928434502246	1.4803529266622326
132.0059	241.3	0.512959901122595	0.7734682151527964
130.0266	242.9	0.8996826428959426	0.13556930980917883
169.0487	243.4	0.8443402213558294	0.21361061431588685
104.011	244.0	0.271248528079704	1.3379986358735279
206.0427	244.0	0.6629767889545544	0.47110748169703043
189.0637	244.4	0.1896294681769646	1.6512774309206975
145.0375	244.6	0.30445643732628613	1.277665210646359
198.0528	245.9	0.9079716515012548	0.1253560662746421
90.0317	246.1	0.844525041767442	-0.2175121971540496
145.0739	246.2	0.32385799810608945	1.2673666111541453
113.0477	247.0	0.18859451130535043	-1.8124768615535438
139.0269	249.0	0.47338379097693944	-0.836700438103182
157.0375	250.0	0.5540765806091777	-0.6535489708103688
90.0317	252.1	0.7804631242456106	-0.3119991779070546
163.0845	254.5	0.17192823166852708	1.7437528021596218
205.0586	254.5	0.5897163573043673	-0.6223359607516126
115.0269	255.9	0.30138290756819347	1.2643138332485018
145.0375	256.2	0.09531555762496774	2.8176759000251064
246.1218	257.474	0.36765153096417924	1.0198879628829551
172.0372	258.1	0.45805517498747406	-0.9037138336463901
156.0535	259.9	0.6971189529711508	0.43302290713498226
219.0743	260.4	0.23035410109139567	-1.6032055793954294
143.058	260.748	0.625727997651234	0.5312847327431272
162.0164	261.2	0.39172483503072797	1.016503501885936
187.0476	261.615	0.08025562876132951	2.722776855237497
132.0423	261.9	0.09396293164193988	-2.6051863927481027
300.0845	262.7	0.26824968919848446	-1.3764685134667118
104.011	262.8	0.7198313562822345	-0.411508498912887
158.0691	265.2	0.06068450442186297	2.599601443960376
88.016	265.7	0.07498768655634563	2.8581154624270373
134.0579	266.0	0.6567599761958431	0.48208200364766235
365.1352	266.2	0.9030082763520673	-0.13634245451994795
160.0372	266.4	0.9379006909748709	0.08319008617198939
129.0426	268.3	0.4375065738135614	0.8711658223241393
226.0477	269.0	0.9562453464802901	0.05943610956005135
104.0473	269.8	0.5253515713008554	-0.6991460220526757
206.0427	270.3	0.8058634672932956	0.2635514173518758
87.032	271.8	0.7952878290455789	0.280751218671024
171.0895	272.1	0.24140954995910924	-1.4740746065973995
133.0739	272.2	0.05462037337377775	-3.7357037188929154
143.0582	273.543	0.6846367669303484	0.4377645794076991
189.0637	274.7	0.4363493144613138	0.8643432324534202
206.0427	274.9	0.7972718993758438	0.2757925446128924
131.0582	275.5	0.3194645939256554	1.1652694078389156
130.0266	275.6	0.13956689639610584	2.3825472728459793
118.0266	276.2	0.26850391945859575	1.3220128693526882
198.0528	276.9	0.7274026153552342	-0.3933251296482383
160.0484	278.9	0.8531494174696749	0.19759278118877177
244.1054	279.673	0.023482770774689393	3.578478248516781
88.016	279.973	0.22142812140172508	1.4722426059197335
148.0372	280.3	0.6971736559106647	0.4280923054326976
102.0317	283.1	0.08881336273701759	2.406718388451325
104.0473	283.5	0.7447827428056586	-0.3542438068398842
104.011	284.2	0.6039983103062867	-0.5622271357875049
159.0532	285.3	0.7931894484081662	-0.2964171186350123
148.0372	285.6	0.6130628301700466	0.5676665544305307
168.0423	287.2	0.7831243703599388	-0.3055869357086667
160.0372	290.3	0.5912024723999363	0.6223912111056015
190.0954	291.4	0.6231812463651792	0.5393739494879868
104.0473	292.9	0.8190839122222657	-0.25263325971666223
165.0455	295.029	0.6521408017976871	-0.4994091708290445
143.0582	295.345	0.8941486491379549	0.144846084404306
173.0688	295.8	0.06344948744029875	3.619301040185673
234.0852	298.8	0.6757443689755184	0.4598985180601156
378.1274	299.6	0.6052594948285862	-0.5819516848247093
157.0738	300.209	0.09467270275638456	2.404211084423359
182.0579	306.8	0.15324760793961514	-1.7883143832815138
88.016	310.2	0.8861076958986984	0.15417230675377386
60.0211	311.1	0.01692393096397902	-4.366158597336684
123.032	311.2	0.9657150746896634	-0.04673150752409597
147.0895	311.2	0.3243015386025705	1.2853339861802613
303.1675	313.779	0.49173354920822027	-0.7559935537641771
130.0266	315.2	0.27843313403413206	1.4584354218161366
345.1081	315.8	0.11690168182124638	2.1933986727673913
118.063	316.9	0.08647179636099331	-2.2915318888482905
590.3104	318.4	0.13524118176761457	1.9469031932417733
116.0473	319.1	0.5883870889608044	-0.5950625232175613
130.0266	319.6	0.3085198666372401	-1.1871082290618549
180.0423	320.0	0.21685238198302909	-1.7480720209034464
268.0551	320.3	0.8294438538613691	0.24356722916197188
586.2791	320.9	0.008547746152593249	5.120532090688276
146.0579	322.6	0.5667579237126154	-0.6484091941561769
472.1819	324.9	0.3999058313160427	1.0256983513352915
143.058	328.741	0.24548104278558489	1.5186576486663141
174.1004	329.1	0.21321970086268838	1.4910681473713931
115.063	329.157	0.08475198671142224	2.2803714997206805
161.0688	329.5	0.08318582339271537	2.461583617038988
127.0633	330.2	0.7890112752765093	-0.28956577914987597
129.0426	330.8	0.05601023061385283	2.667615924846867
258.0852	330.9	0.48270797172099233	0.8038421857754523
198.0528	335.0	0.972193714241681	0.038063863921820124
314.0638	335.7	0.4342934893552262	-0.93949182513043
276.078	338.0	0.6418521187015456	-0.5191821702546213
321.0696	339.2	0.6929207163668358	-0.44058327676802495
212.0321	342.2	0.22185117504491	-1.467171041670567
161.0324	343.1	0.9332649896866072	0.08977026086261423
145.1103	344.3	0.5913872417630204	0.5827532405945016
588.2948	344.8	0.22378802788602645	1.7350265868843282
183.0532	345.1	0.7880160319237426	-0.28771385287456536
127.0633	347.5	0.07134945836836563	3.3857829056197564
73.5253	347.741	0.0702427827496515	2.5268851479704386
159.0532	347.9	0.3408758244507676	1.2055679681950386
151.0633	349.4	0.19081714809378003	-1.702063259888039
160.0736	351.1	0.38404301147497305	1.0775029681720365
102.0317	354.4	0.2973077355125069	1.3904010781474436
148.0008	354.5	0.6327322933665833	-0.5321095262385165
180.0423	354.6	0.8767064825436739	0.1692034320603063
166.0267	355.053	0.4903186293087325	0.7641100208987694
152.0473	356.7	0.9032166899206554	-0.12976897860840833
72.0211	359.6	0.47730327377444043	-0.8082628853981316
180.0423	361.2	0.9061423407797158	0.1277928064986164
152.0473	362.0	0.865289840147018	-0.18136104543098566
281.0899	366.1	0.07133882711908639	2.8092490475309058
137.0477	371.9	0.29281977178015567	-1.2982806461347796
280.1042	375.349	0.26476336348974033	1.4084212859709078
191.0436	375.401	0.061100766362410824	3.1216113093479976
210.0892	378.0	0.24287515327747392	1.3727773389098155
138.0317	379.0	0.03069961971814813	-4.160265868467346
278.075	379.0	0.49828803308322994	-0.8017586996936722
180.0423	380.8	0.8881797406854839	0.15706437039083287
152.0473	383.6	0.8656120468300386	0.18857271550275406
166.0266	384.7	0.11473658719163785	2.303127518578286
165.0426	386.1	0.08851827284176608	3.0872367505307077
84.0211	388.8	0.4337925136655037	-0.877510599531951
180.0423	389.5	0.2643123840017016	-1.384393096790664
86.0368	390.8	0.8522937598631294	-0.20858356739511238
161.034	398.338	0.07267025842025156	3.2896154945690386
166.0266	400.3	0.1318196843927169	2.0483245742908602
176.0321	400.8	0.25758382714731337	1.4538530006565913
226.0954	402.3	0.012024325657585407	4.4011632153311435
352.0642	406.2	0.5598326691239578	-0.6782732038701409
148.0008	407.5	0.3037318392607194	1.2985998184995065
172.0372	410.0	0.8113424059522918	-0.26300449911582185
187.0481	411.4	0.21190881672220238	1.5958040024548623
268.1059	415.5	0.12626546059936808	2.5073822619919737
584.2635	415.6	0.39144198477584935	0.9777210409804098
175.0481	416.9	0.23401547557306454	1.6728023404989718
88.0524	417.6	0.02934481155547655	-3.514314788294249
197.0324	418.0	0.050635189335097065	3.951402836031162
176.0321	428.0	0.15217670431387512	2.229382722823335
131.0219	429.5	0.1472526771715456	2.1625694261686013
100.0524	440.1	0.28819757992558526	-1.256029095106525
165.0421	440.7	0.026578679114700934	3.431726824286555
137.0477	441.4	0.31657503684859717	1.2928994075339755
146.0692	442.11	0.784212243519564	-0.293331284622951
162.0528	447.8	0.7691949665004921	-0.3300752590910175
164.0473	447.9	0.6580615934054508	-0.4877414828200281
210.0531	449.239	0.8339069378226814	0.2360846524039536
155.0695	452.9	0.018864585464875704	5.078344914793461
118.0266	453.3	0.6395324181858726	0.5059322857793764
122.0368	463.4	0.0374873843637211	-3.29830488771455
144.0423	466.6	0.20271324384451142	1.6566215023835988
146.0215	467.3	0.10825667697546794	2.0722019439221895
188.1412	467.7	0.8273074106424577	0.24020107098296103
490.2203	468.9	0.8250724026473766	-0.2430823843074845
172.1099	470.1	0.6270453446945985	0.5638272650842185
130.0266	471.9	0.5526756933571026	-0.659838849867344
132.0423	475.9	0.5252584411084177	-0.7570693183495749
186.1256	480.1	0.4843581162535874	-0.8317354805042355
114.0681	480.1	0.7642105066514333	-0.33000370075638086
116.011	484.1	0.6687244318713799	-0.48242106148320196
312.2301	484.7	0.5597787689203861	-0.6815099797565627
212.1412	486.5	0.4835218182540373	-0.8367225068998692
148.0524	487.4	0.6253358511633799	-0.5705840189866657
192.0423	487.8	0.3296787084669394	-1.11790709243096
114.0681	489.2	0.09898858528278247	-2.1465997446524394
168.0423	492.0	0.5401322759008959	-0.7203276774062377
264.1031	494.5	0.18662334048873225	1.9682335994456939
481.2312	499.3	0.6477937832712939	0.5181371852002915
136.0524	502.6	0.9874626132431915	0.016975834266423708
186.1256	506.5	0.8089719679344483	0.2662741813336551
160.0736	511.8	0.2960982295009051	-1.393828817280621
210.1256	512.1	0.03230436574066321	5.257136967877442
116.0837	513.1	0.863251546313181	-0.19433693235208577
278.1154	514.4	0.518731432342213	0.7459358549629911
144.0423	520.8	0.013215124600651027	7.792327531969659
172.0723	522.704	0.34779972145526794	-1.1104329197243195
116.0837	523.1	0.6316398131523635	-0.527080892188696
162.0681	531.1	0.9341758966143648	0.09162669233327252
323.2093	531.176	0.08887751457580878	2.8764503661028535
128.0837	532.5	0.46450349345021275	-0.8078569840837183
158.0579	536.7	0.5607400467685324	0.6846077956606972
216.1725	538.0	0.6514428584891765	-0.48990490896975386
174.0892	538.3	0.5390419011310871	-0.7191465658917449
278.1188	540.3	0.3227598120023297	1.301390311331454
144.0423	550.5	0.7085805998091408	0.406230148377648
212.1412	552.8	0.20637381058303514	1.5454351461676779
308.1974	554.783	0.507866082904933	0.7588789607626505
130.0994	556.0	0.1267862436868914	-1.9527476620334354
312.2301	569.0	0.8421726563130915	0.21253663246503834
165.079	569.4	0.8465151990593215	-0.2166021010510193
166.0994	574.8	0.8711719241080071	-0.180855450769505
332.1624	581.1	0.5276071981651814	-0.7054985486677453
332.1624	588.9	0.2806347776192071	-1.2917007083662155
144.115	589.7	0.8748599960629658	-0.17645052118559898
336.2301	592.1	0.32774253802162423	1.1420022070827929
166.0994	594.8	0.593567513319598	-0.6090661897432176
330.1467	595.1	0.9040344716179082	-0.13241719904361637
144.115	596.0	0.17524347448800823	-1.6502070758769505
334.2144	602.5	0.6967490662386039	0.41912852653543353
313.2627	602.523	0.5305676047960038	0.7205613904420825
248.1412	603.2	0.17291882858621035	-1.9399581109704969
316.1675	604.1	0.4961176982721114	-0.7516627665547091
214.1569	606.3	0.948517814535491	-0.06946499925621247
336.2269	606.553	0.44295034452365745	-0.9218624246838689
314.2457	606.7	0.8177391238667631	-0.2546435978616577
336.2301	606.9	0.7272657339053529	0.3835440750588815
332.1954	608.071	0.040829609933802885	2.9777584614178254
310.2144	609.8	0.09019978975026634	2.946097960978686
296.2351	610.1	0.5993948765098237	0.6114501770962999
294.2195	614.3	0.08351098704350236	2.8818478108300303
168.115	616.7	0.5269326884644513	-0.731717088072202
228.1362	619.2	0.49554394689105336	-0.807236620982713
294.2195	621.5	0.14206639142405691	1.9752188011591831
158.1307	622.8	0.9693870686075574	0.041915052055837634
257.2005	623.189	0.8294117214186532	-0.23257175672704444
250.1569	626.0	0.7641296790636142	0.34067122738249705
316.2614	632.3	0.05372638555505874	3.601147894274987
334.2144	633.1	0.03988760596176094	3.45064874251003
312.2301	633.7	0.18708965866586627	1.7238684303155392
286.2144	640.1	0.6922641262573328	0.44573444208372837
334.2144	640.9	0.6843623513743851	0.4379897979319886
312.2301	641.0	0.5848714581193061	-0.629620128368679
338.2457	645.6	0.056011244403360465	2.8021068963666664
184.1462	646.621	0.8576093864197227	-0.19463791611244702
172.1463	650.6	0.12872298862406334	-1.910186836091543
332.1988	651.4	0.34813358771255554	1.1623063601757009
292.2038	659.6	0.06290429530404673	3.2450250449109763
272.2351	663.1	0.8038921561465756	0.28222515013242344
172.1463	667.3	0.9445242261922189	-0.07598638073596897
346.2124	667.427	0.173274982655154	1.8001210708217632
332.1988	669.5	0.4463522708338483	0.9270951144939609
318.2195	671.8	0.7807539187390464	0.30884665773525943
278.2246	671.9	0.8361055493969424	0.2297751913351757
334.2144	677.3	0.715728652591445	-0.411086667868664
234.162	677.8	0.6447496516269234	0.5177666214830013
270.2195	679.5	0.672465006525246	0.4901844658552296
294.2195	685.7	0.4056394866391443	0.9831110809529853
258.1831	687.0	0.6089234704816368	0.5718280262456247
298.2508	691.4	0.2307314103540058	1.6051871594435092
316.2038	691.5	0.15503704921647646	2.0619665605214337
320.2351	691.9	0.5764851891491999	0.6384579802329744
314.2439	696.872	0.40355120602071454	-0.9332285594549786
292.2038	701.8	0.5898683870587499	0.6357444639535362
320.2351	704.6	0.6227468135148483	0.5740127991621627
314.2457	708.0	0.87717229430962	0.17195716155011184
318.2195	716.4	0.5022177619635771	0.8015178800050607
292.2038	726.3	0.681762512247499	0.4745117989677558
200.1776	727.1	0.8165964384131797	0.2598495682142714
250.1569	728.0	0.08443981340402491	-2.3606772178083975
226.1936	737.429	0.291257297885741	1.3588847442007912
276.2089	738.3	0.5922082889294046	0.6302917264781683
292.2038	739.5	0.588973456303447	0.6373940160044805
320.2351	740.7	0.7335243583545594	0.3909868933049229
320.2351	747.5	0.562966635879824	0.6841700154797339
327.2779	757.153	0.5292182640642565	0.6905605056842533
278.2246	759.9	0.10703340606768474	2.4605050185439934
254.2246	783.7	0.30940725761535	1.3402018679933985
302.2246	787.0	0.3632193801948183	1.1650211690188301
280.2402	795.5	0.48810722402854045	0.834367697642522
304.2402	818.2	0.1953195266306672	-1.6213966758726228
306.2559	862.0	0.05001947146860849	-3.106205396994449
256.2402	868.5	0.658243993155326	0.4898102060389783
284.2715	950.8	0.4102849873011501	-0.9947833076136946
