m/z	retention_time	p_value	t_score
247.0252	307.728	0.17238486291866809	1.6165676229922101
384.1214	368.504	0.5443614594855579	-0.6510442351421558
384.1286	427.875	0.2311491117477626	1.3664989733621649
147.0527	220.128	0.20620400537979122	1.6267814364995865
118.0267	237.245	0.6915626295009356	-0.422689398574464
118.0266	243.828	0.6864750162413371	-0.42982311713149907
176.0317	321.949	0.019612215724678098	-4.097509129229917
176.0314	291.779	0.25548797387541256	1.5298680185087101
149.0505	354.097	0.673064488722567	-0.4492875030441408
204.0898	366.692	0.6503139480745628	-0.48820443916172507
89.0476	267.097	0.07280700890340422	3.4355829443051267
116.0101	407.228	0.7714502980307826	0.30885254551732616
116.0106	396.899	0.4535207738087538	0.8141243411860495
88.1004	561.866	0.025457854875901506	-4.135732843917928
88.1	525.708	0.1094416276380972	2.7251286040788854
363.056	372.889	0.6039809957206084	-0.5673468154992259
135.0541	349.355	0.035181996032999485	3.637886092884328
134.0219	402.531	0.926427588968572	-0.09815690728207174
132.0534	185.46	0.31627946155016556	-1.1370598508539307
74.0364	361.279	0.07446234089978084	2.248084195268997
297.0887	271.05	0.29521654294381455	-1.198850396121807
130.1216	233.356	0.39680518060288245	1.0570242068503457
117.0791	325.935	0.6622633909784534	-0.46383427698094765
119.0583	180.515	0.48499752758496806	-0.7549794355326194
119.0582	207.274	0.002634582893659046	-5.627799331341225
244.0697	472.973	0.33886944511515216	1.184665644431618
488.1075	170.006	0.2062098806984315	-1.5869990131219596
192.0259	390.072	0.13725987808596535	-1.8857127591846379
267.0961	477.661	0.09111427908898596	2.394151612233109
102.0313	305.941	0.9660100510068051	0.04499646470236966
347.0621	197.474	0.7279168118620931	-0.3825324809836237
129.0793	380.95	0.3571731608005141	-1.0164615424683427
129.0786	399.66	0.17179600937912343	-1.6221540170420639
117.0785	292.978	0.929414608376844	-0.0934370104257192
131.1055	247.956	0.35816022117555224	1.0224926457997434
276.1324	215.112	0.14727943584390524	-1.7232443419195427
174.0528	228.465	0.43755734724226286	0.8689635285113305
87.0675	346.36	0.6205797419785888	0.5787910638384294
251.1008	325.559	0.8093921877610665	0.25685639057434534
189.0628	412.503	0.10432964058201069	2.0404508174485994
154.0278	464.819	0.044694178835635666	-2.663647868212882
220.0853	497.195	0.7238753184998943	0.3980565765130192
300.2057	759.595	0.40431241624904213	0.9295165251704786
138.0321	483.492	0.2042379203612594	-1.6135351200346695
117.9865	451.46	0.6609267282324833	-0.4681002027349199
345.0486	258.598	0.35225399998850415	1.1866172573884726
165.0434	462.28	0.6261885236238609	0.5322185896868243
116.0956	285.437	0.04477181298914426	-3.959514674245283
146.105	492.951	0.31442472283087886	1.3290518144178252
62.0004	243.814	0.2637718853126141	1.4728327764870328
116.011	306.607	0.3597832558893392	1.0659574374332144
194.0583	494.809	0.09600458717410594	-2.3107131196753814
158.1302	644.843	0.27067856825872105	-1.2793822302735902
117.079	367.117	0.7667657493319087	0.3389306294793585
129.0429	324.487	0.2857885439018227	1.2991328490153309
129.0426	314.245	0.322341665793138	-1.0979037779809155
188.127	383.617	0.2332947289915707	-1.4791033093780868
131.0949	407.601	0.8475923120073968	0.20538357291552906
188.1162	359.069	0.7632619884335292	-0.318612122624529
175.0633	501.725	0.8165031936513101	-0.244583146735428
109.0526	426.664	0.044773377478913606	-3.187242044402004
189.111	216.805	0.3586898149087012	1.1711649176384515
176.0685	493.268	0.4582123968123411	0.8587907798853648
148.0373	428.816	0.4388127014565352	-0.8601117424701877
129.0899	238.278	0.2442492369618037	-1.3718663591919513
236.0797	332.279	0.670663284238558	0.4544015830740108
130.1114	345.929	0.08650807744687859	2.716368239628355
160.1201	525.72	0.4057442638396555	-1.040744822004734
101.0484	335.117	0.06170676560237447	-2.814003340956528
229.0354	154.747	0.7957865181004233	-0.27498343437417605
75.0683	255.08	0.015055722663582455	-4.4893738246353685
169.0363	418.712	0.04759341168390072	-2.9462426164017685
278.1512	664.021	5.85460953925218e-05	-13.207079363440636
104.0585	443.444	0.5396508775050456	-0.680839709765872
131.0574	257.622	0.4222744952562565	0.9535258109327444
113.0475	328.966	0.014534290826822905	3.665115310811114
147.0533	330.532	0.0032078815744212316	5.497165867774465
498.1185	423.185	0.6236247780259625	-0.5601087754846258
188.1276	199.745	0.0739438250996307	-2.260928119979047
132.0897	443.48	0.28036925645943706	-1.274372289559774
145.0733	236.638	0.024366322346900265	3.507265240701117
127.0629	328.346	0.030335495835822943	3.0006920683402893
212.0311	229.126	0.5646906951745572	-0.617000880300184
149.0458	428.543	0.06872088138061183	-2.3687738971525074
191.0592	464.338	0.894999068191471	-0.1463620945189357
191.0624	434.554	0.6155000633092289	-0.5475254370096977
243.0846	197.246	0.14623987733480412	1.774627735245461
128.0584	264.006	0.2747463957305501	1.3769362144880861
111.0315	383.065	0.21328189597356778	1.4314876690500835
334.2129	580.061	0.2912740395546878	-1.1797043764495396
87.0503	514.098	0.013364745575751125	5.140542227824193
334.213	601.84	0.08109471531164993	-2.515631106503163
148.0373	270.623	0.50337813918265	-0.7295862613717431
148.037	259.946	0.45728781709776306	-0.8166252861514928
272.0903	352.131	0.21142105407850179	-1.494630131679881
142.0739	361.137	0.010739138313781458	-4.82041126847222
142.0745	287.186	0.21927375412815311	-1.4765176325668234
228.21	747.27	0.3657207591306621	-1.0554013050366795
160.0844	210.68	0.3294343288433978	-1.1399701114782996
267.0951	173.154	0.002520455860413258	-5.759815341540312
267.0957	209.554	0.06005756146486657	2.503087338519433
312.2303	531.665	0.9953248201054451	0.0062464128135059456
101.1206	552.538	0.6671621655963269	-0.47085727765925883
316.2006	665.147	0.0009492046266263881	9.95835641511886
162.0352	463.355	0.07114329981045955	2.2859033318084543
198.0533	464.808	0.04278753790394167	-2.7972955995560387
278.1631	453.27	0.41485211222276025	0.9900512505129079
126.0313	505.375	0.1923883352981428	1.9050624395459208
147.0528	264.236	0.15083168803029132	-1.7061789080874052
193.0402	288.389	0.39691312399221435	1.065284164345436
332.056	297.763	0.8811293466695727	0.16098878322639512
166.026	362.039	0.666673645141364	-0.47577166287972616
73.0893	491.772	0.28139182862563855	-1.2798929680614117
294.2199	687.517	0.07544022659855053	-2.7659458494485443
314.2458	591.852	0.13278938389885345	2.4438462537943844
314.2453	615.341	0.22985014226814465	1.704824651123102
312.2307	680.638	0.7159855583902993	-0.38765375714537864
330.2403	514.1	0.35715793290752995	-1.0338854417507586
175.0479	318.294	0.4702683615665512	0.8178776383098424
240.0091	296.401	0.4880649030699643	0.8196253868936835
240.0088	248.944	0.799864417389968	0.28574880203404546
240.0105	315.305	0.21289263893913202	1.7708549727709084
240.0088	514.043	0.7217495072469118	-0.38929641597193515
240.0085	260.414	0.011429341878480983	-3.905465794615967
146.0583	287.416	0.15485531752152634	-1.7540463464851201
292.2037	637.688	0.032776651506963836	-3.6577139786188364
294.2199	614.682	0.1409165923115451	-1.8913793115706246
264.2095	743.435	0.6088045311646464	-0.5555679503152853
183.0649	546.375	0.5691542065408816	0.6354933099889752
199.0596	492.45	0.17971395712574348	-1.584662102058434
168.1141	617.026	0.40118265346477694	-0.9170793530935382
242.2241	788.308	0.30214198040383733	-1.2158026921856595
263.115	265.311	0.09661431260674255	-2.0460403638120237
146.0691	194.544	0.32529635136502283	1.1891154845643241
252.0629	372.701	0.7814281733171561	-0.2949316030263974
170.1306	645.841	0.508754232192111	-0.7117147678293483
296.236	659.36	0.014487432066890365	-3.6672491700432355
312.2262	599.016	0.11666635953691079	-1.931466558739853
312.2293	632.764	0.023273999028812855	4.534102619081803
133.0371	255.457	0.8464110225696083	-0.2057815968446222
87.032	362.361	0.2336349192614618	-1.4667801536404135
160.037	350.468	0.10801502129239102	1.979867645077839
173.0686	250.964	0.7297885081286162	-0.39080973924402135
180.0636	416.177	0.08640448214414095	-2.350959888122131
180.0642	388.88	0.14119406005586865	1.8369177804578634
180.0639	401.395	0.19248186086235822	1.5447185113147957
180.063	240.714	0.10547532410631238	2.766267461511092
180.0642	416.97	0.5134677317421548	-0.7041378137355937
180.0644	261.946	0.7858193527321069	0.2893379677511245
113.0472	375.723	0.78444579811764	0.2987661311540927
100.0523	440.466	0.10791329695703132	2.045503998361466
280.1055	219.612	0.4958578725912114	0.7906377218722345
172.0844	270.426	0.3484330865413931	-1.0860833718021399
147.0532	311.418	0.12468903652550715	1.876532024551786
175.096	289.241	0.7334783374362523	0.37946263936478397
228.1473	379.45	0.015348336924008726	-4.40779772526529
262.1317	404.522	0.264006225291189	1.5333766539335525
172.0844	288.056	0.23263494839602963	-1.463991470051891
262.1299	439.87	0.42276247699302855	0.983156896374151
212.1162	324.223	0.4594425548216098	0.8011660145307027
160.0846	249.203	0.01768924501729058	6.002029183891152
217.1431	451.459	0.1381540643879855	2.4007296517543737
186.1001	294.329	0.03779119985720453	4.67040148916558
188.1167	320.387	0.1565131489172669	1.8220847410923309
246.1011	453.706	0.6007296780975714	-0.5794915147148757
279.1199	289.392	0.43587696527873787	-0.8617004003185079
295.1157	483.684	0.032255648555006476	3.514408591587477
262.0783	201.873	0.8327972876243497	0.2389828362763566
246.1213	328.732	0.8509914990513231	-0.19816447724001016
296.1014	499.58	0.3606863953915178	1.0080202738936348
566.1461	340.553	0.13751794521005686	-2.34278289755721
217.1062	201.98	0.05238112423031536	3.732061009579347
275.1107	182.191	0.7587170586643656	-0.32906456453936606
203.0908	187.229	0.008738792915788645	4.792458531815931
274.1646	393.375	0.07844565904200276	3.3483866833071154
247.117	172.858	0.12955869003328824	-1.9689077307491079
276.0951	197.392	0.5022757687154547	0.7864647942030247
260.1371	319.847	0.42789144285641445	0.8624986695968281
234.0846	190.048	0.28570203479654394	-1.2887142779231635
246.1209	266.449	0.1366289893908515	2.4171555196929853
203.127	442.529	0.3875389376276236	0.9461273889349106
222.1016	331.209	0.5752670080137698	0.6309076834023013
162.0657	202.337	0.582129855000324	-0.6050448696888268
176.0805	222.875	0.659237848813879	0.4699197805919222
226.1066	467.957	0.6473145542923604	0.48698595459615257
284.1115	434.892	0.2916573130325659	-1.2737897901737574
252.1204	503.684	0.14844270139896826	2.2552874845473383
242.101	430.596	0.29592101896343115	-1.255555735522215
256.1171	445.093	0.5557826898903087	-0.6512898898336053
244.1785	451.214	0.3359929047357613	1.2344900959372322
232.142	308.406	0.3415220248522096	1.2075033228313865
246.121	296.154	0.169718216520013	2.06272095187455
244.1785	445.065	0.3057643885056603	1.3287448121370626
218.1268	290.52	0.2119896908838224	1.5535838144175909
217.1428	445.77	0.1311434009730185	2.4794272734406215
203.1271	433.201	0.862710821225767	0.18306822991199959
259.1898	518.802	0.17830450029220754	2.02949809171695
243.1587	467.84	0.1388422847421089	2.1165258732396026
245.174	488.298	0.4334111311001549	0.907022483362831
220.0853	307.526	0.8672275382599914	-0.18757070500515496
278.163	462.606	0.3589137573347028	1.1599246899699374
266.1258	323.779	0.19692253285630196	-1.4880933090598873
186.1001	310.003	0.012718754245477627	4.142119869240885
271.1646	392.553	0.37443299429746724	-0.9994103829630645
229.1056	230.502	0.07232933626037832	2.9635049149481003
230.0913	263.123	0.127407274889405	1.8548465556438551
244.1056	272.538	0.49469987951602573	0.756638380580712
252.121	518.224	0.22095637221657485	1.5422221741100983
243.1591	485.581	0.15971453137158204	2.151221546922356
246.1043	379.444	0.7865725429378673	0.30501401544886475
202.0944	258.482	0.6729968942231352	0.45250061204153436
216.1106	262.377	0.1846733789533429	-1.6541310485748588
214.1319	382.805	0.8010379357204434	-0.26688548112248445
176.0787	217.029	0.9121855034954613	-0.1173325648687443
242.0997	447.287	0.3512511944768525	-1.096541537547801
233.1369	416.749	0.12233800290629983	2.3427449215384972
236.0793	245.4	0.09210340223019191	2.698199953843541
233.101	184.447	0.0978604285977877	2.8608134095649134
234.0849	196.734	0.25731076591493185	1.2913319915535368
232.1422	328.61	0.11657557427706652	2.495517952991755
247.1537	431.156	0.1242754281709627	2.5510878504159047
250.0988	298.323	0.35499904152448053	-1.0198969280010948
216.1105	258.699	0.12493980814174585	-2.0041856063079413
220.1063	212.793	0.11951868977809996	2.307218058069122
317.1735	435.585	0.4262154416801475	0.9471067234935947
268.107	500.043	0.23618356526648462	-1.4053493767542815
204.1122	252.931	0.2652587960654594	1.530450076673061
216.1475	371.468	0.18053099413347376	1.9616315159452673
116.0838	503.912	0.4240725940533779	0.8786781313858407
146.0692	246.387	0.5563444708309333	0.6302015471523067
259.0457	148.0	0.2159842298384185	1.7824748597075577
211.0358	149.6	0.07861030538475305	-2.325486841542243
199.0246	150.0	0.0004787813329685976	-9.238149497391197
153.0096	152.0	0.29774213736567656	1.270875649671953
215.0559	155.0	0.878769484953283	-0.17141481150640653
169.0045	156.0	0.19533407039019443	1.8962146498290655
246.0959	162.033	0.16449726523980043	2.1459255042016268
195.0743	163.0	0.031766422526907576	-3.6681011784058115
178.0412	163.4	0.040567604499896714	-2.7501123733511803
261.0307	164.3	0.2606151738938131	-1.2914345056362946
332.1332	164.9	0.07532301825589388	2.943131477533076
307.0838	165.4	0.9851237234206496	-0.020023099959065517
302.1701	166.215	0.06446489090243361	3.7206727034500924
167.0255	167.021	0.4442791027637456	-0.8645894462325923
274.1277	168.7	0.004878607678371857	6.706246526657871
323.0519	170.0	0.0013969528943198984	11.085717934664157
238.0627	170.401	0.1687015688848106	-1.620524432178157
283.0917	173.4	0.9470455440206483	-0.06986092308050186
380.0733	177.1	0.46433775531895066	0.8638746722447272
335.0631	181.8	0.05414039626481552	3.179129608905093
162.064	183.219	0.7553792357259438	-0.3340125419675214
231.1349	183.34	0.41203682452947293	0.8986716661814591
275.1593	184.118	0.1687538801358637	1.8937422595658209
173.08	184.3	0.21814720716745267	-1.475260007451204
284.0773	187.1	0.21022100900874957	1.6138876266539204
163.0481	188.0	0.714359360645717	-0.39045623735778984
174.1117	189.0	0.7550737462749632	-0.32963357208770777
190.0954	192.9	0.29429327531202387	-1.1824485386480525
151.0303	196.2	0.24767723820503182	1.614893612309489
177.0637	196.3	0.030582027177300068	-3.0388955014245074
87.032	196.5	0.18191025228548463	2.009623921308295
727.208	196.8	0.07741631517606844	2.2887510208792596
347.0631	197.1	0.330958421053437	-1.1479300107218886
276.0958	197.3	0.3752191006992428	1.032884388434439
163.0593	198.3	0.03802516275671113	2.841978108971175
204.111	199.8	0.08114046017122883	-2.4348261594404246
188.079	199.851	0.015983879393980903	-3.6576733094018916
146.0691	200.0	0.7703910528736667	-0.3129658689871983
175.0957	200.7	0.26635864575372015	-1.3616885409023063
267.0968	209.6	0.06848944681702972	2.4779481649132813
105.0426	211.2	0.9613069895004183	0.05099703455691967
165.046	212.0	0.20121488231825718	1.8188036722029561
234.0852	212.4	0.1259250209812484	1.8383226685747311
190.0954	212.5	0.901003705870787	0.13110901837154165
232.1059	216.3	0.05375371399373887	4.109152416023443
147.0532	220.1	0.16858944917746088	2.030092540887445
218.0903	220.3	0.0007765292775299973	7.928446101352541
133.0375	220.7	0.06989045832482912	3.5512066008005942
289.1274	222.1	0.7587948328373935	-0.32688925714931655
131.0582	224.6	0.1629793149921139	-1.641450382127925
147.0532	229.8	0.7164011446191991	0.41473365136932483
427.0294	230.7	0.7129578170823057	0.4046682832701907
287.1107	231.462	0.4473765328251193	0.9260161706494053
271.1646	236.148	0.34982273545321446	-1.0570478900385105
245.1747	236.459	0.5143964577563749	-0.7440915454990736
119.0582	238.3	0.7604824495886757	0.33214765641102806
141.0426	238.3	0.8180320668109492	0.24933261786988312
161.0688	239.3	0.013298240917891465	-6.401807090666242
188.1161	239.3	0.430024244911491	-0.9684624805645582
114.0429	239.7	0.2879385660810389	-1.1887035113542672
147.0905	239.877	0.35245547651849113	-1.1041658356186237
133.0739	240.115	0.3184582861229553	-1.1847745872490907
61.0528	242.2	0.012351103042148726	4.751557852264058
377.1335	242.3	0.009497804319130864	6.747082481093353
144.1375	243.289	0.7037427415112681	0.42918518462525923
229.1058	243.379	0.45140657415256363	-0.8407066379992022
174.1004	243.9	0.7259753730546143	0.40065996804675313
197.0688	244.8	0.21754877276396598	1.7371248069615592
199.0957	244.9	0.27162864619279614	1.4736621187469745
243.1217	245.545	0.5193837384182354	0.6926847685145555
237.0862	245.6	0.7871801771918445	0.30328908891352113
105.079	246.4	0.38030313497512885	1.1142598870703466
346.09	246.5	0.05733233747420213	2.5520274904856683
427.0294	247.0	0.7885443263201133	0.2944925404663081
363.058	247.7	0.15305421913075712	1.7954413505248836
160.0848	249.3	0.010258118652928229	6.974206310868345
433.1362	250.2	0.34326951779709897	-1.0489030990204162
119.0582	250.8	0.3646701523830815	1.1622744576739368
204.111	253.3	0.15587605542158323	2.082247985724573
103.0633	255.4	0.36200678477955156	1.1133766642086012
131.0582	257.6	0.4149001889080859	0.9783835036649335
119.0584	258.352	0.002020320163428773	-5.887400601480906
224.0797	258.5	0.3330124231662767	1.0746413948199796
232.1059	258.6	0.08146091797105366	2.804537444862494
174.1004	260.7	0.32082635056348613	1.2213530401062578
346.0863	260.756	0.037719739661192526	3.208992016658238
216.111	262.2	0.11501213836732309	-2.077359899838884
434.2311	262.2	0.5036513272041822	-0.7202258899412081
230.1265	268.759	0.010103417921190084	-4.093218142523263
246.0861	269.362	0.5190570325065242	0.7365035623549679
147.0904	269.499	0.41761722660788375	-1.0129843159584906
217.9885	270.4	0.2220656726233118	1.5397698728986116
174.0641	270.6	0.11000058394357112	-2.0039028308772444
180.0899	271.4	0.0595764400996621	3.0006290790047925
119.0582	271.7	0.4413569017099213	-0.8380071122365218
132.0059	272.4	0.06129624569300012	-2.584558820072736
266.0903	272.6	0.47681653550640224	0.7802893201255814
131.0582	274.3	0.34702496172979075	-1.1611087131103133
89.0477	276.3	0.021104369001210523	6.134806493380008
259.1532	278.8	0.17509140990029542	1.9648584786477303
127.0382	280.3	0.9894533641872543	-0.01393130013685063
254.078	281.1	0.917313286515621	0.11002475674525528
117.0426	282.4	0.11183230010579291	1.9996258223944716
283.0913	283.135	0.938584951210332	0.08224263148549289
158.0691	283.4	0.022339804038226253	-3.6827491526200884
161.0688	283.8	0.04619512748686531	-3.0233558821759696
244.1426	283.917	0.13692706229986043	2.4123260716083608
183.0532	284.0	0.08356688936888373	-2.222796682169621
119.0582	284.1	0.0384563871564992	-2.8765427217365804
300.0845	285.2	0.035235998703148926	3.4913641946939658
278.1271	285.718	0.13684552801210234	2.348689015588539
59.0371	286.3	0.9763515495608914	0.03330041483559011
200.1527	286.942	0.3551988959802789	1.1839079595482795
155.0219	287.3	0.8664303895402184	0.17794398950797297
110.0484	287.527	0.6151635197936147	0.5702113609013072
193.0375	288.5	0.4047540574295173	1.0440362833860621
252.1211	288.933	0.5575311473500524	-0.6310766361242365
194.044	289.1	0.3110628639971588	1.3402642300793264
114.0799	289.155	0.5114357315575919	0.7358953512736784
218.1267	290.6	0.2248840300809486	1.4882642529335377
175.0837	291.551	0.03436509382466854	-3.588093515561736
147.0532	292.4	0.7939466126040753	-0.27928385685594465
189.0637	293.0	0.5298196125453383	-0.6939362259848882
328.1543	293.2	0.16356364214465904	-1.635908073232837
243.1217	294.53	0.1279110701633609	-1.94910739700097
638.1119	294.6	0.5585051810627342	-0.6853774319545904
328.0794	294.7	0.02950677094916462	3.028399200945578
329.0747	295.2	0.6122866260813181	0.5755217942517581
188.0797	297.7	0.1411085294067847	-1.8782146758745708
75.0684	298.4	0.18053915786354352	2.004979038041531
282.0344	299.5	0.3394117916032269	-1.05582385331938
146.1055	300.3	0.09059134854436218	-2.5432265425433105
145.0739	301.7	0.7465745569101916	0.3423093072146619
306.074	303.1	0.04722618591354628	-2.6838439099803506
252.1213	303.872	0.9758434320828927	-0.03248016270841868
101.0477	304.0	0.04828749491883685	-2.600345369788758
73.0528	305.8	0.04835745301433262	-2.632881088786841
145.0739	306.0	0.5860237087482616	-0.5830104258771892
151.0494	306.2	0.7617839885427569	0.335102716630301
165.0426	306.3	0.18718590303958568	-1.6130112660012645
360.1321	306.4	0.1659894603758645	-1.6244525808818955
330.0951	306.8	0.6714140854746481	-0.4583684976528228
286.0735	306.877	0.21613061596838443	-1.4500207020281626
446.0604	307.3	0.5690691086258448	-0.660139122352364
221.0913	307.6	0.9197678977551217	0.10932446679100688
117.079	308.1	0.04863053904928551	3.20276287708294
87.032	309.7	0.9992730617184038	0.000971106544850484
245.1377	311.609	0.2612267420659925	1.5303921811165728
226.0589	313.318	0.2901905551403444	1.2160490428702029
103.0633	315.6	0.42245367726351063	0.9969726536821797
216.1103	315.81	0.19090262466191196	-1.5363689899061606
89.0477	317.0	0.01127508656598177	5.371687616278399
230.1268	317.067	0.05130322145745444	-3.094496271358312
129.0426	318.0	0.23350845994448002	1.5034839509080506
101.0476	320.194	0.014121300616608493	-3.9016262918890368
314.0686	320.754	0.7963456160086472	-0.293847673088281
136.0385	320.9	0.5046333097454526	-0.7220344597290872
135.0354	321.1	0.4724519948810092	-0.7835477170125423
244.1059	322.706	0.032580808098773485	-2.9396009433351247
259.1528	323.789	0.0682506947393385	3.5700239488823287
293.1384	324.546	0.1369347882297357	2.306584912720053
87.0684	326.3	0.23170039882877658	-1.4887995446405768
259.1208	327.6	0.2334379699923432	-1.3859646734772502
187.1689	327.776	0.9101060125856534	-0.12425038938247764
243.1567	329.378	0.665593521079384	0.48118386960845566
153.0426	331.1	0.2678786650600704	-1.3310115989768867
222.1004	331.1	0.9556503307659603	0.06137770931538025
131.0582	331.4	0.27265167490024006	-1.3154253022221427
232.0042	331.9	0.28583238628371854	-1.2728415542889124
237.0862	332.4	0.656271636373111	0.4738923750824942
115.0633	338.4	0.030719419427999956	3.396335985766012
230.1267	341.371	0.39974100962901954	-0.9204846500786544
206.0412	341.472	0.16742786785822902	2.108761699483496
279.1206	342.566	0.15313315992052223	2.214110227829976
562.2144	343.7	0.5414605380130109	-0.709822520509707
260.1376	346.806	0.23747444659080041	1.6524817397860507
101.0841	347.0	0.9526635869413387	-0.06657821862835195
426.0879	347.7	0.04432419266809387	2.9184440138250376
125.0951	348.287	0.7936006203718805	0.2763009451025131
198.1368	350.3	0.2889707861851764	-1.2520462346923773
640.1428	351.3	0.5867025426620596	-0.6023904461674428
642.1432	351.4	0.9552602138174193	-0.05904346505851216
70.0531	353.3	0.14420079525387808	2.2933738613404113
117.079	353.8	0.4990077551547171	0.8176512685417843
234.0852	353.8	0.5758488893228155	0.6561190158031465
139.0382	357.1	0.28891773875304716	1.3039274613569414
103.0638	357.806	0.11237802679037187	1.9260510429925843
73.0523	358.34	0.0007744309492417881	8.883913363089352
112.0273	358.5	0.8321728916146355	-0.22359783889364657
433.1129	360.5	0.12527026337083627	2.4419241900384665
302.0427	360.7	0.8143981030596749	-0.26710332173280754
214.1319	360.794	0.47947296964027253	0.8093139069434996
266.1273	361.149	0.10746458702712364	2.7810139807269683
208.0848	362.0	0.5739473836971094	-0.6124196767285018
153.0426	362.1	0.01149852378009848	5.382957801041803
246.1328	363.4	0.5017014594209876	-0.7466717571820903
188.116	366.038	0.8022269158265526	-0.2645056892618196
304.1383	369.5	0.8496998407315792	0.20651959535291312
210.1004	370.6	0.5769128288766059	-0.6146819641186153
114.0317	371.2	0.02265073773941076	6.139471062319092
248.0562	372.5	0.02536555740920251	3.2437535373797064
279.0968	373.1	0.6686761020149651	0.4548610412567133
70.0531	373.2	0.06594148073386386	-3.6367376784461336
70.0531	373.9	0.05439099347026488	-4.01860519518039
222.1004	374.9	0.5549206021325042	0.6734745686607231
300.0845	375.1	0.9725264471972266	0.03631555554574911
228.1107	375.207	0.3013582871099085	-1.1556526545893318
187.1208	376.1	0.04077816613329533	-2.7567779272073847
212.1161	376.849	0.03918284951767114	-3.2945335743791175
230.1273	376.909	0.191402641489095	1.8721883570329618
195.0895	379.8	0.09496077884172031	3.0006662053438777
300.0841	379.841	0.9748846159130304	0.03343443135737772
337.1162	380.091	0.06555238213434836	-2.781603898350596
167.0582	380.6	0.5062808310689725	-0.7357726942822835
151.0633	382.9	0.8156418547308858	-0.24831154636301536
381.0686	384.3	0.4048780672191149	-0.9302778991041667
186.1005	384.541	0.1596907788888113	1.8729037819182595
126.0317	385.5	0.6112710046504826	0.5612930105340552
231.1337	390.266	0.07150463360777894	3.2621055321998775
208.0736	390.5	0.1451993934620735	-1.7376882252716865
190.0954	390.9	0.09862990012470975	-2.098292614602916
593.1461	393.361	0.12437200434830818	1.931395626424821
165.0426	393.4	0.19759055720503682	1.8032287960262614
594.1585	394.2	0.22913336664568754	1.4431131744454677
73.0528	396.0	0.1838272915668151	1.9136925654224852
123.0661	397.698	0.02943554336502521	3.0870942869047697
212.1162	398.97	0.06917498129754458	-2.706031156292834
151.0633	400.0	0.09212894361847342	-2.091755441083588
286.0477	400.2	0.02218804240465069	-6.1641305427348545
101.0841	400.353	0.04673982634823107	2.9010991718331534
142.0263	404.841	0.23388512486147134	1.6753636693066556
228.1469	405.602	0.1391302222728525	2.351878432597502
396.0151	406.2	0.2529265137839591	1.41510339449626
326.0994	406.288	0.21008124559335636	-1.442600591383802
131.0946	407.6	0.765698003199956	0.32120983341947734
126.0317	409.3	0.004522676456292018	5.1141650141617525
275.1486	414.09	0.12322351365238539	2.577243630714221
159.1259	418.8	0.4120170777038306	-0.941512990188523
240.0238	419.0	0.7396474310911558	-0.3639192476995196
162.1004	419.2	0.2451639865972385	-1.4461215349792096
243.0855	419.2	0.13888544851051804	2.2728171527001377
340.0794	419.2	0.5956007139301156	-0.5757266691386117
480.0904	419.4	0.474430235970739	-0.7818221926869754
281.1111	419.433	0.07066015393978929	-2.7399918798691365
255.9984	419.9	0.260301280658363	-1.3660155679679868
523.2054	420.1	0.08217742205844555	3.2622113351063318
139.0746	420.4	0.25254280139945146	1.5755860544890787
259.1169	420.8	0.020598019728965977	3.856730443980134
277.1487	420.82	0.1770356720394274	2.0485517502655948
203.0903	422.138	0.007590399560494468	4.990196519060563
228.1466	423.384	0.9634454015121577	-0.04827896947462677
179.0946	423.5	0.09968471476813201	2.903173368988327
286.0477	425.4	0.07235257851987549	-2.695202007540387
283.1281	425.4	0.7660971553729095	0.31524583568390807
286.0477	425.6	0.05737247662902064	-2.613240078578696
126.0317	428.4	0.9733109173102001	-0.03560826234300951
135.0694	428.631	0.6180805812749096	-0.5418589972009076
127.0633	429.743	0.05379878898089097	-3.0157342443275548
168.0415	430.087	0.5914403398260331	-0.5750306377250805
168.0423	430.1	0.641280923236158	-0.49613195036963587
121.0528	430.7	0.2783166328213391	-1.3023006666819386
284.0768	433.078	0.4644537217719757	-0.8326806776982618
114.0315	433.713	0.042882280610541834	2.9978387629175463
151.0633	434.7	0.124914834579945	-1.8541402824343185
162.0351	443.2	0.11747899945541909	1.9495332786180413
217.1426	445.8	0.09008169045864765	3.085674736836798
114.0315	448.277	0.19623754215839878	1.896438507838742
228.1471	449.883	0.18637105472438667	-1.5464575268107743
217.1426	451.5	0.23083182509960856	1.699857985882176
245.1379	451.706	0.026972902941432498	5.888560980420768
73.0892	452.983	0.11878728183250864	-1.9746024583448063
132.0899	456.2	0.26288718959046325	-1.3740708341760186
151.0997	456.4	0.16475053288441488	-1.665541307853548
124.0524	458.4	0.809549045649822	0.25919588860520787
195.0895	459.5	0.039564336521121235	4.829688751578536
413.2626	461.935	0.21976422932367828	-1.5715894056861393
246.1029	463.556	0.16249826228732173	1.680362511861461
154.0266	464.8	0.04720712288275256	-2.6695534164710257
153.0538	467.2	0.59671389136617	-0.5694820724593844
203.1273	467.577	0.19777787453516585	1.6942885040795788
256.1099	467.6	0.6142769835740161	0.5747429357412943
189.0427	468.679	0.4881355585368232	-0.7766435199998377
576.1479	469.4	0.1419532832801745	1.7769108222470273
243.1223	469.9	0.38205214446896024	1.096852868251098
146.1055	474.7	0.22695679818274897	1.7055577795386379
146.0844	477.1	0.1232634598945741	2.490944414601383
328.1543	479.0	0.022586949245116776	-3.285011369373883
329.1627	479.2	0.05901478283942456	-2.655334099715058
207.0896	480.155	0.34477157101084954	1.1795078502134706
138.0317	480.2	0.6672128066080187	-0.472412604317691
224.0685	483.5	0.22139553663016323	-1.536528157419028
187.1689	486.22	0.001017641388833655	-6.91782880315633
133.0528	490.0	0.04863739123998686	-3.000128268918805
194.0579	494.8	0.10843588010878341	-2.2220893305206357
266.0903	495.4	0.9088866508371475	-0.12074727978956866
268.0808	495.647	0.6769611914886131	-0.4420253309484957
564.1115	496.8	0.06376417069213301	-2.4983332981013446
130.0744	497.032	0.7830892460357287	-0.3056581682674162
244.1782	497.102	0.052243329463049555	4.177876322633635
128.0473	497.6	0.7904963558518034	0.28599290068468775
148.0524	499.9	0.20714427694058324	1.5090108732240577
161.0477	509.4	0.5612213181830029	-0.6470320916025089
257.1052	511.0	0.0705108969695595	2.9622808250553363
109.0528	511.2	0.5184095846855439	0.7432912442020748
182.0577	515.709	0.05874073951315201	-2.9360228722219235
209.0244	515.9	0.11650298375246264	2.65948873156109
99.1045	516.111	0.9194588923016134	-0.11399711025732426
121.0891	517.7	0.7222482959780344	-0.40626882475138554
336.0845	518.9	0.058390991479255194	-2.857127948992112
175.0243	521.4	0.10305995017815228	-2.046015307856533
239.1018	522.0	0.04692243545568142	3.226200699712877
214.0994	524.7	0.973757691841562	0.03602055071999277
130.0733	527.362	0.6042876697503747	-0.5543834128853227
176.095	529.4	0.10431675608914595	2.63864476092638
152.0473	529.6	0.9472120339964071	-0.07186958889032394
149.0477	530.5	0.9744854711336024	-0.03373999774006606
87.1042	530.883	0.9815009690353604	0.024570642617613762
343.1749	531.178	0.7358707595177818	-0.37354430233671865
138.0681	531.5	0.33876199901823245	1.1778734850891195
152.0473	537.0	0.2699070026650919	1.3810259247259262
136.0524	538.2	0.2510420894284159	1.568201038228372
184.0372	538.6	0.18417796566740818	1.982832901270471
580.1792	546.4	0.7581519945924465	0.3479505927982321
111.0796	547.2	0.05715873615654752	-2.8542035960609384
224.1049	552.5	0.016969455944637973	-3.6210361315844577
138.0681	559.0	0.40665821764712695	-0.9782274618256273
164.0473	562.0	0.77203897997392	0.3288413420699526
181.0739	562.3	0.464646682280922	-0.8272244941482884
124.0524	567.2	0.1457123479937664	-1.7354157598115878
418.1264	573.1	0.9652906490204287	-0.04866040818720938
154.0266	605.5	0.4400226438724369	0.9354752566938908
120.0575	607.0	0.34921615237085585	1.1897855703766589
152.0837	621.3	0.13297921034128027	2.411074375254552
145.1579	644.8	0.086764933299099	-2.1294901815030056
61.0164	212.6	0.9285589812690306	0.09891258773304067
73.0164	212.6	0.35439814753015497	-1.069897736768157
74.0004	212.6	0.40170663910588755	1.0055622673084588
118.0742	212.6	0.8466695990172262	0.21218451055612444
181.0739	212.6	0.4932508024429772	0.7937545665913616
183.0532	212.6	0.3081926657728275	1.1774999262133206
187.0481	212.6	0.19895537584315884	1.8917066915795115
191.0794	212.6	0.814738192690214	0.257079248613607
222.0674	212.6	0.306413368100726	1.2491259386724476
197.0688	212.6	0.9494626672272231	-0.06912183680175327
133.0739	212.9	0.7475712664544305	0.36220586407107164
161.0695	212.968	0.8236169734949051	0.23628531537617575
161.0688	213.0	0.48968458964672207	0.7826290941631767
306.144	213.5	0.05383746061508084	2.5113219378351825
141.0426	213.7	0.936012984753677	-0.08833488861256229
145.0739	214.2	0.4302623577084182	-0.8576944824826224
192.027	214.8	0.4725271537682029	0.8709905973658522
235.0481	216.2	0.891513996692221	0.1511080793529112
195.0532	216.6	0.3258560816937639	1.21880753667311
106.0266	217.3	0.22049348155191575	-1.4484475656626703
239.0794	219.7	0.25846978640916496	1.3489075774177663
89.0113	221.1	0.3398616173900675	1.0826390210474928
188.0797	223.3	0.2808615786921601	-1.3288174770620491
76.016	227.4	0.5632775345381735	0.6706270003892635
175.0593	228.2	0.09971860399357012	-2.0175479956799194
206.0427	229.4	0.5140216120986493	-0.7222264051051721
195.0532	229.6	0.529209183514288	0.7081525494525165
351.0954	229.6	0.5391241646391233	0.712804787985922
174.0164	230.0	0.6932614658443117	0.42434544610011504
117.0426	230.6	0.12125361081325646	-2.2265144331877003
253.0223	230.9	0.18187433699737554	1.6795139225745706
117.079	232.2	0.20999692741320866	-1.440974174918559
192.027	232.2	0.19914789111784967	-1.5448796143597252
191.0219	232.5	0.2175154293811579	-1.442607340699762
166.0477	232.9	0.5246631872145473	0.6857625816529495
175.0481	233.4	0.8391190914869449	-0.22630308573211488
168.0423	233.7	0.8519808206009961	0.21144015377339892
134.0215	235.0	0.6816140529684873	-0.43989917558622144
282.1328	235.0	0.27942353314754487	-1.2126899265097335
117.0426	235.4	0.35044590768951234	1.1353418792413699
234.0852	235.5	0.333074023258501	1.201714363186956
304.0907	235.7	0.5456172261705621	-0.6524940826836126
180.0634	235.8	0.12153222001216088	2.0030940457336737
253.0947	240.739	0.2577721317065503	1.3862238212765121
174.0164	240.8	0.15371119943288036	-1.6997002059919493
132.0059	241.3	0.11331556404657453	-2.033702648624073
130.0266	242.9	0.04899156667351971	-2.638097531293316
169.0487	243.4	0.3111062066520843	-1.2453390929008992
104.011	244.0	0.20021277163894247	-1.6435233555310678
206.0427	244.0	0.15289551999375264	-1.822663141322321
189.0637	244.4	0.5326288374651612	-0.6875914482297525
145.0375	244.6	0.262420417641307	-1.2648563768461416
198.0528	245.9	0.5498885335666782	-0.6441312869072131
90.0317	246.1	0.014367494676819418	-4.284008379266296
145.0739	246.2	0.3617970384513443	-1.0177237510110098
113.0477	247.0	0.20765347276499146	1.773109741827841
139.0269	249.0	0.23901286759351512	1.6201192348703655
157.0375	250.0	0.040473080607936696	3.0158312927635156
90.0317	252.1	0.014970280713562973	-4.407813172382162
163.0845	254.5	0.5771378592439039	-0.6298538362006227
205.0586	254.5	0.9448083672406533	0.07470262943640756
115.0269	255.9	0.8038014261812427	-0.2807958795914745
145.0375	256.2	0.07265737789959067	-2.3203591807180124
246.1218	257.474	0.8853211107577996	0.1569030994236989
172.0372	258.1	0.024640783249475013	4.162025193822641
156.0535	259.9	0.4765836013703321	-0.7707248761089139
219.0743	260.4	0.7347820601380618	0.36973886435694536
143.058	260.748	0.350102327175583	1.051993273612008
162.0164	261.2	0.23762597991903528	-1.342006306609438
187.0476	261.615	0.04422137020441521	-3.029676998517317
132.0423	261.9	0.4630684767783207	0.8428906078409999
300.0845	262.7	0.8389537562259002	0.22500420461608348
104.011	262.8	0.21263391507229534	1.7081976666931304
158.0691	265.2	0.2752388877987779	1.3769346210448004
88.016	265.7	0.5499172562353409	0.6905122350595693
134.0579	266.0	0.778428266504187	0.29736712455338943
365.1352	266.2	0.013238890584623119	-4.685504864300532
160.0372	266.4	0.698861763551444	-0.41011550808051467
129.0426	268.3	0.6381955921521411	0.5337022918076962
226.0477	269.0	0.21187412364694758	-1.4356711734575898
104.0473	269.8	0.9723322305154802	-0.03847212458836501
206.0427	270.3	0.20403037803935617	-1.5345393328236363
87.032	271.8	0.011917744094431072	3.862500369650956
171.0895	272.1	0.43425248985287224	-0.9350345971161378
133.0739	272.2	0.39927976893179495	1.027379649980572
143.0582	273.543	0.4136544401157208	0.8952114714978008
189.0637	274.7	0.35367580780293956	-1.0316343836972481
206.0427	274.9	0.18422527298824368	-1.6075927390460119
131.0582	275.5	0.5352715244352146	0.6907034096474293
130.0266	275.6	0.05076860812443151	-3.1275977380346647
118.0266	276.2	0.6933298000867623	-0.4203336409799995
198.0528	276.9	0.8657173109115264	0.17870779492446448
160.0484	278.9	0.3450987855743031	-1.051379989867398
244.1054	279.673	0.012066201667935228	-3.9942407613133795
88.016	279.973	0.11859635422136414	1.8990678979334341
148.0372	280.3	0.49061598544411483	-0.7520225158074755
102.0317	283.1	0.21833745355159767	1.436763042464433
104.0473	283.5	0.025278888179272714	3.1746885083643956
104.011	284.2	0.2696965025355687	-1.35393081211249
159.0532	285.3	0.9972338518734287	0.003811223093485139
148.0372	285.6	0.4794483829768773	-0.7742822971963236
168.0423	287.2	0.43321576681688023	-0.8557860305905731
160.0372	290.3	0.7113014005221777	-0.40123533942467604
190.0954	291.4	0.1677280651536762	-1.7016277291260278
104.0473	292.9	0.014415488606017214	-3.926993679999633
165.0455	295.029	0.23593801482346757	1.5718509247712016
143.0582	295.345	0.07126418968700853	2.347680846720014
173.0688	295.8	0.004559950697025917	-5.411961845363672
234.0852	298.8	0.5330710234973722	0.72862994127757
378.1274	299.6	0.31845260773906087	-1.108085998889811
157.0738	300.209	0.06727793167990548	2.9423826690075425
182.0579	306.8	0.6341011320658909	-0.5178635025310865
88.016	310.2	0.10810372888203457	2.616167452899201
60.0211	311.1	0.1502927157660316	1.8759924634535123
123.032	311.2	0.17257098638860888	-1.636055440459305
147.0895	311.2	0.3147905259544061	-1.120670620796156
303.1675	313.779	0.24715029533495717	-1.3956924024252282
130.0266	315.2	0.12950002103793068	-2.0543778452021724
345.1081	315.8	0.14531647102015996	-1.7850122240952366
118.063	316.9	0.3214120305581987	-1.1106449677915797
590.3104	318.4	0.7804604058665353	0.31277769045250964
116.0473	319.1	0.46199711432630697	-0.827247716471115
130.0266	319.6	0.054005977867319394	-2.751815089304361
180.0423	320.0	0.10825423181561467	-2.4570392374370686
268.0551	320.3	0.24949101183623304	1.3121582712442479
586.2791	320.9	0.9190780534654464	0.11181545577211714
146.0579	322.6	0.09210335985942988	-2.169172023279015
472.1819	324.9	0.1622614926966628	-1.6652354464183834
143.058	328.741	0.06578639184034893	2.8364157940757675
174.1004	329.1	0.05468674109346394	2.636079672278963
115.063	329.157	0.06353800611121754	2.5003652127722247
161.0688	329.5	0.40508830462959267	-0.9862173481973026
127.0633	330.2	0.2730502447115711	-1.284343685280524
129.0426	330.8	0.05934864211833196	2.726953342646287
258.0852	330.9	0.02412368248104809	3.195747768906967
198.0528	335.0	0.4689563769264966	-0.7839571747314793
314.0638	335.7	0.21605553823536763	1.624250980956093
276.078	338.0	0.6599483202014036	0.4926539333405738
321.0696	339.2	0.47469689418077887	-0.7770559298745792
212.0321	342.2	0.14398510742008827	1.8705982816132076
161.0324	343.1	0.8583653127264033	0.19359764239248764
145.1103	344.3	0.04244618674119724	-3.1360375445258226
588.2948	344.8	0.3164664027411495	-1.1143463420484283
183.0532	345.1	0.2511871474913992	1.502917560498061
127.0633	347.5	0.052416392119304676	-2.5318063743662393
73.5253	347.741	0.0963064983271373	2.1585760649093624
159.0532	347.9	0.19101913622801062	-1.5127972395052587
151.0633	349.4	0.8614883183883191	-0.18832694797099087
160.0736	351.1	0.11231143551589257	-2.1837112385759907
102.0317	354.4	0.21156552221899588	-1.4411112119807186
148.0008	354.5	0.7337784904906368	-0.37229054675106316
180.0423	354.6	0.583048829355588	-0.5865044467129263
166.0267	355.053	0.4786100105315797	-0.7818519755034142
152.0473	356.7	0.5482730421861732	-0.6434758263244145
72.0211	359.6	0.48630112458820307	0.7932087968577037
180.0423	361.2	0.6098556829629754	-0.5765926152429528
152.0473	362.0	0.6239251023837062	-0.5239597004473535
281.0899	366.1	0.12577668848294532	2.4519410001253297
137.0477	371.9	0.6064577238235657	0.5822508897989254
280.1042	375.349	0.7554783905719444	0.3551723335048396
191.0436	375.401	0.4783302217934665	-0.8178644781495701
210.0892	378.0	0.6043270438411761	-0.5921652846578267
138.0317	379.0	0.5074917311102142	0.7583757632149484
278.075	379.0	0.46921166630042893	0.8540693754668128
180.0423	380.8	0.3067298410121824	-1.2858524882294562
152.0473	383.6	0.34770758238545485	-1.08357158703982
166.0266	384.7	0.7825874106967163	0.29821950476159476
165.0426	386.1	0.9426268716084504	0.07709141774964297
84.0211	388.8	0.629567884534528	-0.5257212484185187
180.0423	389.5	0.7325838945643733	0.38109448102672083
86.0368	390.8	0.7662213599638134	-0.3176656494603589
161.034	398.338	0.35321900154597335	-1.0370890203008807
166.0266	400.3	0.26548183797662905	1.5094046466855666
176.0321	400.8	0.27668743291236686	-1.2556835754006608
226.0954	402.3	0.0032504059213465364	-6.031037255709841
352.0642	406.2	0.10678314212720283	-2.058936366979777
148.0008	407.5	0.8758108788019076	0.1647261833786088
172.0372	410.0	0.00442258934671691	-5.16449595181372
187.0481	411.4	0.027225176543713606	-3.3295394561959877
268.1059	415.5	0.5713962649236377	0.6464242319447105
584.2635	415.6	0.3320695523825653	1.1410525635012994
175.0481	416.9	0.21231973734370893	1.6284361565535557
88.0524	417.6	0.12992000439746942	1.965208556476201
197.0324	418.0	0.06797856924116873	2.6724330406705628
176.0321	428.0	0.7406935817015368	-0.3683992082337422
131.0219	429.5	0.10266668752427294	2.0199189478109827
100.0524	440.1	0.5416950838244122	-0.7166620405065579
165.0421	440.7	0.3983421873410809	-0.9618793794846603
137.0477	441.4	0.30111488590743585	1.3548023284078363
146.0692	442.11	0.2563693421475802	1.411994351564922
162.0528	447.8	0.003686722417248096	-5.183401521442496
164.0473	447.9	0.2058006285216078	-1.458079913459782
210.0531	449.239	0.3606419866399821	1.049067928806057
155.0695	452.9	0.9338852402078258	-0.092996321277922
118.0266	453.3	0.5492183661535202	-0.6433757273461178
122.0368	463.4	0.41352199160954944	-0.8946656011608535
144.0423	466.6	0.21376654610672235	-1.4716226392559184
146.0215	467.3	0.49942919794728696	0.7309736604881184
188.1412	467.7	0.14940793609956102	-1.7155866488082714
490.2203	468.9	0.34259861549865184	1.1934260097768803
172.1099	470.1	0.1895006358702913	-1.6903887192868217
130.0266	471.9	0.5134536087552691	0.7073122644386609
132.0423	475.9	0.027544098328888638	-3.7847832794128644
186.1256	480.1	0.17572736437333755	-1.590770989359809
114.0681	480.1	0.014420157804930077	-3.681428558704394
116.011	484.1	0.2696848760013686	1.3330657632076357
312.2301	484.7	0.7361647872058351	-0.36012570759089085
212.1412	486.5	0.9770779761928645	0.030751913366282562
148.0524	487.4	0.28895060475881357	-1.3625238641443689
192.0423	487.8	0.39548325452281335	-0.9880271367746958
114.0681	489.2	0.9771301594930817	-0.03059579663850174
168.0423	492.0	0.0171453812135077	-4.755080855363622
264.1031	494.5	0.07587225339012414	-2.5780310921032874
481.2312	499.3	0.7760792367874441	-0.3023829206684762
136.0524	502.6	0.2673129043074024	-1.3492621336137849
186.1256	506.5	0.003778388482262893	-5.25450310423461
160.0736	511.8	0.0011321239703996388	-10.285569132084666
210.1256	512.1	0.6920739193938121	0.4202153800835967
116.0837	513.1	0.7168171049542074	0.3934773800762932
278.1154	514.4	0.7726205900411722	0.31871945084860964
144.0423	520.8	0.5673120244429419	-0.6694812327124452
172.0723	522.704	0.037858043748980615	-3.523217127610528
116.0837	523.1	0.10051484131995211	2.2323754900873283
162.0681	531.1	0.38563544630084556	-0.9708020858322893
323.2093	531.176	0.0706299887510221	-2.389126757033997
128.0837	532.5	0.8133719707538167	-0.24927485492128354
158.0579	536.7	0.8106633545438193	-0.252696019557776
216.1725	538.0	0.20654572330432536	-1.574746124146957
174.0892	538.3	0.03663230178674648	-3.452307618985641
278.1188	540.3	0.0460592388886818	2.6739232260757237
144.0423	550.5	0.8144762032183814	-0.2511437143787522
212.1412	552.8	0.0037323978820036703	-7.844705560980241
308.1974	554.783	0.9854979796685704	-0.01912399376960755
130.0994	556.0	0.6387013222482988	-0.5012536168904325
312.2301	569.0	0.09892857329766112	2.8775463637746586
165.079	569.4	0.16999656305953165	2.065911178231635
166.0994	574.8	0.8801495135136135	-0.16760251870256151
332.1624	581.1	0.14967431014721502	-1.7037561255074674
332.1624	588.9	0.593765873482928	-0.5925321681519828
144.115	589.7	0.18162960775897125	-1.590153872556142
336.2301	592.1	0.17984860094019395	2.0256229962323284
166.0994	594.8	0.020560675989694598	3.4641280524762275
330.1467	595.1	0.30798625651032147	-1.2227710254384503
144.115	596.0	0.5272188661644597	-0.6800902206001962
334.2144	602.5	0.16564749639296558	-1.6658963989575124
313.2627	602.523	0.257286451416312	1.561803843719825
248.1412	603.2	0.17307344585224602	1.9985007057570194
316.1675	604.1	0.7147897075363092	-0.38730705742953536
214.1569	606.3	0.5681863492336492	-0.618879258346306
336.2269	606.553	0.19626453826467766	-1.5475234503156274
314.2457	606.7	0.3413502759762936	-1.0623164570320327
336.2301	606.9	0.1170407097468121	-1.8924350609340008
332.1954	608.071	0.014994460386537704	3.755209890969439
310.2144	609.8	0.03143326837363255	3.3285558261005663
296.2351	610.1	0.365740943570609	-1.0587251473519026
294.2195	614.3	0.8107729031471841	-0.2716976412337636
168.115	616.7	0.18667129764212917	-1.6652018449750534
228.1362	619.2	0.03081313627621038	-3.376957294613988
294.2195	621.5	0.055455382132642256	-2.4859874635819224
158.1307	622.8	0.5252175423724739	-0.6882497888347406
257.2005	623.189	0.1572349285846429	-1.7541761157071851
250.1569	626.0	0.4490533421154273	-0.844316178187471
316.2614	632.3	0.9999999999999989	-1.3917531264560276e-15
334.2144	633.1	0.037059390916450774	4.21344522519779
312.2301	633.7	0.005406516052807768	4.8771699567255995
286.2144	640.1	0.2255618044195118	-1.5061713603012112
334.2144	640.9	0.7443162415295964	0.3705436846822471
312.2301	641.0	0.6953378441974027	0.44436014104179933
338.2457	645.6	0.0019013991136978012	-6.1714580581473495
184.1462	646.621	0.4539642890913058	-0.8270290724139888
172.1463	650.6	0.9291998423447771	0.09462021559235263
332.1988	651.4	0.43037663863893566	0.8954393662587056
292.2038	659.6	0.6820161027759837	0.434713213704779
272.2351	663.1	0.4758161160800151	-0.7891147184065596
172.1463	667.3	0.15571245443963866	-1.8530862952073788
346.2124	667.427	0.5391990676023518	0.6599999252496426
332.1988	669.5	0.1169375097634399	-2.0406623034603975
318.2195	671.8	0.7576343256453899	-0.3304168152514882
278.2246	671.9	0.6200400077868268	0.5609806448855431
334.2144	677.3	0.15145019066235	2.211633915103605
234.162	677.8	0.1348104615489865	-2.014054189688807
270.2195	679.5	0.36510335802210503	-1.0430189757900692
294.2195	685.7	0.025198709319094254	-3.3719482950515896
258.1831	687.0	0.09578381000955533	-2.3972689983551265
298.2508	691.4	0.9534834263825306	0.06259727251472542
316.2038	691.5	0.04016666198094473	-3.9156397669261467
320.2351	691.9	0.7611105054447914	-0.33282044480812445
314.2439	696.872	0.22406450480952755	-1.507283849243039
292.2038	701.8	0.39311531487775886	-0.9713990047718342
320.2351	704.6	0.357358203486846	-1.05931216250074
314.2457	708.0	0.2973414439272574	1.1736223120081708
318.2195	716.4	0.2411613473102676	-1.4528663572398781
292.2038	726.3	0.38284520352151447	-1.0020603739405682
200.1776	727.1	0.18909973181102116	-1.652390120934108
250.1569	728.0	0.5534524114337831	0.6653589617615177
226.1936	737.429	0.03469513477974513	-3.5588809024382413
276.2089	738.3	0.33463899061714186	-1.1370653478317438
292.2038	739.5	0.2890774191706851	-1.2547128057766395
320.2351	740.7	0.39574988830148355	-0.9684631153617372
320.2351	747.5	0.24814351297030054	-1.4235380470629706
327.2779	757.153	0.003989046942100349	6.992763406399189
278.2246	759.9	0.25902887579692346	1.421314444530099
254.2246	783.7	0.13548205809424527	-1.9170960331027038
302.2246	787.0	0.2499112869287355	1.4072113259207715
280.2402	795.5	0.21610484852121437	-1.552418139730398
304.2402	818.2	0.4939427200840664	0.7755748221750629
306.2559	862.0	0.14707606405194448	1.881761073404789
256.2402	868.5	0.677196105638918	-0.44733342404615956
284.2715	950.8	0.3727807239880991	-1.0679106394149833
