m/z	retention_time	p_value	t_score
118.0266	243.828	0.974801572678692	0.03534209636763756
118.0266	276.2	0.9961756176425242	-0.005362177734156203
118.0266	453.3	0.41276535585773616	1.0165580748184413
119.0582	207.274	0.3869921300362697	0.9790448719773617
119.0582	207.274	0.0053044778702062215	7.770133718154736
119.0582	207.274	0.04577454467779869	2.8704340152324836
119.0582	207.274	0.8317029203285046	0.23939137162795304
119.0582	238.3	0.035306181903046296	-3.1946637735778234
119.0582	238.3	0.2942015918614798	1.291635276833754
119.0582	238.3	0.08924794478719887	-2.2475122476624567
119.0582	238.3	0.3751003483642254	-1.1088626778764772
119.0582	250.8	0.05116449914752672	-4.187314889457594
119.0582	250.8	0.09438221252713345	2.7960081867689652
119.0582	250.8	0.06731986451236104	-3.561412973971523
119.0582	250.8	0.3655127906273355	-1.1605727671503525
119.0582	271.7	0.16256671828291167	-1.771035909008382
119.0582	271.7	0.32005350664841636	1.2736324900925642
119.0582	271.7	0.435809472415873	-0.9067762664812228
119.0582	271.7	0.468265239411066	-0.8455513601699558
119.0582	284.1	0.1401415593823563	-1.85931743279027
119.0582	284.1	0.052323086141810186	3.275669144774896
119.0582	284.1	0.5638245680949028	-0.6294032104954527
119.0582	284.1	0.5652643459612282	-0.6735020961651021
220.0853	497.195	0.8310852099697049	0.2340375965897732
220.0853	307.526	0.6258208497481839	-0.5661691159533602
116.0956	285.437	0.0047047962772455215	7.396813447393173
116.011	306.607	0.005887461597527056	-5.463086871876423
116.011	484.1	0.005981537739639298	-5.553697930732315
117.079	367.117	0.09089147398733936	-3.0594192311148
117.079	367.117	0.06986110321459373	3.3300125462892622
117.079	367.117	9.194104430965303e-05	15.88237480739373
117.079	308.1	0.07288562292501777	-3.260731205435627
117.079	308.1	0.10109729698793474	2.2440471892677807
117.079	308.1	0.013491734108324181	6.354488510900951
117.079	353.8	0.08021461969992608	-3.2997533037321594
117.079	353.8	0.1078039373886624	2.7124005122745163
117.079	353.8	0.00018310773160156588	16.02369879222616
117.079	232.2	0.1286338367439895	-1.930983384104432
117.079	232.2	0.14632593075062858	2.0149006877266715
117.079	232.2	0.10121968823189456	2.8642857131333184
129.0426	314.245	0.4683221225097301	0.8144933488671543
129.0426	314.245	0.19860650417652692	1.7652618779182265
129.0426	314.245	0.2188475315905764	1.7275750269492036
129.0426	314.245	0.37066321674937297	1.117323534806706
129.0426	318.0	0.41688686149920584	-0.9703080569026632
129.0426	318.0	0.6013300466153573	0.5714344528810055
129.0426	318.0	0.6862185247447247	0.4364231156926232
129.0426	318.0	0.2040102799554869	-1.5164857805079577
129.0426	268.3	0.3552203863736073	-1.1190674011518975
129.0426	268.3	0.8066255027973677	0.26217904553348226
129.0426	268.3	0.9754150193170004	0.033041504414870686
129.0426	268.3	0.15679959654386205	-1.745546797082256
129.0426	330.8	0.30184890440382944	-1.3309098237923924
129.0426	330.8	0.9953726921874585	-0.006294593791424633
129.0426	330.8	0.7034323040470041	-0.40927884844004114
129.0426	330.8	0.07152540618851298	-2.5253228171427593
131.0949	407.601	0.5166273022850575	-0.7175151280066758
175.0633	501.725	0.20721624661211632	1.6816228100411923
175.0633	501.725	0.3244053050354654	1.1795430948260048
129.0899	238.278	0.632026638989069	-0.53338098428408
236.0797	332.279	0.18421115837402396	-1.6032126907972548
147.0533	330.532	0.060936982935817646	-3.000807211100308
314.2453	615.341	0.07439420060136066	-2.5090590061667117
330.2403	514.1	0.21224378227247082	-1.514753898652406
240.0091	296.401	0.16605829074965428	2.1271587280188826
146.0691	194.544	0.8631879231650292	0.19492804357597826
146.0691	194.544	0.10409441541031976	-2.7295618893502724
146.0691	200.0	0.35649791662328156	1.1881119077112026
146.0691	200.0	0.1425288267676195	-1.992719408823202
87.032	362.361	0.34394264096172766	1.228685958684715
87.032	362.361	0.309031889626342	1.3515233104147635
87.032	362.361	0.4493418468433585	0.912150847903012
87.032	196.5	0.5518387171456397	-0.6864486530530088
87.032	196.5	0.012482245218471733	4.987556736125621
87.032	196.5	0.3207525044114079	-1.3074146819980472
87.032	309.7	0.4589189004734173	0.8954081844459748
87.032	309.7	0.22830031759645253	1.699392467313346
87.032	309.7	0.6287558024741937	-0.5299699451517875
87.032	271.8	0.5563773913032675	0.647845935439248
87.032	271.8	0.00679973832050495	5.332697276762174
87.032	271.8	0.3813500922368412	-1.1090360857596386
180.0642	388.88	0.254413816787012	-1.5549249195546335
180.0642	416.97	0.33779001458167907	1.2470735872789072
180.063	240.714	0.0008074117037541088	-9.847246536705272
147.0532	311.418	0.07415003569865111	-2.708644546716651
147.0532	311.418	0.11382676061542557	-2.597423580270009
147.0532	311.418	0.0963087519846978	-2.236554211641048
147.0532	311.418	0.6941075846125386	-0.44051623129095874
147.0532	311.418	0.024908520577224487	-4.174780388262531
147.0532	220.1	0.7706689643935474	-0.3211254833260991
147.0532	220.1	0.23679902264413538	-1.6371509464635636
147.0532	220.1	0.44972632776725957	0.853256739744179
147.0532	220.1	0.2644008523725497	1.4409923538867675
147.0532	220.1	0.17991916702025856	-1.7739247095404687
147.0532	229.8	0.2914961184071133	1.214478094574542
147.0532	229.8	0.47741038654403434	-0.8278769036534537
147.0532	229.8	0.09823513105714014	2.233090430407445
147.0532	229.8	0.07534664110607495	2.436472116484895
147.0532	229.8	0.8943699066912334	0.1414706908942699
147.0532	292.4	0.27847030656003324	1.4304562608104703
147.0532	292.4	0.6704332289268815	0.4660020028059741
147.0532	292.4	0.22894753747247545	1.680654454451425
147.0532	292.4	0.17685840470071917	1.9111566485735771
147.0532	292.4	0.37877792843152236	1.0969128988486407
228.1473	379.45	0.060920805608716794	3.2119820178130785
246.1011	453.706	0.7863959056270695	0.29889100496730986
218.1268	290.52	0.07661300246920713	-2.6333441291818973
217.1428	445.77	0.06640915253528745	-3.4163376817933053
259.0457	148.0	0.000759905213451354	-29.118161455691276
211.0358	149.6	0.3122178705080842	-1.1613659890526338
199.0246	150.0	0.9548535296787359	0.06127623446839024
153.0096	152.0	0.43436656929521494	-0.8701938591084264
215.0559	155.0	0.7842405055021017	-0.3087879465912349
169.0045	156.0	0.11241815472089073	-2.053842697102887
195.0743	163.0	0.5453625983280155	-0.6899982137031242
261.0307	164.3	0.1847072507427702	-1.623301633619775
332.1332	164.9	0.011710481857266967	-6.0471804328278385
307.0838	165.4	0.012425689425677613	-4.99109489012594
274.1277	168.7	0.009745458047075392	-4.879093321667324
283.0917	173.4	0.05283684857980697	-3.7254338980618447
335.0631	181.8	0.017151987126763128	-5.43776392043075
173.08	184.3	0.4279043141291053	0.9428120083281105
163.0481	188.0	0.3183388330782319	1.1694293560969717
174.1117	189.0	0.4018554401756887	-0.9767919491225834
190.0954	192.9	0.44674727491375554	0.8588546540483096
190.0954	192.9	0.11488612840256049	2.422024617814898
190.0954	212.5	0.8385526831665333	0.21897475445041453
190.0954	212.5	0.18227073205183852	1.8342548097022697
190.0954	390.9	0.6057951535797277	0.5872619178305247
190.0954	390.9	0.27679137618773414	1.4506524233774754
190.0954	291.4	0.5589467820046974	0.6606965915153319
190.0954	291.4	0.20504842554353894	1.777865345450747
151.0303	196.2	0.19489585747293184	-1.9171910515371131
177.0637	196.3	0.02148821125970252	6.644457503803917
347.0631	197.1	0.13558906831525494	1.9264489557860265
163.0593	198.3	0.9005470013829862	-0.13636617138140839
204.111	199.8	0.3439775337787303	1.0725933300409989
204.111	199.8	0.018331571230202647	4.178107254265738
204.111	253.3	0.02728533747028548	-4.014755762532889
204.111	253.3	0.2200887056969758	-1.4625246748679648
175.0957	200.7	0.3972974441585318	1.068084566683309
267.0968	209.6	0.01828792029969187	-5.069038483174702
267.0968	209.6	0.008317784575468282	-5.573726248000075
105.0426	211.2	0.5287630689740684	0.7323065421385517
165.046	212.0	0.13781232799290377	-2.1424243472372875
234.0852	212.4	0.008914448096349318	4.772668456436864
234.0852	212.4	0.0038893452476426904	8.632008099168889
234.0852	212.4	0.65939138483274	0.4793119887471819
234.0852	353.8	0.022250774517262144	3.6898059062853896
234.0852	353.8	0.004306520379715664	7.644587560809469
234.0852	353.8	0.5788582610814088	-0.6130538609713027
234.0852	235.5	0.3083038891696092	1.2600540820527384
234.0852	235.5	0.14226388127983372	2.2837179887223464
234.0852	235.5	0.4682290609417284	-0.8270001399592652
234.0852	298.8	0.08816164216185451	2.2636002675051037
234.0852	298.8	0.010735057771035778	5.629337557208692
234.0852	298.8	0.16313275250737827	-1.7755496139927158
232.1059	216.3	0.025894072843736172	-6.080126646099025
232.1059	216.3	0.01882841010702881	-7.138520162987
232.1059	216.3	0.38661547123444506	-1.0977357882313934
232.1059	258.6	0.018238804096223093	-5.837137225034171
232.1059	258.6	0.0077119129834195615	-6.398805355402085
232.1059	258.6	0.37547714986909564	-1.0740231430400764
218.0903	220.3	0.030807997280620898	-4.545202300757062
133.0375	220.7	0.20349784756033984	-1.8551879441066887
289.1274	222.1	0.9661144394939307	-0.045746273231514874
131.0582	224.6	0.06212241671347779	3.721665483178134
131.0582	224.6	0.24596576323434077	1.4114376698462463
131.0582	224.6	0.055625720514225784	3.2371808801240856
131.0582	257.6	0.3119232980901926	1.3175989936158126
131.0582	257.6	0.29558089154615186	-1.2089259934290268
131.0582	257.6	0.4412334041839862	0.8763184310485527
131.0582	274.3	0.07831153663635051	2.6591435545864277
131.0582	274.3	0.09939992791925494	-2.8872211109918338
131.0582	274.3	0.7718497245265079	0.3296065156666462
131.0582	331.4	0.29785816262215536	1.3943088896915532
131.0582	331.4	0.3805423939374666	1.1123987359892615
131.0582	331.4	0.3057562438226357	1.3614239399219887
131.0582	275.5	0.0611722373333673	2.625140742218973
131.0582	275.5	0.10980083258533153	-2.5587941280009936
131.0582	275.5	0.5688554390097592	0.6515383122311774
141.0426	238.3	0.32732663336535905	1.210494142797813
141.0426	213.7	0.07309520262739738	2.780464510407252
161.0688	239.3	0.4135188822439237	-0.9833941969679888
161.0688	239.3	0.8327941216204461	0.23864346859796415
161.0688	283.8	0.015883026810955946	-7.511587226036539
161.0688	283.8	0.11225076172455287	-2.7166199256188057
161.0688	213.0	0.01867557007374418	-5.358846115073561
161.0688	213.0	0.19637648167811983	-1.8625096148615918
161.0688	329.5	0.02272983134871057	-5.691124709482226
161.0688	329.5	0.18974382691709227	-1.9339800994198904
188.1161	239.3	0.5413297696525525	-0.7250521278633845
188.1161	239.3	0.8469347254620567	-0.21763599560815577
114.0429	239.7	0.2251461839931588	-1.5640795609413631
133.0739	240.115	0.35030772333591326	1.129369972163656
133.0739	212.9	0.5410010550380532	-0.7056713338429911
133.0739	272.2	0.15350618272042255	-2.029639575425364
61.0528	242.2	0.012887458631206815	-5.4017635323311515
377.1335	242.3	0.017019412858334786	-6.375878901275498
174.1004	243.9	0.17331450384579827	1.9040242076952583
174.1004	243.9	0.6728710317551474	0.47087523164811557
174.1004	243.9	0.771587596458857	0.3216851021538273
174.1004	260.7	0.7804723837515226	-0.30098588133339205
174.1004	260.7	0.29147740937138006	-1.2753521841085662
174.1004	260.7	0.2755014604060491	-1.3159065518910409
174.1004	329.1	0.28092103712114747	-1.3017768624621386
174.1004	329.1	0.037052829979529404	-3.2359535478193866
174.1004	329.1	0.04153963071449555	-3.175163677030007
197.0688	244.8	0.9470553933128754	0.07067319436489157
197.0688	212.6	0.3306385241420907	1.1363070062778335
199.0957	244.9	0.10799721882068751	2.67145204131155
237.0862	245.6	0.058957324026815305	-3.741591727470077
237.0862	245.6	0.5143175751368037	-0.7331675388784646
237.0862	332.4	0.13597579116362513	-1.8696568758382743
237.0862	332.4	0.5983768370156737	0.607122559661115
346.09	246.5	0.2877661024498197	-1.2797518087815964
346.09	246.5	0.10691507680559462	-2.1732860621747974
363.058	247.7	0.4085454496665125	-0.9551034391869461
160.0848	249.3	0.00915533555657177	7.108192543139817
433.1362	250.2	0.5372224447365448	0.7322597027740939
103.0633	255.4	0.9658096702904644	-0.04679671642390575
103.0633	255.4	0.28408321222797267	-1.3622923165529566
103.0633	315.6	0.062214780226805155	3.0368937356930283
103.0633	315.6	0.76430550665913	0.3260153800036157
216.111	262.2	0.31227495638191366	1.293597055392934
434.2311	262.2	0.8428812372066942	-0.2209610689024935
217.9885	270.4	0.5289797984682382	-0.721072618817959
174.0641	270.6	0.8435321730954652	0.2215722311775242
174.0641	270.6	0.3310089867006075	1.2338710167253373
180.0899	271.4	0.0315911439491361	-3.85721647078769
180.0899	271.4	0.024291392509499004	-4.065686649746403
132.0059	272.4	0.10639721745308452	-2.108078705226826
132.0059	272.4	0.5850144332919165	0.6297679839693017
132.0059	272.4	0.5829878956766306	0.6252646124796883
132.0059	241.3	0.05873844160022999	-3.4379073915334732
132.0059	241.3	0.3694115093503502	-1.0208534321822922
132.0059	241.3	0.4251409314764127	-0.887166629065806
89.0477	276.3	0.03174281577680023	-3.2474490851146043
89.0477	276.3	0.0836704410272609	2.3253303260654583
89.0477	317.0	0.30985009229245947	1.2331949449920343
89.0477	317.0	0.03110739908429969	4.458479463965405
127.0382	280.3	0.08602036044502599	3.1561787801311496
117.0426	282.4	0.1738030946131468	-1.9289710331777132
117.0426	282.4	0.4414398761732966	0.9453893118018452
117.0426	282.4	0.719653629698587	-0.39705863764505145
117.0426	230.6	0.2945288510215793	1.253911406079195
117.0426	230.6	0.021729099064115156	6.590229308561062
117.0426	230.6	0.022715894529656715	5.703487299168994
117.0426	235.4	0.38471166903350734	-1.0188361098631404
117.0426	235.4	0.14444829900729508	2.321589982448046
117.0426	235.4	0.2714271620697521	1.4381852036283882
158.0691	283.4	0.27126999901792326	1.3248503265413554
158.0691	283.4	0.12337738231670252	2.4473818897733524
158.0691	265.2	0.08765103799109833	-2.936685577902143
158.0691	265.2	0.04582751166710006	-3.096636425810011
183.0532	284.0	0.0038621426952929025	-9.582107282203053
183.0532	284.0	0.1074989579047096	-2.7781974596743253
183.0532	284.0	0.008225393718799332	-9.980751919426586
183.0532	212.6	0.02683137014832994	4.163636271457468
183.0532	212.6	0.5176807974885549	0.7480673486705081
183.0532	212.6	0.18342743737905035	-1.618300523612793
183.0532	345.1	0.2563421484886734	-1.3824419336288003
183.0532	345.1	0.2893803541807335	-1.3527426933796967
183.0532	345.1	0.0061435600447629305	-5.7497645351786515
300.0845	285.2	0.2827793363763566	-1.2569930276932133
300.0845	285.2	0.26288151906367074	-1.3190838515035783
300.0845	285.2	0.07684585149033202	-3.0252840887623225
300.0845	375.1	0.0946147666317684	2.674679775350683
300.0845	375.1	0.09618661075798958	2.6592605892835075
300.0845	375.1	0.5742863043896258	0.6132788106158955
300.0845	262.7	0.21863154058202897	-1.55219971222292
300.0845	262.7	0.201939941039138	-1.6256466534042817
300.0845	262.7	0.07796518843604945	-3.165067150491664
278.1271	285.718	0.1359304217994053	-1.8643670007313151
59.0371	286.3	0.00025278777235328574	13.484897434964534
155.0219	287.3	0.3119008975963127	1.2707589656886469
193.0375	288.5	0.05233935002993567	-3.384505994857679
218.1267	290.6	0.8214134529472877	-0.24228626295765243
189.0637	293.0	0.5938986244441486	0.6140447850247635
189.0637	293.0	0.5103855788166393	-0.7337201545704365
189.0637	293.0	0.40104764833912515	1.0488319650230105
189.0637	244.4	0.5647241026688301	-0.6290839326176759
189.0637	244.4	0.28782754760758267	-1.4144553112347156
189.0637	244.4	0.5354074169191171	0.6931728850144474
189.0637	274.7	0.12041115383335597	2.265772108616488
189.0637	274.7	0.8861217457087345	-0.15670577071614333
189.0637	274.7	0.08864722814665046	2.984342582090363
328.1543	293.2	0.9804937984171449	-0.026830798018118947
328.1543	479.0	0.8098223936130869	-0.257427186763471
638.1119	294.6	0.006588992779157088	11.387906539585842
328.0794	294.7	0.23376642613786677	-1.4499097638956557
188.0797	297.7	0.3774962146025067	1.0189915203662558
188.0797	297.7	0.60524942543641	0.5927019227553748
188.0797	297.7	0.6213479002679082	0.5598758404861005
188.0797	297.7	0.6195965292461125	0.5625827097134607
188.0797	297.7	0.6919063401083076	0.4537137043311398
188.0797	223.3	0.07749586526605294	2.3940101716464985
188.0797	223.3	0.10261712995273951	2.234549515579432
188.0797	223.3	0.1133106345456625	2.0658195420079037
188.0797	223.3	0.11312160931315583	2.0646271707921366
188.0797	223.3	0.13522440904863728	2.1503669101843874
75.0684	298.4	0.053131688857376104	-3.9372268529801517
282.0344	299.5	0.05741996910381851	3.2921074741176746
146.1055	300.3	0.47962162705453854	-0.8595608875032841
146.1055	474.7	0.2691439284563318	-1.513899657974127
145.0739	301.7	0.17729833879726814	-1.9618948943539432
145.0739	301.7	0.8595551239963387	-0.19591250085581186
145.0739	301.7	0.9932616338197846	0.009028720409732916
145.0739	301.7	0.5237263767896289	-0.7654397741975894
145.0739	301.7	0.9465586789211882	0.0743968632376559
145.0739	306.0	0.2754186298683556	-1.444942483755627
145.0739	306.0	0.8232608139618641	0.2481710347094451
145.0739	306.0	0.7222895987262882	0.38410272283109514
145.0739	306.0	0.807748425647898	-0.2769255402755576
145.0739	306.0	0.6503030901761984	0.516820467953221
145.0739	214.2	0.012741409275611397	-4.850323925780444
145.0739	214.2	0.6845420949096785	-0.43718838445033353
145.0739	214.2	0.9989215425392548	0.0014732380957365651
145.0739	214.2	0.15657688769347627	-2.1846572015472523
145.0739	214.2	0.8906801636793625	0.14667955108046576
145.0739	246.2	0.01619345549411786	-4.096430433181854
145.0739	246.2	0.46445406130334516	0.8130368899745946
145.0739	246.2	0.5267670704912553	0.7308000877587006
145.0739	246.2	0.5475680526658988	-0.7109415391182032
145.0739	246.2	0.18379727655489023	1.6070613763498975
306.074	303.1	0.012441406963889547	-6.874402110674883
101.0477	304.0	0.9154063176478815	0.11644921801167407
73.0528	305.8	0.07553061735422884	2.669616768335657
73.0528	305.8	0.03473475446644791	5.032407073378536
73.0528	396.0	0.0888975218935069	-2.290769558536255
73.0528	396.0	0.9123836351142014	0.12340154420996752
151.0494	306.2	0.23295757886446533	-1.454323540411018
165.0426	306.3	0.12934514549803544	2.3426594255087307
165.0426	306.3	0.24523009912295368	1.6230870768247856
165.0426	393.4	0.48056278798851865	-0.7897250021824207
165.0426	393.4	0.016456670550899003	-5.869697442048874
165.0426	386.1	0.5789197233356962	0.6137216170217893
165.0426	386.1	0.046789669551749895	-3.645647356050592
360.1321	306.4	0.5793343716747557	0.6402855045610196
330.0951	306.8	0.9547164737064968	0.06051813691099955
446.0604	307.3	0.020431114129339158	4.126632617191466
221.0913	307.6	0.4529357870494829	-0.8673910599706898
136.0385	320.9	0.3338939799759081	1.2223848974058327
135.0354	321.1	0.3377640562180374	1.201350226555379
293.1384	324.546	0.07067333638571635	-3.023430165880732
87.0684	326.3	0.33802069794576567	1.2489092016726544
259.1208	327.6	0.11509960291471714	-2.4458013408926256
153.0426	331.1	0.3558550879926655	1.190564129228321
153.0426	331.1	0.4695673708007018	0.8811953724949122
153.0426	331.1	0.34921946542518084	1.2065323887991843
153.0426	331.1	0.2884820139707776	1.431218325479696
153.0426	331.1	0.29885052476778684	1.3890127695994838
153.0426	362.1	0.007172115916169487	-5.250194133511078
153.0426	362.1	0.028753704612065747	-4.834635553488621
153.0426	362.1	0.17728167030645245	-1.8847028535948434
153.0426	362.1	0.4172894855820757	0.9037462877423508
153.0426	362.1	0.9499869152485576	-0.06723269379555609
222.1004	331.1	0.4301698874805816	0.9714696975487938
222.1004	331.1	0.0020601753650820336	-7.506024793486705
222.1004	331.1	0.4070060570615949	-0.9308180208551491
222.1004	374.9	0.13943429951440536	2.3307682155813256
222.1004	374.9	0.0031004543092285138	-6.825179770650133
222.1004	374.9	0.898340636751396	-0.13664327637710516
232.0042	331.9	0.21491455080165864	1.7132915686531767
115.0633	338.4	0.06507137503105889	3.6578253373115364
426.0879	347.7	0.12051211516487356	-1.990680767314381
198.1368	350.3	0.6311291233141187	0.5611348370018744
640.1428	351.3	0.11570060199060005	-2.4918008846375317
642.1432	351.4	0.1624286404489468	-1.8406701856604606
70.0531	353.3	0.07542428052189581	-3.352713079558435
70.0531	353.3	0.07542428052189581	-3.352713079558435
70.0531	373.2	0.3190667399734054	-1.3117538077151694
70.0531	373.2	0.3190667399734054	-1.3117538077151694
70.0531	373.9	0.3190667399734054	-1.3117538077151694
70.0531	373.9	0.3190667399734054	-1.3117538077151694
139.0382	357.1	0.9286025764931516	0.09572831394535761
112.0273	358.5	0.05383620363067231	-3.5068598857637223
433.1129	360.5	0.5999323342176609	0.5967969852039473
208.0848	362.0	0.9149110275802086	0.11961062085972417
246.1328	363.4	0.6068983588097705	0.5584308088112241
304.1383	369.5	0.8488354465874817	0.2032886626219415
114.0317	371.2	0.011974556885845856	-8.56086719835882
248.0562	372.5	0.18313757406866915	-1.6090995288838392
187.1208	376.1	0.08316560335376003	2.89097077689218
195.0895	379.8	0.026074014381407374	-5.912459935301941
195.0895	459.5	0.04224611809541478	-4.262801888268575
167.0582	380.6	0.1283859914246228	-2.38042107705582
167.0582	380.6	0.23228416709147146	-1.501430531041869
167.0582	380.6	0.37006390813026985	1.0329557760855237
151.0633	382.9	0.30277135548651257	1.2548041859830896
151.0633	382.9	0.1272247482634702	2.4128896139985008
151.0633	382.9	0.6702926282882028	-0.461251384325126
151.0633	400.0	0.13612655065291837	2.208323950167726
151.0633	400.0	0.08983995645739436	3.021995933862217
151.0633	400.0	0.5608671852855365	0.6339998613819612
151.0633	434.7	0.005360860381322145	5.502276689077908
151.0633	434.7	0.004413859279261549	9.001483694210815
151.0633	434.7	0.3521081787863902	1.134176033277228
151.0633	349.4	0.11783809346527498	2.210018321179479
151.0633	349.4	0.06498555151247877	3.4773143899518706
151.0633	349.4	0.8897043543979217	0.14853309140593368
381.0686	384.3	0.6729264866388857	0.48883673661508714
126.0317	385.5	0.9183179341055316	0.11035374344972439
126.0317	385.5	0.6965341687900986	0.4480947177839054
126.0317	385.5	0.7880400667103783	-0.3005598069121587
126.0317	409.3	0.5821561780760445	-0.6426043726060111
126.0317	409.3	0.1117693589295027	-2.304271239679653
126.0317	409.3	0.023989914447043646	-3.54118787152396
126.0317	428.4	0.8395736337363273	0.21669513732857992
126.0317	428.4	0.6387593401813301	0.5458410815023748
126.0317	428.4	0.9508408278826379	-0.0687243300322586
208.0736	390.5	0.39011486392893263	0.9880912855908702
286.0477	400.2	0.016743036799306384	-6.675424119633649
286.0477	400.2	0.008213194144120358	-10.67656982806513
286.0477	400.2	0.014617617195402043	-8.001089558854163
286.0477	425.4	0.08338134307356754	2.5244013979801636
286.0477	425.4	0.010133858592648329	-4.961380936800607
286.0477	425.4	0.05444969353372319	-2.8225687911324004
286.0477	425.6	0.01986932856432083	5.5047887518385545
286.0477	425.6	0.4044747943541215	-0.933224164619518
286.0477	425.6	0.4897523996509924	0.7608676674454363
131.0946	407.6	0.39101663533646236	-1.0318438181781282
240.0238	419.0	0.3688922617073619	1.1450853202257307
243.0855	419.2	0.13299201586659198	2.448007526092674
243.0855	419.2	0.13451346575245363	2.407432778660125
340.0794	419.2	0.1890169849208934	1.8656844536711699
480.0904	419.4	0.34337817382357755	1.098019905968219
255.9984	419.9	0.40540604298862587	0.9740915143275591
179.0946	423.5	0.16493093732760866	-2.1430419872486657
179.0946	423.5	0.059483986041190845	-3.86642954595236
283.1281	425.4	0.5271798660947447	-0.7338227470888361
127.0633	429.743	0.1286174445287449	2.475154556005195
127.0633	330.2	0.10015439202396027	-2.58241913650128
127.0633	347.5	0.15686181762919707	1.8786426745914195
168.0423	430.1	0.999417178292519	0.0008159593126091964
168.0423	430.1	0.6992010099378106	0.4249527873271077
168.0423	430.1	0.5968608685001002	-0.5953110518323445
168.0423	233.7	0.0075987599245978775	10.166656523853147
168.0423	233.7	0.034156606325064016	5.202289481020707
168.0423	233.7	0.7529838310529178	0.3604740645919292
168.0423	287.2	0.2506433999048209	1.5127629159183276
168.0423	287.2	0.15086416104801856	1.8126824502692145
168.0423	287.2	0.9034577578587237	-0.1344360954188161
168.0423	492.0	0.09991213302397584	2.776276580878028
168.0423	492.0	0.06303579581741194	2.944848891499087
168.0423	492.0	0.565333171977699	0.6470507721358965
121.0528	430.7	0.6232546664747738	0.5735904875581472
162.0351	443.2	0.03766919346850598	-4.50046379618352
217.1426	445.8	0.07895477713593294	-2.906372886647721
217.1426	445.8	0.08005824660687468	-2.690591231907565
217.1426	451.5	0.0653695811323064	-3.1932775665910773
217.1426	451.5	0.06045226446905066	-3.0607173430759023
132.0899	456.2	0.42362985756288923	0.9963086360821889
124.0524	458.4	0.392850420450281	1.0306536943436815
124.0524	567.2	0.31592043151871513	1.2932010281011401
154.0266	464.8	0.8657164520774612	-0.18394857954103858
154.0266	464.8	0.09322033472854545	2.6355394350450703
154.0266	464.8	0.9969938156724454	0.004179137069236231
154.0266	605.5	0.16010204486311272	-2.1538526857691584
154.0266	605.5	0.10852654918222383	-2.149476359893267
154.0266	605.5	0.0007448099491205519	-9.770952192241655
153.0538	467.2	0.29614193592531135	1.2901687508131978
256.1099	467.6	0.44866841474686336	0.923468443226488
146.0844	477.1	0.662129345450666	0.4925375871876395
138.0317	480.2	0.7297935078911735	-0.3707089798769805
138.0317	480.2	0.8362400756165639	0.226774449028101
138.0317	480.2	0.7224746731304226	0.40190272991918474
138.0317	480.2	0.49224550466029354	-0.8070550814048953
138.0317	379.0	0.7111909722707288	0.4174711259455043
138.0317	379.0	0.1092713321713449	2.170750991234789
138.0317	379.0	0.026283580902525288	3.448151193976045
138.0317	379.0	0.8998690893779531	0.13410831740732554
133.0528	490.0	0.12808706586799753	2.3517682793468153
133.0528	490.0	0.24270452716854093	1.4727139809230954
194.0579	494.8	0.17957789378761965	2.0281932205968136
564.1115	496.8	0.05576459889253138	4.019056155257798
128.0473	497.6	0.00430273614995877	5.890565031760663
128.0473	497.6	0.17481883022061853	1.7371364655211108
128.0473	497.6	0.0021280356798849447	8.606625836216484
148.0524	499.9	0.4178244509171806	1.009518275006665
148.0524	499.9	0.02975845645792601	-3.7966300297562205
148.0524	487.4	0.0061628579807967215	11.986542130903603
148.0524	487.4	0.6830782605441978	-0.45852363807437324
161.0477	509.4	0.3010415219313795	1.266877865140192
161.0477	509.4	0.4805640687390586	0.7771826496655735
109.0528	511.2	0.4266826585054634	-0.9062983330508805
209.0244	515.9	0.010961234069262261	4.494477434871108
336.0845	518.9	0.14718957231023178	2.109995042481265
175.0243	521.4	0.8594431125207114	0.18960732332230812
239.1018	522.0	0.07409807809894166	-3.2018766985954525
239.1018	522.0	0.06640178503993986	-3.3668552112700034
239.1018	522.0	0.35947820353273024	-1.0788589467602718
176.095	529.4	0.05322125742741068	-3.2199167357357408
176.095	529.4	0.026835550436003663	-5.21980840184473
152.0473	529.6	0.829660068362131	-0.23824333088426847
152.0473	529.6	0.005218158326907826	5.872900479971811
152.0473	529.6	0.926195726194593	0.10147558488970658
152.0473	529.6	0.2031651198233498	1.5236539860431002
152.0473	537.0	0.02370767464343311	4.662514961301704
152.0473	537.0	0.00017741154697043575	13.853820051064163
152.0473	537.0	0.011639673296754792	5.684652065404384
152.0473	537.0	0.00046639257488854306	11.379004291499086
152.0473	356.7	0.5905257085169476	0.5870072062416025
152.0473	356.7	0.051414459856695544	3.475962753024804
152.0473	356.7	0.45220741757742244	0.8452606179361158
152.0473	356.7	0.2640677584532233	1.4765535206420435
152.0473	362.0	0.3385461775686739	1.112344260213438
152.0473	362.0	0.05385838825411867	3.5827651958274584
152.0473	362.0	0.2665472827393448	1.3534401345909703
152.0473	362.0	0.18525869305227688	1.915584451965268
152.0473	383.6	0.5272213603166437	0.7456597768755812
152.0473	383.6	0.2434425036460175	1.6216337065813557
152.0473	383.6	0.4893349175160239	0.8282497415994498
152.0473	383.6	0.4257354145948538	0.9895048533752514
149.0477	530.5	0.2202604960359204	1.7102397803126625
149.0477	530.5	0.3837878521146268	-0.9782768404263474
138.0681	531.5	0.482251129460909	-0.7915932797065234
138.0681	531.5	0.4703038766051367	-0.8811075184357826
138.0681	531.5	0.4703038766051367	-0.8811075184357826
138.0681	559.0	0.34424358089952733	-1.197099757048007
138.0681	559.0	0.4537257460332575	-0.9220039159432777
138.0681	559.0	0.4537257460332575	-0.9220039159432777
136.0524	538.2	0.0008551339388970691	9.147067539289786
136.0524	538.2	0.06353697159455658	-3.2682670933021734
136.0524	502.6	0.3357332626611046	1.2527518296482725
136.0524	502.6	0.5748449081637829	-0.6508601554029647
184.0372	538.6	0.010617504332872101	-5.469230715231941
580.1792	546.4	0.17475927318206153	1.789291823689777
164.0473	562.0	0.06335562998045521	2.6343833496415354
164.0473	562.0	0.5301617062673193	0.6899293212909552
164.0473	447.9	0.05856728495189385	3.6880454262536095
164.0473	447.9	0.07362144175743282	2.9800792447652045
181.0739	562.3	0.9641919670325173	0.04971825823391106
181.0739	562.3	0.9466607422440958	0.07250664291117828
181.0739	562.3	0.803147779285791	-0.2828227965849336
181.0739	212.6	0.9389118684504671	0.0856847459726381
181.0739	212.6	0.9246286575271193	0.1065036552829672
181.0739	212.6	0.12101276594505764	-2.1283810912858905
418.1264	573.1	0.08503710068821153	2.731781466223702
418.1264	573.1	0.19649298148985916	1.8486346670057088
152.0837	621.3	0.13651939588061215	-2.138927482187677
152.0837	621.3	0.34325200632486147	-1.2067370112042766
145.1579	644.8	0.080438033832314	-2.826046998291591
61.0164	212.6	0.08130767350691759	-2.465901612823657
73.0164	212.6	0.7394056923320615	0.36189028350593433
74.0004	212.6	0.06651034394662231	-2.754587920123274
187.0481	212.6	0.0725041013790044	-3.504906642866978
187.0481	212.6	0.034936149513723494	-5.201301048262415
187.0481	411.4	0.9726228165524814	0.03653046514029637
187.0481	411.4	0.276803212585356	-1.2600996587446684
191.0794	212.6	0.49990749258524364	-0.7412031995320433
306.144	213.5	0.5547972338878909	-0.6709626381814872
192.027	214.8	0.015599078339109087	-7.460168167026295
192.027	214.8	0.005587342285607779	-10.598120417974839
192.027	214.8	0.18706794266666305	-1.965781393057892
192.027	214.8	0.1893249377039067	-1.9507919151872948
192.027	232.2	0.02395280945225179	-3.5516667844051493
192.027	232.2	0.052539129936561894	-3.115356037354899
192.027	232.2	0.4935690028810563	-0.7789422538293792
192.027	232.2	0.4697983831633737	-0.8306079515372448
235.0481	216.2	0.9338271473399098	-0.091929881844868
195.0532	216.6	0.5488351799132639	-0.6995220938927336
195.0532	216.6	0.3350138534939404	1.2370371404084395
195.0532	216.6	0.21099807563458928	-1.5735443456349278
195.0532	229.6	0.3185017945244839	-1.219455846708376
195.0532	229.6	0.5907097763352773	-0.6317965162987257
195.0532	229.6	0.08576081186434076	-2.281797435528453
106.0266	217.3	0.02696454601787444	-3.810270492211082
239.0794	219.7	0.6954106544083181	-0.421556940764376
89.0113	221.1	0.2546478246005189	-1.4624675957985511
76.016	227.4	0.05199903485458076	-3.9610836467122152
175.0593	228.2	0.04958436408915723	-2.9742473009294925
206.0427	229.4	0.046821905336534325	-3.4282753879525423
206.0427	229.4	0.8350444982902911	-0.22282035586781546
206.0427	229.4	0.3780531343173277	-1.0314749713682163
206.0427	229.4	0.04511654696985418	-3.149625184351609
206.0427	229.4	0.03234818909084604	-3.233434772333381
206.0427	244.0	0.03811542243804696	-3.366399687168367
206.0427	244.0	0.7654721784908174	0.3239855323810752
206.0427	244.0	0.5494508182119375	-0.6852300394630148
206.0427	244.0	0.04326719227048261	-2.972399072988627
206.0427	244.0	0.04741703007951691	-2.9953761159726158
206.0427	270.3	0.0429388660022953	-3.2712134381363587
206.0427	270.3	0.7792846257619747	0.3033976349579369
206.0427	270.3	0.5446756034897872	-0.6920234050675852
206.0427	270.3	0.04722940376325141	-2.9074308161685583
206.0427	270.3	0.047086436745497284	-2.965372429066765
206.0427	274.9	0.024148697941163286	-3.8618023707086246
206.0427	274.9	0.8899480141229494	0.14989506680373785
206.0427	274.9	0.484466486228553	-0.8164684683879162
206.0427	274.9	0.028488529348438395	-3.382820334471249
206.0427	274.9	0.04010527490883281	-3.2582491983423565
174.0164	230.0	0.35945351066344783	-1.1496850679958044
174.0164	230.0	0.35945351066344783	-1.1496850679958044
174.0164	240.8	0.4996767786647495	-0.8027766459161612
174.0164	240.8	0.4996767786647495	-0.8027766459161612
253.0223	230.9	0.056500044627159386	-3.0365792927369255
166.0477	232.9	0.5023735921450714	-0.7373039838058214
175.0481	233.4	0.023471618275267947	3.5654347267752438
175.0481	416.9	0.08941970928832758	2.4469318587392506
134.0215	235.0	0.9088456593605649	0.12501660356263505
134.0215	235.0	0.9274823866164976	-0.100191187854309
130.0266	242.9	0.3120897770279063	-1.1600703290160723
130.0266	242.9	0.23203632165744548	1.532148268295362
130.0266	242.9	0.3150911670339032	1.2313804421944956
130.0266	242.9	0.15130420368812328	2.0086623451277394
130.0266	242.9	0.8220682034778557	0.25463298943781115
130.0266	275.6	0.24677634822935313	-1.3901688687478655
130.0266	275.6	0.1892441719195024	1.674561311973616
130.0266	275.6	0.2798141572167133	1.3097847618966487
130.0266	275.6	0.10908651642083711	2.266305501794231
130.0266	275.6	0.9247437708783617	0.10605297595168442
130.0266	315.2	0.709837808365378	-0.4059992641648688
130.0266	315.2	0.3249451041561542	1.2605930755442005
130.0266	315.2	0.3791689279704531	1.0959854250369825
130.0266	315.2	0.260570925753652	1.5115363057558382
130.0266	315.2	0.6259847454449677	0.569508825092116
130.0266	319.6	0.18341800205814915	-1.7018000458294171
130.0266	319.6	0.22193660819856945	1.4869844622991963
130.0266	319.6	0.35403849576351093	1.0713534599306522
130.0266	319.6	0.1109067613600747	2.164162673011035
130.0266	319.6	0.7479044946269484	-0.3646972819458201
130.0266	471.9	0.09810358963757622	-2.5146738506038733
130.0266	471.9	0.6976498245220506	0.41793568389623975
130.0266	471.9	0.9238456245830895	-0.10185619698208975
130.0266	471.9	0.2889303625251776	1.2272844002063956
130.0266	471.9	0.1297294554270144	-2.311582290699925
104.011	244.0	0.27899044486893765	-1.4663161214454443
104.011	244.0	0.07333226676108041	-3.450430136485553
104.011	262.8	0.2926829785286481	-1.414148802551978
104.011	262.8	0.07651096853866693	-3.3978762438478953
104.011	284.2	0.6266120212555636	-0.5609431907219621
104.011	284.2	0.1253382274939994	-2.3864772861413375
145.0375	244.6	0.23753860666416532	1.5353197042240154
145.0375	244.6	0.5486477827658303	-0.6543497778430022
145.0375	256.2	0.12958241955354205	2.320181556640771
145.0375	256.2	0.699816315567996	0.41664661793042956
198.0528	245.9	0.37678425483554295	1.0430177932432667
198.0528	245.9	0.8408348146060776	0.21871078296585098
198.0528	276.9	0.5777493876834177	0.6063930005283353
198.0528	276.9	0.9202187547239911	-0.10665739320029276
198.0528	335.0	0.3389412599898601	1.1251135879779923
198.0528	335.0	0.7571385365172411	0.3357739371640218
90.0317	246.1	0.46338585741543	-0.8130703151808361
90.0317	246.1	0.5349301549622196	-0.6876703780641547
90.0317	252.1	0.49443236938323776	-0.7529601473068203
90.0317	252.1	0.562802088038057	-0.6376466657758071
113.0477	247.0	0.1111471169410724	2.083976130554444
139.0269	249.0	0.08209132681680531	-2.311018704656096
157.0375	250.0	0.5220980766996395	-0.7616010164432551
163.0845	254.5	0.010800454249560403	4.5073560666659915
172.0372	258.1	0.007972408162310601	-9.501972396526712
172.0372	410.0	0.18735610694147953	-1.5956499014027208
156.0535	259.9	0.21508159637090532	-1.686891406586452
219.0743	260.4	0.21913915185204014	-1.7300308757027918
132.0423	261.9	0.374003643747453	-1.0835661125068619
132.0423	261.9	0.3231872439728334	-1.1687919306387444
132.0423	475.9	0.37910853838380404	1.0041952321043945
132.0423	475.9	0.28177555969910933	1.348793493307279
88.016	265.7	0.24681795948984528	-1.537747841737553
88.016	265.7	0.4483781370642094	-0.8845873420988065
88.016	279.973	0.9552389386695117	-0.0626693661359162
88.016	279.973	0.32299241839977294	1.2314249397207546
88.016	310.2	0.4379455842519515	-0.9555553438400146
88.016	310.2	0.9853216654226172	-0.020634629746396908
134.0579	266.0	0.24998285162342798	1.3452236834718878
160.0372	266.4	0.2152274822528283	-1.7622834285602804
160.0372	290.3	0.1933081530564681	-1.9290544436310264
226.0477	269.0	0.9402330332381783	-0.08190077097717254
226.0477	269.0	0.1617810871017337	-1.829028812042282
104.0473	269.8	0.5147063783159337	-0.771287670888503
104.0473	269.8	0.07791795073722416	-2.4546451793573665
104.0473	269.8	0.5673554179049347	-0.666051994604735
104.0473	283.5	0.5605524720509396	-0.6822692579840725
104.0473	283.5	0.09725237206626369	-2.271187730630714
104.0473	283.5	0.622146755211519	-0.5686401252000378
104.0473	292.9	0.46421912488277023	0.8703123872678437
104.0473	292.9	0.1713356860341735	1.6685696470953932
104.0473	292.9	0.36207478715820524	1.1198094454977763
171.0895	272.1	0.17801820687700953	1.7152581744450575
160.0484	278.9	0.17256678435115513	2.016903062385772
148.0372	280.3	0.2709363939786369	1.4974735716029313
148.0372	285.6	0.31264506089224015	1.3324849098702551
102.0317	283.1	0.7424623735805498	0.3714250321159749
102.0317	283.1	0.40448994771888624	-1.0345834539804946
102.0317	354.4	0.6348734382246355	0.5487170509199247
102.0317	354.4	0.42684736563272135	-0.9695868364214048
159.0532	285.3	0.4480494730138505	0.858309761419758
159.0532	347.9	0.4496888818313084	0.9116166956015934
173.0688	295.8	0.1422937129828139	-1.848892088293443
173.0688	295.8	0.6710436538612709	-0.46328822776357315
378.1274	299.6	0.2662672265132281	1.434458380177124
182.0579	306.8	0.11004168150856485	-2.1802872830257085
182.0579	306.8	0.5170481210845155	-0.7268044976183018
182.0579	306.8	0.9555855997959892	0.05930855043261573
182.0579	306.8	0.9393711058503773	0.08103623233997709
60.0211	311.1	0.0008499249063003594	8.986267650715018
123.032	311.2	0.30680915016574645	-1.2177801991549522
123.032	311.2	0.41725730813008244	-0.9924272153022479
147.0895	311.2	0.9188188009790726	-0.10850955237261452
147.0895	311.2	0.28850419171820213	-1.2836325792234582
118.063	316.9	0.9121179139443232	0.12194809888682956
116.0473	319.1	0.15339251275215585	1.972917322159381
116.0473	319.1	0.1737144416362239	1.6738486631647636
180.0423	320.0	0.15578619471571106	2.066450526287556
180.0423	320.0	0.033956308342674026	4.173459098528783
180.0423	320.0	0.6202128886863224	0.5732885072955194
180.0423	320.0	0.9243982121698292	0.10668149262647339
180.0423	354.6	0.15318812434718415	1.7724738876158805
180.0423	354.6	0.05479377571354789	2.8619610005886598
180.0423	354.6	0.48275187085961113	0.7748897655364809
180.0423	354.6	0.7420549040649924	0.3577604327815782
180.0423	361.2	0.07229089268638661	2.4281295182567715
180.0423	361.2	0.024078986034342453	3.699979000067749
180.0423	361.2	0.28478263268191467	1.2490455631645672
180.0423	361.2	0.5244281226319836	0.7159743633410258
180.0423	380.8	0.054369143471439695	2.748464747412913
180.0423	380.8	0.012251275187460529	4.341376267922389
180.0423	380.8	0.26593759924115074	1.3490789318795606
180.0423	380.8	0.5157958976607848	0.7468257662833307
180.0423	389.5	0.06518554875708281	2.7092307649019407
180.0423	389.5	0.011853662223806108	4.529202059776323
180.0423	389.5	0.3208637670573384	1.2075818458930734
180.0423	389.5	0.5946368052275284	0.6099383185092856
268.0551	320.3	0.769426405175958	-0.31478677888347334
146.0579	322.6	0.5028556380958948	0.7716901521477333
146.0579	322.6	0.5357344153066593	-0.6803991874663163
258.0852	330.9	0.8929834375347355	-0.14331479445516201
314.0638	335.7	0.23460015519711092	-1.6762007304963564
212.0321	342.2	0.6959032450738052	0.4213232089807501
212.0321	342.2	0.30284276219694667	-1.2041049594955164
161.0324	343.1	0.5711794123744746	-0.6512524939949156
145.1103	344.3	0.705888423636932	-0.42013809479940517
588.2948	344.8	0.9657092856013032	0.0483830007074699
73.5253	347.741	0.2874860371796133	-1.3314797736817872
160.0736	351.1	0.5652630782237154	-0.6273515249267705
160.0736	351.1	0.9690634844629392	-0.042494838723196024
160.0736	511.8	0.370822131318389	-1.1216267565772142
160.0736	511.8	0.4438784420990166	-0.8722011153182972
148.0008	354.5	0.5024914784372818	0.7466091864385638
148.0008	407.5	0.7882928022290082	0.2971386026111714
72.0211	359.6	0.01798149492542632	-5.208828245426938
281.0899	366.1	0.13225859877027815	-2.373195457327531
137.0477	371.9	0.9788947317152568	-0.02942533741191739
137.0477	441.4	0.3761221590414423	-1.1091238522244375
278.075	379.0	0.009453924551717481	4.813085926937638
166.0266	384.7	0.6506209723563898	-0.5049974535365309
166.0266	384.7	0.9925357424828143	-0.009970193793079443
166.0266	384.7	0.9909977009864974	-0.012027937259343034
166.0266	400.3	0.04928377509243572	-2.988843337548743
166.0266	400.3	0.3278317178953989	-1.2130407046626157
166.0266	400.3	0.32197872211784934	-1.2300050485067202
84.0211	388.8	0.32025936889924134	1.2964769129402272
86.0368	390.8	0.003070391953126683	6.821407957758471
176.0321	400.8	0.21614176473973162	1.777779015667485
176.0321	400.8	0.793652497668401	0.2854360431356114
176.0321	400.8	0.481448175417406	0.8110743206125154
176.0321	428.0	0.16476789072833534	2.1217132898154083
176.0321	428.0	0.9107066321736448	-0.1196564754109744
176.0321	428.0	0.584994445723304	0.5991873326759765
226.0954	402.3	0.01897726981477901	6.192757682256517
268.1059	415.5	0.22038721107763357	-1.4525182997141999
584.2635	415.6	0.8442323794775504	-0.222924202755283
88.0524	417.6	0.009833475897811942	4.718343924723887
131.0219	429.5	0.15790948406518834	-1.7961736545834963
131.0219	429.5	0.2351230773142136	1.6532918567140524
162.0528	447.8	0.8373943263685542	0.2308864021209347
162.0528	447.8	0.2632897233512986	1.4283788644414974
155.0695	452.9	0.24002049022368954	1.4942038306262935
122.0368	463.4	0.04862933186782469	2.9181615554263423
144.0423	466.6	0.09548812072298143	-2.5912592275430213
144.0423	466.6	0.10893928178168875	-2.204112113006555
144.0423	466.6	0.1534694273143829	-1.8429486973781906
144.0423	520.8	0.12360216466979528	-2.4912239551293727
144.0423	520.8	0.15450024544798965	-2.104492577224109
144.0423	520.8	0.21352576449754887	-1.7042701292206237
144.0423	550.5	0.0853985105199936	-2.8143438696076934
144.0423	550.5	0.08543953800492761	-2.539223213216859
144.0423	550.5	0.11431707929917634	-2.1858786107715504
146.0215	467.3	0.41049401993552126	-1.0314105512654166
490.2203	468.9	0.151221986615964	-2.225195137444208
186.1256	480.1	0.9830675007930414	0.022580637559572046
186.1256	480.1	0.19850788174457862	1.7298095138238037
186.1256	506.5	0.21788905491130214	-1.7293230188526103
186.1256	506.5	0.8014094368836333	0.2756499742029524
114.0681	480.1	0.06361769284316175	3.011147617773447
114.0681	480.1	0.01932424345042997	3.914353362456671
114.0681	489.2	0.8998791260607555	0.14159970465716643
114.0681	489.2	0.3669082041490359	1.0790324080433786
312.2301	484.7	0.020568609092039166	-4.983528912940671
312.2301	484.7	0.8010962378747247	0.2694341804282462
312.2301	484.7	0.7997931822286861	0.2833355783831648
312.2301	484.7	0.6443490767759287	0.5167595901532307
312.2301	569.0	0.0023801221335274583	-18.440132910858864
312.2301	569.0	0.23559979360792693	-1.672678258520779
312.2301	569.0	0.019311110975619245	-6.387251267809398
312.2301	569.0	0.05459754044670519	-3.9545204684605686
312.2301	633.7	0.0025976916662422867	-19.21491421005713
312.2301	633.7	0.19835583999061368	-1.8955219199142892
312.2301	633.7	0.017511134657672033	-7.304236942765183
312.2301	633.7	0.04422729651920798	-4.561779316918378
312.2301	641.0	0.0023413155290652266	-18.56789632910206
312.2301	641.0	0.22667984953158782	-1.7206605975287395
312.2301	641.0	0.018233488215807617	-6.559221417974057
312.2301	641.0	0.05146237011993056	-4.077957998863203
212.1412	486.5	0.08928144133421481	-2.840685151880399
212.1412	552.8	0.7547109703902629	-0.34830178041593113
264.1031	494.5	0.09219377184281458	2.8985409069865256
481.2312	499.3	0.5959871221993942	-0.5998637366223573
210.1256	512.1	0.15177035515381512	-2.1848562908171782
216.1725	538.0	0.9037709477440609	-0.1330569985690582
174.0892	538.3	0.27828310828981934	1.4205843619738516
165.079	569.4	0.20387973172002882	-1.6068659528147575
166.0994	574.8	0.024701601556077528	3.648128300596964
166.0994	594.8	0.5517242823576367	0.6603427434710906
332.1624	581.1	0.7863449581064619	0.30203971236520266
332.1624	581.1	0.39299064931894323	-0.9567579774688901
332.1624	588.9	0.9591688643452875	-0.05560504982600931
332.1624	588.9	0.22887051572445075	-1.4502068240179269
144.115	589.7	0.011683764296373507	4.5959556130710535
144.115	589.7	0.03887983292833754	3.3926021077336617
144.115	596.0	0.06879894821659178	2.621474942799007
144.115	596.0	0.10674576931667278	2.085800137921895
336.2301	592.1	0.0007778804032957847	-18.30243251503587
336.2301	592.1	0.026284031607109522	-6.039812854771812
336.2301	592.1	0.024552764649762224	-6.25632645854524
336.2301	606.9	0.9184347777793598	0.11515534734725352
336.2301	606.9	0.027733115061075547	-4.744269411406342
336.2301	606.9	0.025025099990308854	-4.836712101169401
330.1467	595.1	0.21567138145401515	-1.5093392070228366
334.2144	602.5	0.03291592218018078	-4.434351890397102
334.2144	602.5	0.01220936403767117	-4.3916691239680805
334.2144	602.5	0.25191295254077833	-1.406967291189156
334.2144	602.5	0.8646734292134131	-0.18249785120423517
334.2144	633.1	0.029829967318103594	-5.658473502411111
334.2144	633.1	0.0134626772262484	-8.515472867073047
334.2144	633.1	0.0830802498718564	-3.2482232839643346
334.2144	633.1	0.1261013590747435	-2.541031082287116
334.2144	640.9	0.03202646298371712	-5.411169161496626
334.2144	640.9	0.014051891817430008	-7.782781583555928
334.2144	640.9	0.1027028992512278	-2.8400072218309624
334.2144	640.9	0.1833033783033766	-1.9690354583426841
334.2144	677.3	0.0457437137127389	-4.192641927731244
334.2144	677.3	0.023039775679762422	-4.221443826780411
334.2144	677.3	0.44464274752170385	-0.9074842220802145
334.2144	677.3	0.5875772541956387	0.6093655122553395
316.1675	604.1	0.8351515751362288	-0.2247618074634732
310.2144	609.8	0.00851826064892747	-8.484208489072527
310.2144	609.8	0.15161036573368925	-2.2427188055701204
296.2351	610.1	0.7103449610794519	0.4256408288434362
296.2351	610.1	0.32161806549972505	-1.2956818628176932
296.2351	610.1	0.18493741410665734	-1.6502374256255201
294.2195	614.3	2.8877028991621696e-05	-22.02957052472037
294.2195	614.3	0.06427892366003356	-3.133836141269213
294.2195	614.3	0.026292412765996483	-5.949597768713469
294.2195	621.5	0.05754809994475457	-3.748541382991524
294.2195	621.5	0.7847234515579088	0.30078604151194505
294.2195	621.5	0.02131699879832278	-4.595976404714079
294.2195	685.7	0.003044281469348061	-10.073027966361144
294.2195	685.7	0.32862961735723084	-1.111604150015419
294.2195	685.7	0.026360180000910102	-5.465973366112332
250.1569	626.0	0.4195227693403845	0.9607935072437984
250.1569	626.0	0.30256014791014185	1.336573212991497
250.1569	728.0	0.11904510561961068	2.0050497141738743
250.1569	728.0	0.02760931431527037	3.4843903701277164
316.2614	632.3	0.03708598332530035	-4.766494008790667
338.2457	645.6	0.04705213377165306	-3.95208015936276
172.1463	650.6	0.0334791434258508	5.303934859021172
172.1463	650.6	0.024942408782980534	3.794874688165363
172.1463	667.3	0.17242261190256541	2.083575970817661
172.1463	667.3	0.2379882400133667	1.529061035779416
332.1988	651.4	0.37172909292032685	1.1277820540104786
332.1988	651.4	0.8062908384501751	0.2757537067931097
332.1988	669.5	0.0987152628280053	2.8897359708443107
332.1988	669.5	0.1465819850900242	2.2457791084310736
292.2038	659.6	0.0725857363868589	3.0381385403696752
292.2038	659.6	0.07150366369821701	-2.7637311557005866
292.2038	659.6	0.10749580877892963	-2.4739279619679917
292.2038	659.6	0.07593549091185257	-2.9099511553627617
292.2038	659.6	0.18894408101564897	-1.913614820711611
292.2038	701.8	0.18564081195444893	1.9799575048568985
292.2038	701.8	0.6106688004767745	0.5839281074733744
292.2038	701.8	0.7304929213769478	0.3822960113339149
292.2038	701.8	0.8107551473109197	0.2646533383394805
292.2038	701.8	0.9004515734166398	-0.13337728831541149
292.2038	726.3	0.2088668627490658	1.824472995672798
292.2038	726.3	0.8074104620343237	0.2714991255858799
292.2038	726.3	0.9548610532816734	0.06172597588254978
292.2038	726.3	0.9483422224289033	-0.07083906037813543
292.2038	726.3	0.6921780896265137	-0.4257971235856863
292.2038	739.5	0.19603580435119286	1.9065464443959532
292.2038	739.5	0.7718998457007546	0.32362786534960125
292.2038	739.5	0.9210038885308749	0.10813112063868675
292.2038	739.5	0.9811008896036052	-0.025871461494299648
292.2038	739.5	0.7138552329577943	-0.3937481702585318
272.2351	663.1	0.9949829628294171	0.006826718349535755
318.2195	671.8	0.022110523319733427	-6.040203510119187
318.2195	671.8	0.1768550164003068	-1.9590946871340256
318.2195	716.4	0.17385679960025924	-1.786445210434693
318.2195	716.4	0.845187899218202	0.21479460358230934
278.2246	671.9	0.022794251765051707	-6.093188898586549
278.2246	671.9	0.030796886493578788	-5.361321682285503
278.2246	759.9	0.09710704383057858	-2.1725752878217124
278.2246	759.9	0.07962551300307906	-2.34303291040087
234.162	677.8	0.6975366493587873	0.42592953905786207
270.2195	679.5	0.9295770561212439	0.09737184399242668
258.1831	687.0	0.518416882381487	0.7532712769318256
298.2508	691.4	0.3351997734335855	-1.2320581871011855
316.2038	691.5	0.09398553047826329	-2.893957280916453
320.2351	691.9	0.12900943589945713	-2.005991917949452
320.2351	691.9	0.12226609368300878	-1.9612709308584153
320.2351	691.9	0.13591430615976838	-1.912696514081949
320.2351	704.6	0.66015394390161	-0.47729613782976554
320.2351	704.6	0.8691404591249288	-0.1793866798067012
320.2351	704.6	0.7777522771709012	-0.305446742663903
320.2351	740.7	0.7467863662177715	-0.3483584515775301
320.2351	740.7	0.9698531668352486	-0.04108404973435171
320.2351	740.7	0.8725705585684791	-0.17294517431556297
320.2351	747.5	0.8912690466899595	-0.14928097471986207
320.2351	747.5	0.9412137700353134	0.08159797206730912
320.2351	747.5	0.9880528873524203	-0.01641840588240769
200.1776	727.1	0.5137919623751191	0.7471608527370194
276.2089	738.3	0.9722483337445187	0.038684483672364496
254.2246	783.7	0.36459854660551255	1.1107535295743476
302.2246	787.0	0.13767054851972313	-2.0681857490298037
302.2246	787.0	0.012582352968613417	-8.596171876188414
280.2402	795.5	0.8396193728170169	-0.2222275900520936
280.2402	795.5	0.9250201415743615	0.10470339877398738
304.2402	818.2	0.03003179617898827	-4.441972889315706
306.2559	862.0	0.23720624698642154	-1.4774924690745457
256.2402	868.5	0.7909635522503826	-0.28949736561823874
284.2715	950.8	0.1566426823526479	-2.1080697124662855
