m/z	retention_time	p_value	t_score
118.0266	243.828	0.4454854304565109	-0.9331520735588531
118.0266	276.2	0.39758461044194554	-1.0544399042725805
118.0266	453.3	0.6798929950344155	0.4772436815531007
119.0582	207.274	0.023738586898035284	-4.249223208982479
119.0582	207.274	0.9198507738817205	-0.11106955879120588
119.0582	207.274	0.9231805738738851	0.10305666981642576
119.0582	207.274	0.8668614179577362	0.188442062002666
119.0582	238.3	0.025390654402882434	-3.7242308653955996
119.0582	238.3	0.39154954510398526	-0.9597104983437178
119.0582	238.3	0.36823996502590367	-1.0686348720956738
119.0582	238.3	0.7044532317394837	-0.4165467885467063
119.0582	250.8	0.11541123874134188	-2.216351957096198
119.0582	250.8	0.8943180206009083	-0.14234442022185528
119.0582	250.8	0.9681332038119698	-0.04415003909286795
119.0582	250.8	0.9249737424159341	0.10078073529501066
119.0582	271.7	0.0064662048152881665	-5.214068728586864
119.0582	271.7	0.19220100106696905	-1.6026036449588008
119.0582	271.7	0.11302556864415954	-2.1130344471303495
119.0582	271.7	0.5196568941911729	-0.7431928090458358
119.0582	284.1	0.00834977334054014	-6.692173605697425
119.0582	284.1	0.19269350370886296	-1.7984872714402866
119.0582	284.1	0.044961289854606984	-3.0473384123954594
119.0582	284.1	0.5309645117786035	-0.7435807973679032
220.0853	497.195	0.6227992928617867	-0.5445904465459902
220.0853	307.526	0.06275085526312306	-2.566499657499953
116.0956	285.437	0.23203232142810537	-1.681885288063965
116.011	306.607	0.39389487233578446	1.0353621940843971
116.011	484.1	0.27937089153901923	1.3852644902866433
117.079	367.117	0.7997294573738241	0.28796073765086405
117.079	367.117	0.2127170345044523	-1.4865980678725248
117.079	367.117	0.8447471861684974	0.20888597036197196
117.079	308.1	0.11046240955359082	2.359003295218985
117.079	308.1	0.2597979479358476	-1.4901563401280453
117.079	308.1	0.5252778749653219	0.7414186626326378
117.079	353.8	0.7266431780841772	0.39842114726231814
117.079	353.8	0.18029629924091056	-1.7012117199445569
117.079	353.8	0.829124018263381	0.23246786186483373
117.079	232.2	0.3588753109367354	-1.1318475474099827
117.079	232.2	0.10575043228936938	-2.4872070222028424
117.079	232.2	0.697164661357047	-0.4343480958358234
129.0426	314.245	0.22534086483974225	1.5664033542286249
129.0426	314.245	0.9133855170474046	0.11893187536023767
129.0426	314.245	0.9111707203886616	-0.11884465210602065
129.0426	314.245	0.7837050443414599	-0.3007842986893217
129.0426	318.0	0.0894339858625298	2.2874488701321956
129.0426	318.0	0.9362616445237772	0.08912692150061888
129.0426	318.0	0.8454707868710057	-0.2123134539660134
129.0426	318.0	0.6058019950112495	-0.5601008827913706
129.0426	268.3	0.3980064624900299	0.993280146372789
129.0426	268.3	0.8755054376297975	-0.17222657356019744
129.0426	268.3	0.5722374626517426	-0.6159623156653659
129.0426	268.3	0.3898835376501979	-0.998540168210108
129.0426	330.8	0.0765923046204942	2.4610441065079254
129.0426	330.8	0.9563718298960343	-0.061509549840960624
129.0426	330.8	0.6420518633688785	-0.5314717278238672
129.0426	330.8	0.27157621575799035	-1.3184640380844292
131.0949	407.601	0.01933558838265944	-3.824336534094672
175.0633	501.725	0.7678618278079254	0.3174733280596021
175.0633	501.725	0.2842704606180935	-1.3329895088899057
129.0899	238.278	0.38448960331824406	1.0074843823131892
236.0797	332.279	0.03964001775348375	-3.208772759129617
147.0533	330.532	0.045463788380164585	3.268040612942948
314.2453	615.341	0.27073285410550163	1.4975929686769205
330.2403	514.1	0.02916765154213424	3.360845171873429
240.0091	296.401	0.4173940315272529	0.9631241542772918
146.0691	194.544	0.13135100059905322	-2.021372492200026
146.0691	194.544	0.11675491563539886	-2.206843543369395
146.0691	200.0	0.15869553985486304	-1.7314394578329122
146.0691	200.0	0.1270719155449332	-1.941437051619354
87.032	362.361	0.3273649367542154	-1.1332297235430449
87.032	362.361	0.9376494604579825	0.08330026826191145
87.032	362.361	0.36062545324636425	-1.049061619589134
87.032	196.5	0.7999610243244545	0.28014039989742945
87.032	196.5	0.38945314569755995	0.9858968064527811
87.032	196.5	0.985300868156967	0.019634830094509836
87.032	309.7	0.12380346944514907	-2.1408704413668844
87.032	309.7	0.8988291896454138	-0.14104855807967984
87.032	309.7	0.27824635983899726	-1.4254873392705574
87.032	271.8	0.10200923208720186	-2.8029108895748167
87.032	271.8	0.71019353787525	-0.4271552381070562
87.032	271.8	0.235335520005407	-1.6713998480169192
180.0642	388.88	0.8834772770200674	-0.1590869528881268
180.0642	416.97	0.7725153575252981	0.31180124420153243
180.063	240.714	0.15219324352592112	1.9351328512226027
147.0532	311.418	0.2057428900630722	-1.6807322436457859
147.0532	311.418	0.489448007362009	-0.8244458300678544
147.0532	311.418	0.00011569284869883125	-15.304680390845629
147.0532	311.418	0.007002937142689234	-7.432452390467947
147.0532	311.418	0.7027036777392579	0.4167414540882891
147.0532	220.1	0.18800975228452388	1.629050350112797
147.0532	220.1	0.2285394246631698	1.4270310536164537
147.0532	220.1	0.09267228189716632	-2.7534470355906624
147.0532	220.1	0.222366440157775	-1.4989122669834456
147.0532	220.1	0.05875683835387332	3.1257368834361583
147.0532	229.8	0.4672517263084724	0.8700606574046197
147.0532	229.8	0.43992511984398236	0.9020882087572756
147.0532	229.8	0.4798340494171319	-0.8573246461264759
147.0532	229.8	0.6951216259842968	-0.44698256432719596
147.0532	229.8	0.29014990664106216	1.4026805306478525
147.0532	292.4	0.34528461660749066	1.1915550843366893
147.0532	292.4	0.32389180446453214	1.208875701755952
147.0532	292.4	0.7053336287743834	-0.434855536901978
147.0532	292.4	0.9614556446375874	-0.05404565883619795
147.0532	292.4	0.22587532978566394	1.6994461077570924
228.1473	379.45	0.12404322811383207	-2.4739780004607477
246.1011	453.706	0.5910813902697075	0.5978526921972258
218.1268	290.52	0.7543760635247817	-0.34849000362866855
217.1428	445.77	0.13351604310185086	-1.9113228985839275
259.0457	148.0	0.8170625843120438	-0.26267631827389726
211.0358	149.6	0.07498495047489619	2.481386114713707
199.0246	150.0	0.25695101347518423	-1.4213914470629876
153.0096	152.0	0.30955760719831554	-1.2118115818398547
215.0559	155.0	0.5647829692591466	0.6281077420471561
169.0045	156.0	0.4278492035350025	0.9520332677715456
195.0743	163.0	0.380167116263855	0.9951605205292762
261.0307	164.3	0.1663784584232996	1.9540767862652928
332.1332	164.9	0.04586909671666384	-3.2855355092241716
307.0838	165.4	0.23994015007853373	1.4853292676040744
274.1277	168.7	0.16185742764516747	-2.165497375228589
283.0917	173.4	0.07292392151011484	2.6788985679771495
335.0631	181.8	0.16376664495403448	-1.7037706351971222
173.08	184.3	0.3979105231446562	-0.9468568711409295
163.0481	188.0	0.7478580538891446	0.34469012021933837
174.1117	189.0	0.3169264731877961	-1.1849698564482583
190.0954	192.9	0.9333823530298729	-0.09056461914843945
190.0954	192.9	0.026852487921340366	-5.079620921807358
190.0954	212.5	0.6328034369030755	0.5285595121024478
190.0954	212.5	0.02910119459825023	-4.885405879958725
190.0954	390.9	0.08059585866010739	-2.856449138771091
190.0954	390.9	0.011961160254804475	-6.02028301861628
190.0954	291.4	0.13186980185929567	-1.9890052483399985
190.0954	291.4	0.02275203578347568	-5.656952063480734
151.0303	196.2	0.7875414962813537	-0.2901951390375654
177.0637	196.3	0.011849582329970616	9.088509186255665
347.0631	197.1	0.10057219445101521	2.3522196766468926
163.0593	198.3	0.3026300217635598	1.295274656210589
204.111	199.8	0.5892272501828221	0.6078668738039031
204.111	199.8	0.3633114600522289	1.0925536885189493
204.111	253.3	0.6354567193477634	0.536299007237863
204.111	253.3	0.4334966397065755	0.9335657438633176
175.0957	200.7	0.07355635787500663	-2.7354893329911714
267.0968	209.6	0.16021426863397772	2.0477095997538126
267.0968	209.6	0.17415484686667815	1.9064965235899995
105.0426	211.2	0.16999103141489819	-1.6773085678813018
165.046	212.0	0.2925982639495283	-1.3073474195272063
234.0852	212.4	0.596556428643484	0.6219574009745407
234.0852	212.4	0.5075797930927861	-0.7988702987190766
234.0852	212.4	0.6859852657062147	0.46344108624245606
234.0852	353.8	0.708998841207725	0.4106222114622208
234.0852	353.8	0.4633493276397126	-0.8603027755207853
234.0852	353.8	0.9327061413045691	0.08990445866868113
234.0852	235.5	0.5102012189910877	0.7251432618836199
234.0852	235.5	0.6473410145181542	-0.5034019934878621
234.0852	235.5	0.6067638706769536	0.568181150909327
234.0852	298.8	0.9383403098076326	0.08563070978187198
234.0852	298.8	0.35855384042466737	-1.1517114700948397
234.0852	298.8	0.6257975070584695	-0.5331609541034256
232.1059	216.3	0.2748737009221378	-1.265780149243067
232.1059	216.3	0.24839792351230985	-1.3584926556225065
232.1059	216.3	0.10970324168780653	-2.5155539567235166
232.1059	258.6	0.7254218517953768	-0.38211853260652445
232.1059	258.6	0.6521453613820024	-0.4911976204738117
232.1059	258.6	0.13354201295744553	-2.035780214518056
218.0903	220.3	0.9519734139336145	-0.06732187514540638
133.0375	220.7	0.07748466683149882	-2.4793775780101357
289.1274	222.1	0.7982530317937117	-0.2764865093887585
131.0582	224.6	0.8816680847603766	0.16136485503190262
131.0582	224.6	0.329932328885465	1.1966733274371641
131.0582	224.6	0.7286163441264999	0.3864240583417267
131.0582	257.6	0.758327139997432	0.34755066571118437
131.0582	257.6	0.4963243128863846	0.8161949049213597
131.0582	257.6	0.6474134824014101	0.49398877950967307
131.0582	274.3	0.02826282663695051	-4.568169202270213
131.0582	274.3	0.03329495281790656	-3.7052072138063514
131.0582	274.3	0.5492178306730284	-0.7125796654495048
131.0582	331.4	0.3802927730790233	1.0699517807755679
131.0582	331.4	0.21840410075730166	1.709726823990037
131.0582	331.4	0.41757615394709663	0.916504047837148
131.0582	275.5	0.04962852856390194	-3.192232231695649
131.0582	275.5	0.13863265087545404	-1.8811529853908397
131.0582	275.5	0.7044858493137376	-0.435950365438041
141.0426	238.3	0.37053315367231443	-1.007956247298528
141.0426	213.7	0.5660051193584081	-0.6261410214897696
161.0688	239.3	0.2315888368628918	1.6084951351242087
161.0688	239.3	0.26992701103063127	-1.280389991672469
161.0688	283.8	0.020255868400312724	-6.5882100373574275
161.0688	283.8	0.03647309613182244	-5.077012718348338
161.0688	213.0	0.026969222155976524	5.624711764763502
161.0688	213.0	0.21443465538195616	-1.7927085570015333
161.0688	329.5	0.5942702893993524	0.6002137247726967
161.0688	329.5	0.08082249452550509	-2.4919612041971333
188.1161	239.3	0.12152537015248638	-2.0331160002123196
188.1161	239.3	0.10895182486771741	-2.1150037276516924
114.0429	239.7	0.9257404234720219	-0.10061293972112516
133.0739	240.115	0.8012143279873235	-0.27100128050144706
133.0739	212.9	0.9651633620740758	-0.04805672770514988
133.0739	272.2	0.7427604261091805	-0.36502824807961176
61.0528	242.2	0.5464023847623294	-0.6687916655665762
377.1335	242.3	0.18969358665012692	-1.5866051355365078
174.1004	243.9	0.8148961050207217	-0.25489192794770127
174.1004	243.9	0.3163756431811525	1.2840609861720442
174.1004	243.9	0.8937847302925326	0.1432886059601124
174.1004	260.7	0.9736361042580564	-0.0365766666203341
174.1004	260.7	0.4566970799947384	0.9075533994062226
174.1004	260.7	0.8422919993846686	0.2190820916411177
174.1004	329.1	0.055831880623111674	-2.9708141237443777
174.1004	329.1	0.5852365199440901	-0.5953087299342026
174.1004	329.1	0.176325834711218	-1.8145171957740418
197.0688	244.8	0.26406612890253844	1.4739540962409086
197.0688	212.6	0.9336602349766756	0.088736146626956
199.0957	244.9	0.8574411828882721	-0.1915375296083388
237.0862	245.6	0.024002597355192452	-5.0372845343069
237.0862	245.6	0.10105711952533844	-2.2979937212290267
237.0862	332.4	0.029590507745965597	-3.758805641401784
237.0862	332.4	0.8930921814450328	0.14887651366011742
346.09	246.5	0.5492669871747125	0.6945069849268263
346.09	246.5	0.07797853177361418	2.4801414389614314
363.058	247.7	0.18153740227314244	-1.9948107759911196
160.0848	249.3	0.03713649730907293	-4.5971458229644195
433.1362	250.2	0.1516524275257251	-2.0230161654054903
103.0633	255.4	0.13361600737925294	-1.8781916604468407
103.0633	255.4	0.7846170533528488	0.30929954504520707
103.0633	315.6	0.15167761265985946	-1.7848207045343303
103.0633	315.6	0.4776961481002073	0.8483918560759319
216.111	262.2	0.013565057617922375	-5.754483812357794
434.2311	262.2	0.03594775607797763	-4.133988827314672
217.9885	270.4	0.6869359834580218	0.4429984985705226
174.0641	270.6	0.8040950193504878	0.2815863814432211
174.0641	270.6	0.7040187213775739	-0.4373085772126803
180.0899	271.4	0.145364557283723	-2.203710275561583
180.0899	271.4	0.27401538935458875	-1.481515720825749
132.0059	272.4	0.23008357175539415	-1.4446629786140603
132.0059	272.4	0.2584496499893831	-1.3800496886103417
132.0059	272.4	0.0064047752396396585	-5.360588935331766
132.0059	241.3	0.2990415489375268	-1.2486341435297221
132.0059	241.3	0.36934313242896005	-1.1259872905392956
132.0059	241.3	0.017063281746473764	-6.0464217123694315
89.0477	276.3	0.823991549493161	-0.23814477134388343
89.0477	276.3	0.05624733582472809	-3.1811152568136998
89.0477	317.0	0.5821864842819331	0.6037670883190352
89.0477	317.0	0.08619981415643028	-2.7097939183648703
127.0382	280.3	0.6478024452771949	-0.49331115285893745
117.0426	282.4	0.3226012201378863	-1.1870376232490094
117.0426	282.4	0.28694320465434153	-1.4192223766820822
117.0426	282.4	0.0011691641107841758	-9.184594952202206
117.0426	230.6	0.8616705781204493	-0.18893830666569383
117.0426	230.6	0.379338904954211	-1.027952994894314
117.0426	230.6	0.04859362782662803	-3.55373786606237
117.0426	235.4	0.5978144139504236	0.5844116224094924
117.0426	235.4	0.5768563332544289	-0.6244500229266308
117.0426	235.4	0.08186566772823198	-2.775479436924259
158.0691	283.4	0.22899832773297346	-1.7103507024861886
158.0691	283.4	0.06796853331906785	-3.1025669437315666
158.0691	265.2	0.2260510757981346	-1.7269604161459085
158.0691	265.2	0.06353046329088126	-3.2890397672162943
183.0532	284.0	0.0733966468374962	-3.4727388484296795
183.0532	284.0	0.13243316868137361	-2.466009006095968
183.0532	284.0	0.03088419875382165	-5.551271715068534
183.0532	212.6	0.053365696349617936	2.9303225702834204
183.0532	212.6	0.7315322829951265	0.3879732804711594
183.0532	212.6	0.14301596888307264	-2.1716245440435173
183.0532	345.1	0.6350910208299257	0.513677789636922
183.0532	345.1	0.5734232888394101	-0.6331692622906775
183.0532	345.1	0.051157043611583464	-3.092545428692515
300.0845	285.2	0.0642265449157438	-3.2775359480032997
300.0845	285.2	0.06506257311208812	-3.3016857863578037
300.0845	285.2	0.0689446025819252	3.3323652235981633
300.0845	375.1	0.38923587688886735	-0.9725822315524367
300.0845	375.1	0.33308396333395424	-1.1151939309551848
300.0845	375.1	0.04949486409524734	4.253062248147002
300.0845	262.7	0.032096198260340526	-4.41597333686399
300.0845	262.7	0.034256410924577915	-4.375822384596752
300.0845	262.7	0.6855908970193243	-0.462845436443234
278.1271	285.718	0.8766438334018124	0.17363426992067385
59.0371	286.3	0.09915941422019187	2.512674264536346
155.0219	287.3	0.19496443121701648	1.571741196788098
193.0375	288.5	0.5917954087992937	0.6255411209139278
218.1267	290.6	0.026782912811716186	-3.682944916437851
189.0637	293.0	0.4710555999652076	-0.8283522405058786
189.0637	293.0	0.5623641039278903	-0.6436739986241098
189.0637	293.0	0.12565573519095685	2.3438558415297606
189.0637	244.4	0.162737459643775	-1.8444124051748219
189.0637	244.4	0.07909820894743164	-2.582712328982815
189.0637	244.4	0.996847998033159	-0.004394721764696523
189.0637	274.7	0.621471901014258	0.5349806828956658
189.0637	274.7	0.3512215717376296	1.1703985932247338
189.0637	274.7	0.1252133449591987	2.5110072435920583
328.1543	293.2	0.26783398562668703	-1.3810298812819735
328.1543	479.0	0.3473028795777175	-1.2037150108825887
638.1119	294.6	0.6258132318585454	0.5341868925124239
328.0794	294.7	0.16769906433386356	1.878825183115815
188.0797	297.7	0.4598264747632169	-0.8945130901391405
188.0797	297.7	0.05252806761831267	3.949000562690942
188.0797	297.7	0.4261147656573997	-0.9550395112730071
188.0797	297.7	0.4347569472446662	-0.9247577765147998
188.0797	297.7	0.031850113236742486	-4.007418528417921
188.0797	223.3	0.9233501441178695	-0.10360343671991128
188.0797	223.3	0.1310829291697106	2.473630281864819
188.0797	223.3	0.8553019316491852	0.19445202793537555
188.0797	223.3	0.7578610406599902	0.3308532173402051
188.0797	223.3	0.24012760431338967	-1.4130042571716324
75.0684	298.4	0.8222990685098415	0.2475936901814743
282.0344	299.5	0.042768868725730984	4.245360443356143
146.1055	300.3	0.2973852099934125	-1.3535282323823148
146.1055	474.7	0.260607075552161	-1.5017341921641327
145.0739	301.7	0.8570462377780943	0.20416457529973364
145.0739	301.7	0.5527020811344785	-0.6794744466896656
145.0739	301.7	0.40411132985210524	1.0456125396757485
145.0739	301.7	0.9999442525616378	-7.4912493410091e-05
145.0739	301.7	0.024253648600344707	-3.53692386170524
145.0739	306.0	0.6824038956474385	-0.47309447735279914
145.0739	306.0	0.2069665651591409	-1.587661276119049
145.0739	306.0	0.536398854005723	0.7358947960128344
145.0739	306.0	0.6137500501165626	-0.5465491680105672
145.0739	306.0	0.01199243491481772	-4.613040414348694
145.0739	214.2	0.1334846346179145	-2.3868925981133233
145.0739	214.2	0.03177697718687376	-3.3793987568428787
145.0739	214.2	0.6311812235132972	0.547656322250943
145.0739	214.2	0.32756418748102833	-1.1955032680268352
145.0739	214.2	0.018659898817701085	-5.862662881838522
145.0739	246.2	0.7992498514444908	0.2884425201192078
145.0739	246.2	0.17436370938952775	-1.6594122721350433
145.0739	246.2	0.09345225219285129	2.7892817147426054
145.0739	246.2	0.8949117250313271	-0.1441963501922448
145.0739	246.2	0.023943198605616476	-4.998676377862398
306.074	303.1	0.22289208000870273	1.446031361238037
101.0477	304.0	0.8617687139587458	0.1903791721600084
73.0528	305.8	0.4116634422529037	0.9479004373558021
73.0528	305.8	0.5895988042413637	-0.5855932273972195
73.0528	396.0	0.34340318935702474	1.2108903299362348
73.0528	396.0	0.6128806024431617	0.5776119787586921
151.0494	306.2	0.1297629158469467	-2.013865819718453
165.0426	306.3	0.155192950382071	-2.1164755885170803
165.0426	306.3	0.21073106693201688	-1.804932457344482
165.0426	393.4	0.09420847819016324	-2.5350437249180633
165.0426	393.4	0.17594131289060894	-2.007846628942178
165.0426	386.1	0.08493576885737444	-3.092938061161099
165.0426	386.1	0.1606781639913314	-2.1748984843320622
360.1321	306.4	0.41913720523604514	0.9392713527423049
330.0951	306.8	0.27581411213257157	-1.3696279025563727
446.0604	307.3	0.1378676811310131	2.372480159550984
221.0913	307.6	0.13311886757508293	1.8813694919067627
136.0385	320.9	0.15546257627272753	-2.163441233827931
135.0354	321.1	0.14950506819109588	-2.196952842090427
293.1384	324.546	0.15881165957324947	-1.7356252327345245
87.0684	326.3	0.10722000026662623	-2.224681780628072
259.1208	327.6	0.010286900303128626	-4.5962675362947865
153.0426	331.1	0.15201845173607245	2.0864059069309615
153.0426	331.1	0.17835557627143503	-1.6865131715389445
153.0426	331.1	0.48868313763818066	-0.7619212158965565
153.0426	331.1	0.08486368732015352	3.209138577436883
153.0426	331.1	0.10044699495461734	2.9094741936723487
153.0426	362.1	0.06553946358481766	2.5419497695958495
153.0426	362.1	0.10503830274878337	-2.7381397585957954
153.0426	362.1	0.1357812254068912	-2.259672100355028
153.0426	362.1	0.015311416228193207	7.906109031071055
153.0426	362.1	0.02023123405408175	6.724660058636277
222.1004	331.1	0.03463150765623522	-5.200512915118221
222.1004	331.1	0.3645744506687639	-1.0873178962018513
222.1004	331.1	0.12470580379068262	-1.9989482568819514
222.1004	374.9	0.039643274000834915	-4.830946445714766
222.1004	374.9	0.5710810452265779	-0.6491124125981856
222.1004	374.9	0.2490935374903563	-1.4043996893633637
232.0042	331.9	0.13228149364593556	2.1009117995525237
115.0633	338.4	0.05723159681339133	-2.7509457098441388
426.0879	347.7	0.2113454843423515	-1.6008874318702502
198.1368	350.3	0.7849762194361917	-0.29837255269718094
640.1428	351.3	0.19645470068902376	1.6990541833423203
642.1432	351.4	0.6486761936470566	0.522240519756994
70.0531	353.3	0.08433384966518209	3.1251438553766846
70.0531	353.3	0.08433384966518209	3.1251438553766846
70.0531	373.2	0.15153840303403837	2.1724277459849173
70.0531	373.2	0.15153840303403837	2.1724277459849173
70.0531	373.9	0.12517613983213324	2.4103001593967623
70.0531	373.9	0.12517613983213324	2.4103001593967623
139.0382	357.1	0.40986694326616463	-0.9919030182978749
112.0273	358.5	0.1979007322182389	-1.56825594346796
433.1129	360.5	0.14182688632325083	1.8426157710996747
208.0848	362.0	0.02345841801742647	-4.6353005688702105
246.1328	363.4	0.12276629991036453	-2.1090977998315443
304.1383	369.5	0.8644175717228837	-0.18411976478455677
114.0317	371.2	0.0165155182041591	-4.232057496380894
248.0562	372.5	0.29306316362369084	1.2096736943735171
187.1208	376.1	0.0061283420568965	-5.311906865040481
195.0895	379.8	0.8277303773712101	0.24568617268539156
195.0895	459.5	0.06646995891183294	3.6049314533421533
167.0582	380.6	0.12357100174515435	-2.504437634604268
167.0582	380.6	0.029702304537358816	3.5961005309519964
167.0582	380.6	0.6626860188153647	0.4966826306007661
151.0633	382.9	0.26139513889766053	1.452461613284194
151.0633	382.9	0.6872403971410206	0.4419951155193914
151.0633	382.9	0.03160366403869752	-4.683243797296809
151.0633	400.0	0.5739657063103372	0.6484355079039092
151.0633	400.0	0.9560553178420146	0.05935877489645919
151.0633	400.0	0.02962299158550478	-4.949910598702831
151.0633	434.7	0.0025689349588411065	6.810484802866263
151.0633	434.7	0.2508538407699802	1.5512903785187582
151.0633	434.7	0.004551710092896028	-6.133730199526901
151.0633	349.4	0.171189352402557	1.9804345569413948
151.0633	349.4	0.4111357516777773	0.9263793564492827
151.0633	349.4	0.0990648890029769	-2.7677783688520785
381.0686	384.3	0.5031145467522531	-0.759558525560094
126.0317	385.5	0.9473591432696051	0.07049072920414313
126.0317	385.5	0.43055440395590877	0.9420058767770647
126.0317	385.5	0.9389700705834862	-0.08476160796154988
126.0317	409.3	0.7889640483413795	-0.3016540378375885
126.0317	409.3	0.1714162153927521	1.7663181963325463
126.0317	409.3	0.33344845200810524	-1.1406460522257806
126.0317	428.4	0.7518933938554483	-0.33931338926923893
126.0317	428.4	0.6640459978536473	0.4902838933196659
126.0317	428.4	0.5986701220198458	-0.6004929610903499
208.0736	390.5	0.9705315556023737	0.03937289402844591
286.0477	400.2	0.01585119314534692	-5.784364874845605
286.0477	400.2	0.013683634259634493	-7.676226655360995
286.0477	400.2	0.017919423333711992	-6.548502309008115
286.0477	425.4	0.20576615820525182	-1.509450481781627
286.0477	425.4	0.015224768314497532	-5.2247513005185215
286.0477	425.4	0.029639529149028312	-3.8008309244649645
286.0477	425.6	0.23745899313758384	1.3886314435401614
286.0477	425.6	0.044439065550544984	-3.330063913053756
286.0477	425.6	0.18103278103921452	-1.6911822797451428
131.0946	407.6	0.12312946529596616	-2.3564726890837644
240.0238	419.0	0.41313250058292617	-1.021755842109035
243.0855	419.2	0.3306993829266334	1.13418911739354
243.0855	419.2	0.4979720929539796	0.7584310310385358
340.0794	419.2	0.040960652208455524	3.8358909099210092
480.0904	419.4	0.3694238282526781	1.0135311756848437
255.9984	419.9	0.8181484907423442	0.25669498550083936
179.0946	423.5	0.8689882867610201	0.1761112360509396
179.0946	423.5	0.6379173957291333	-0.5278148721073782
283.1281	425.4	0.1717467153730452	-1.7247456806062451
127.0633	429.743	0.046818173591321864	4.259723866477562
127.0633	330.2	0.001056533466882876	-11.366102841221869
127.0633	347.5	0.5840487694673411	0.6432415314130284
168.0423	430.1	0.3345538812957658	-1.1410646082561158
168.0423	430.1	0.7070045843446686	-0.4226411809282908
168.0423	430.1	0.3225864592651858	-1.1645526208311128
168.0423	233.7	0.019614440653451474	4.22350627566897
168.0423	233.7	0.017295862737707394	5.5535227692734725
168.0423	233.7	0.1743304053249998	1.7717677146691495
168.0423	287.2	0.6441348351322715	0.5122955836150743
168.0423	287.2	0.3022230779833944	1.310017437170625
168.0423	287.2	0.8625238127011311	-0.1867309817470986
168.0423	492.0	0.08918938452948989	-2.912838014584444
168.0423	492.0	0.1334077673196855	-2.1733020655380524
168.0423	492.0	0.2617060693179565	-1.541972098201296
121.0528	430.7	0.08089560932078027	-2.7817107228778117
162.0351	443.2	0.03503185599932729	4.633290073566391
217.1426	445.8	0.06662001435042275	-2.502394010067184
217.1426	445.8	0.4568018655575733	-0.8235293026388097
217.1426	451.5	0.08594207766455558	-2.3733630652384767
217.1426	451.5	0.3678036576296836	-1.0388223612230993
132.0899	456.2	0.08259108055728472	-3.1157018872968694
124.0524	458.4	0.9601539342695724	0.05362451228575627
124.0524	567.2	0.3773314782457796	-1.0052339371816708
154.0266	464.8	0.30676766474793227	-1.3541618854372985
154.0266	464.8	0.05399170499564876	-2.8039894555751084
154.0266	464.8	0.5693512168299255	0.6446906164194034
154.0266	605.5	0.22049634313651945	-1.7497024095540805
154.0266	605.5	0.040447439661331984	-3.120461721616923
154.0266	605.5	0.8089391104483616	0.2663417545738426
153.0538	467.2	0.3485591877860266	-1.1244941531207586
256.1099	467.6	0.23215130526120606	-1.4319619918094941
146.0844	477.1	0.890989720239034	-0.14665778166842428
138.0317	480.2	0.9883426055826376	0.016311464732454373
138.0317	480.2	0.10458053809200948	-2.7841681900808806
138.0317	480.2	0.052885306150959224	-3.5296203241589996
138.0317	480.2	0.19571707979634145	1.563969073578884
138.0317	379.0	0.08296601110132895	2.3205208203687535
138.0317	379.0	0.3993470615469163	-0.9870699614499532
138.0317	379.0	0.6566668352912658	0.4812722725823224
138.0317	379.0	0.04832185481861438	4.027950503433252
133.0528	490.0	0.04752807365149983	2.9640757574706935
133.0528	490.0	0.008282681975200833	-6.132016463278619
194.0579	494.8	0.6709460450266896	0.4699775253074849
564.1115	496.8	0.8707651608593685	0.1787989517704217
128.0473	497.6	0.01692677460796629	4.395780533077078
128.0473	497.6	0.00703172877015401	7.09003763488484
128.0473	497.6	0.005693542310988084	9.212542351645132
148.0524	499.9	0.37940600686519244	-1.044538774838938
148.0524	499.9	0.057485674644201123	-2.9092876713806923
148.0524	487.4	0.3862500522732148	1.0644168565685987
148.0524	487.4	0.8210580915944611	-0.2509201640987966
161.0477	509.4	0.05202299162881248	-3.3623027876102043
161.0477	509.4	0.07359774091292168	-3.4599417675509807
109.0528	511.2	0.5898072814692905	-0.6258917455023969
209.0244	515.9	0.5968237320609018	-0.5904358213575798
336.0845	518.9	0.03587065331581024	3.1103051613882298
175.0243	521.4	0.5305110044503238	0.7517167829962069
239.1018	522.0	0.015402516438532073	-4.184255489063085
239.1018	522.0	0.43020614737832674	-0.9552864246374053
239.1018	522.0	0.02551409919935651	-4.742669372940105
176.095	529.4	0.4947988177410649	0.752350520659766
176.095	529.4	0.48217509320813867	0.8042332223855619
152.0473	529.6	0.3552359790280307	-1.0631560646159812
152.0473	529.6	0.33421211165082604	1.1545338745971325
152.0473	529.6	0.05154039763405858	-2.9257621164931162
152.0473	529.6	0.1582646808030726	1.7929790214034333
152.0473	537.0	0.006464421201306382	5.235315736009583
152.0473	537.0	0.005485024725022213	6.135356481646691
152.0473	537.0	0.026166959456270265	3.4658266728281295
152.0473	537.0	0.0015930786846451435	7.69808352503862
152.0473	356.7	0.6734362174585836	-0.45390332136287187
152.0473	356.7	0.23494636160418875	1.4214875570053669
152.0473	356.7	0.1072701452027253	-2.0704657075438475
152.0473	356.7	0.11719826244924453	1.9922684072002073
152.0473	362.0	0.5339180474184333	0.6803109962499831
152.0473	362.0	0.08372979076029732	2.4040497311613445
152.0473	362.0	0.36669138823587355	-1.0187489079910408
152.0473	362.0	0.033163059492987104	3.2094886113422882
152.0473	383.6	0.522888956119193	-0.7011423913374352
152.0473	383.6	0.3408926186698121	1.0832794270451913
152.0473	383.6	0.09680401294111156	-2.172732970537625
152.0473	383.6	0.20235160707971503	1.529665066478732
149.0477	530.5	0.055856119590884795	3.0246074274620547
149.0477	530.5	0.1257068924834996	2.1046661680462004
138.0681	531.5	0.13199423409702696	2.465154781652424
138.0681	531.5	0.17600393801493597	2.044613667058691
138.0681	531.5	0.17600393801493597	2.044613667058691
138.0681	559.0	0.18006821867186434	1.9809127456240878
138.0681	559.0	0.5724944696207968	0.656119298691414
138.0681	559.0	0.5724944696207968	0.656119298691414
136.0524	538.2	0.025684653038435108	3.7983611991813078
136.0524	538.2	0.07335079227355905	3.441229567120536
136.0524	502.6	0.29991281050291013	1.2881040637486523
136.0524	502.6	0.5869683015945416	-0.6201205431442842
184.0372	538.6	0.3906310095711951	0.9969195119533918
580.1792	546.4	0.48265320067457423	-0.7777826412034283
164.0473	562.0	0.9598070004857382	0.054938639416076414
164.0473	562.0	0.9019960382226497	0.1375407128743095
164.0473	447.9	0.16598284084968762	1.697126125364594
164.0473	447.9	0.09169823768873248	2.378742303419311
181.0739	562.3	0.050353405260419294	-3.7437946731851137
181.0739	562.3	0.02599553067337768	-4.942131136465511
181.0739	562.3	0.028256512862542247	-3.3697300768685507
181.0739	212.6	0.1214478343798487	-2.422982142519334
181.0739	212.6	0.05808657712672653	-3.5052791902468963
181.0739	212.6	0.9012990788478648	0.13209910444735248
418.1264	573.1	0.3456823264127146	-1.069422479884496
418.1264	573.1	0.18988202517413916	1.6336215901256534
152.0837	621.3	0.10366168587895773	2.7972434234037484
152.0837	621.3	0.09004477723359738	3.095890590688434
145.1579	644.8	0.21247515619686974	-1.720195118262714
61.0164	212.6	0.12065469825769132	-1.9697257484541282
73.0164	212.6	0.07551770125702247	-2.4046808510750735
74.0004	212.6	0.8446821051106023	-0.21951452331289392
187.0481	212.6	0.037486991904515196	-3.1587328319911765
187.0481	212.6	0.055369552465227415	-2.677787682724852
187.0481	411.4	0.04033548337847408	-4.2204138138863
187.0481	411.4	0.036682893334742006	-4.08138722061593
191.0794	212.6	0.20789654258416285	-1.5214465138647846
306.144	213.5	0.984239368529218	0.02169753990432478
192.027	214.8	0.906894235257955	0.1292397458236306
192.027	214.8	0.44206430559838883	-0.8589823717195657
192.027	214.8	0.3830471307330679	-0.9869145461261932
192.027	214.8	0.5884330692137429	-0.5884054630246288
192.027	232.2	0.2529215670509737	1.341713056770344
192.027	232.2	0.6173705068769035	-0.5529805714958557
192.027	232.2	0.5125057228077191	-0.7376598192746419
192.027	232.2	0.8263063135912995	-0.24305086865534078
235.0481	216.2	0.37964685425358247	-0.9961070223092513
195.0532	216.6	0.39625613787238567	1.0577417640646314
195.0532	216.6	0.6707220156135162	0.45807225863046497
195.0532	216.6	0.7396913044018352	0.3565970524276531
195.0532	229.6	0.7100596184046447	-0.42590633985947907
195.0532	229.6	0.5915574661249217	-0.5824747603382551
195.0532	229.6	0.5599195085197144	-0.635128795874623
106.0266	217.3	0.018206905825973067	4.032687873100252
239.0794	219.7	0.01060828153548941	-7.818683216654971
89.0113	221.1	0.2937270130354545	-1.3999255320692257
76.016	227.4	0.02546364046973595	-3.536953000514937
175.0593	228.2	0.5441511288575359	-0.6964099900216648
206.0427	229.4	0.7610073530035971	-0.3307861765291575
206.0427	229.4	0.37172574064037667	1.125994821284605
206.0427	229.4	0.2923222653172815	1.2169116393937498
206.0427	229.4	0.8808821096128985	-0.15969837018009372
206.0427	229.4	0.2809055561095387	1.263187674765658
206.0427	244.0	0.663345020279202	0.4887288413151037
206.0427	244.0	0.04778958973466881	3.945176436508188
206.0427	244.0	0.08275829283231723	2.5226701306370143
206.0427	244.0	0.3238642484987281	1.1430350021779943
206.0427	244.0	0.03499576146262404	3.1519702031384753
206.0427	270.3	0.5757459474707889	0.6257218516584067
206.0427	270.3	0.07206539736427152	3.332921783075758
206.0427	270.3	0.0703342281416446	2.5245159130455175
206.0427	270.3	0.2776845352895996	1.2563603414120328
206.0427	270.3	0.0425081755604559	2.9781827329132935
206.0427	274.9	0.8357627158444779	0.2259648466005114
206.0427	274.9	0.12112274797486011	2.498328361810704
206.0427	274.9	0.1205573809319891	2.0138693916445223
206.0427	274.9	0.5408681685341611	0.6680843224054006
206.0427	274.9	0.08299682273550382	2.3215516667240754
174.0164	230.0	0.09737707362272167	2.254474787691328
174.0164	230.0	0.09814024723338133	2.148769750402575
174.0164	240.8	0.2926249415530152	-1.2971546831541536
174.0164	240.8	0.39246442484333777	-0.9732174427914353
253.0223	230.9	0.11919150495141374	-2.0975973083627615
166.0477	232.9	0.8860131371019728	-0.15525496327428986
175.0481	233.4	0.12383793219930116	2.5696669267807066
175.0481	416.9	0.05969359117415833	3.9061676068977103
134.0215	235.0	0.3038448071670232	1.2113836008167869
134.0215	235.0	0.09558722605525588	2.228606010640676
130.0266	242.9	0.3641429307480579	1.1264388618172139
130.0266	242.9	0.19101124953960089	-1.6146050804352148
130.0266	242.9	0.10866395845274943	-2.6412938246491526
130.0266	242.9	0.08978695242868415	-2.2498893643091438
130.0266	242.9	0.636936672786234	-0.5195274659988889
130.0266	275.6	0.010343204748783575	6.072914946948279
130.0266	275.6	0.2684707509907172	-1.5094030311455222
130.0266	275.6	0.002409741852357852	-8.401793759585864
130.0266	275.6	0.10827741038471887	-2.7071057819585302
130.0266	275.6	0.9496532208066691	0.07058511645113978
130.0266	315.2	0.03480621423047663	3.335419324928446
130.0266	315.2	0.23320659705448019	-1.609269313686527
130.0266	315.2	0.013980800122106299	-5.112909551966274
130.0266	315.2	0.07706077709633878	-2.7175019934329514
130.0266	315.2	0.8138848720666607	-0.2537586401050769
130.0266	319.6	0.022332031976583164	3.9273045034023704
130.0266	319.6	0.28248019607895	-1.3941275898357017
130.0266	319.6	0.02350825554324172	-4.28583082202731
130.0266	319.6	0.10303814962752826	-2.355487170202632
130.0266	319.6	0.8520570553443572	0.2004469477310286
130.0266	471.9	0.03540294222248687	4.306772284488637
130.0266	471.9	0.8932833908806277	-0.1451871190276366
130.0266	471.9	0.9338468096762891	-0.09257101526069683
130.0266	471.9	0.804310669853922	-0.2647138396815897
130.0266	471.9	0.12779166567702188	1.9745209319893535
104.011	244.0	0.20129886626444335	-1.527728683281175
104.011	244.0	0.7624065226478132	-0.32973258270447997
104.011	262.8	0.29432280079586404	1.2193061492834463
104.011	262.8	0.02790532442352007	3.5272951757510804
104.011	284.2	0.38195217543598964	1.064390924036263
104.011	284.2	0.22998342203831373	1.6665470773183855
145.0375	244.6	0.010610040264122654	-5.525954136191592
145.0375	244.6	0.03635182761194127	-3.685730842786534
145.0375	256.2	0.017845923497169264	-4.838081167426203
145.0375	256.2	0.058549186897216894	-3.12676302327788
198.0528	245.9	0.15036726871996242	2.0904674065719
198.0528	245.9	0.26132603662862114	1.3611894208515853
198.0528	276.9	0.12418590547633855	2.3274850123920565
198.0528	276.9	0.22979799210963828	1.4814210644353838
198.0528	335.0	0.1405224399545516	2.173801793516641
198.0528	335.0	0.24908752599879316	1.4053918525097444
90.0317	246.1	0.06378009692637701	-3.06228738979329
90.0317	246.1	0.025948311503295327	-4.231773145799662
90.0317	252.1	0.06364692561529006	-3.19042580880235
90.0317	252.1	0.027211560613147875	-4.417946812799685
113.0477	247.0	0.21570778076577202	-1.7004212448843279
139.0269	249.0	0.0048259945280028265	-11.627321146087144
157.0375	250.0	0.007143484752846047	8.953520452744245
163.0845	254.5	0.42298063681731024	0.971000909475452
172.0372	258.1	0.5592600682836056	0.6784058286587458
172.0372	410.0	0.013530239956884722	7.325586980480372
156.0535	259.9	0.13829276166089893	-2.335534079326927
219.0743	260.4	0.5711101918071171	0.6162938486116951
132.0423	261.9	0.6594861602345301	0.47797999294230753
132.0423	261.9	0.27079865443724416	-1.3314416990913065
132.0423	475.9	0.0551213240090068	-2.899044895365356
132.0423	475.9	0.0035189023892484065	-6.394766500501811
88.016	265.7	0.046809664058570184	-3.5067874064207523
88.016	265.7	0.6209751300468199	-0.563358968037328
88.016	279.973	0.06573347366629238	-2.6827991559633158
88.016	279.973	0.8481412801481671	0.21688824976633603
88.016	310.2	0.04966034116954251	-2.8695782087727455
88.016	310.2	0.9988866836424923	-0.001563257290764064
134.0579	266.0	0.34777019722521807	1.0677613065780192
160.0372	266.4	0.9362343172617105	-0.08674879222015415
160.0372	290.3	0.12039942933089567	-2.053869385875635
226.0477	269.0	0.6554143953079319	-0.48540889504958035
226.0477	269.0	0.1258487901475424	2.202439886795095
104.0473	269.8	0.7325208881671053	-0.39021661421889575
104.0473	269.8	0.6383010824354513	-0.54498860686251
104.0473	269.8	0.26318048664276006	-1.389278658333248
104.0473	283.5	0.025406340951344916	3.5781124361950836
104.0473	283.5	0.044788995206891107	2.9586035885146136
104.0473	283.5	0.4504748126488978	-0.9267769528974115
104.0473	292.9	0.013926250765681387	4.3677272905241695
104.0473	292.9	0.022501756106509535	3.7635736185382904
104.0473	292.9	0.4952145216226511	-0.8240359228887678
171.0895	272.1	0.46859238532741093	0.8255294213786977
160.0484	278.9	0.38757219857834885	-1.0671591655949484
148.0372	280.3	0.013997978619106202	4.50479522121501
148.0372	285.6	0.019248201945583958	4.132387323633395
102.0317	283.1	0.17956820889462255	1.6883757124814593
102.0317	283.1	0.07182929238852132	3.4206942048138766
102.0317	354.4	0.2310293847604712	-1.4139718890314297
102.0317	354.4	0.8832157016122251	0.1648512620360164
159.0532	285.3	0.968218833468164	-0.042678756646679465
159.0532	347.9	0.3447745841672811	-1.1590678042101838
173.0688	295.8	0.003575667148176313	-6.659281814401911
173.0688	295.8	0.005104151343442214	-5.582310596457034
378.1274	299.6	0.865830299205758	-0.19082585701884106
182.0579	306.8	0.24871208261121724	-1.554793514755908
182.0579	306.8	0.43696349099591203	-0.8978858193906897
182.0579	306.8	0.7853621220942413	-0.29218324621710406
182.0579	306.8	0.3103198287785856	-1.2624144544175664
60.0211	311.1	0.001438906084665459	10.988090093650076
123.032	311.2	0.1981391570993095	-1.8825952805820456
123.032	311.2	0.41828939734243437	-0.991606458440064
147.0895	311.2	0.6461677423216659	0.5008126814744799
147.0895	311.2	0.014719570431077276	-4.402778017188958
118.063	316.9	0.018708340956967322	4.637402566975475
116.0473	319.1	0.006895717538722729	5.602024249480652
116.0473	319.1	0.03182448810687434	3.9618526291354628
180.0423	320.0	0.04372055094131356	3.341578704780374
180.0423	320.0	0.35995386608292207	1.0369700423531532
180.0423	320.0	0.352005634862735	-1.07999979453038
180.0423	320.0	0.5168125959983221	0.7297288733258647
180.0423	354.6	0.021329682404483144	4.789724808247988
180.0423	354.6	0.06465831454035843	2.642304318929584
180.0423	354.6	0.42142180814533087	0.9298410738056939
180.0423	354.6	0.09120873377335054	2.5372172154894073
180.0423	361.2	0.1662756366840771	2.081062779794938
180.0423	361.2	0.30836341583611127	1.3043218142323905
180.0423	361.2	0.6543025590668106	0.5155641848824111
180.0423	361.2	0.3574945751429827	1.1678715886879054
180.0423	380.8	0.23183227608849233	1.6549912286919608
180.0423	380.8	0.49669283589198915	0.800135362786761
180.0423	380.8	0.9404889993176342	-0.08348127099074731
180.0423	380.8	0.5840376997935992	0.6394635064382317
180.0423	389.5	0.039078214949579436	4.325890981407621
180.0423	389.5	0.06606798838433259	3.0059650242282916
180.0423	389.5	0.1833329732891105	1.859832807851193
180.0423	389.5	0.08639613551436419	2.8926179315568423
268.0551	320.3	0.6342921740539895	-0.5284990841564986
146.0579	322.6	0.6916927716461272	-0.4530265816603824
146.0579	322.6	0.10333121598932879	2.451145285436808
258.0852	330.9	0.24769791355348084	-1.5871809307746636
314.0638	335.7	0.6407237271373016	0.5042716496534715
212.0321	342.2	0.054455238051933474	3.063891902274207
212.0321	342.2	0.013938700815227545	4.349604613346533
161.0324	343.1	0.8037771885485752	-0.27931852599823026
145.1103	344.3	0.027126893983029768	4.043118359769948
588.2948	344.8	0.9370045265439333	0.08869873754987763
73.5253	347.741	0.026802067623118188	3.4192108174587443
160.0736	351.1	0.037278296153449	4.6974353224226855
160.0736	351.1	0.9635956599746505	-0.050149793532010864
160.0736	511.8	0.31543315544479245	-1.2083758110514247
160.0736	511.8	0.0006085160070739216	-9.825263597414436
148.0008	354.5	0.5687382951304949	0.6649185056886131
148.0008	407.5	0.22195247037481716	1.5977997531945958
72.0211	359.6	0.013953710653464832	-4.731724917052216
281.0899	366.1	0.9219561611434416	-0.1075168214633649
137.0477	371.9	0.9133830920976305	-0.11665551921750746
137.0477	441.4	0.6641188478231816	-0.4682544712269865
278.075	379.0	0.6573409862532132	0.47841883335272667
166.0266	384.7	0.021316929105417073	-5.4186296486742
166.0266	384.7	0.11354715886571047	2.663083281685174
166.0266	384.7	0.35231692824487615	-1.0952134249412477
166.0266	400.3	0.02006538762693557	-5.090365612951746
166.0266	400.3	0.1167859099228937	2.6349501455055697
166.0266	400.3	0.6914931046650891	-0.44199785741703007
84.0211	388.8	0.32273488530824307	1.2958064045591162
86.0368	390.8	0.011742265427424079	7.254198068442437
176.0321	400.8	0.08801175908183712	-2.5148236345735566
176.0321	400.8	0.528089890704795	-0.7040981282295641
176.0321	400.8	0.9070461608592344	0.13045153130938952
176.0321	428.0	0.2206544599495193	-1.602639458021982
176.0321	428.0	0.8963167716045735	-0.1422717584014695
176.0321	428.0	0.615170104366865	0.5834460525472339
226.0954	402.3	0.21914698254027642	-1.5858723843371623
268.1059	415.5	0.09173339144213281	-2.3204431922282143
584.2635	415.6	0.3548492214023135	-1.0849600684528966
88.0524	417.6	0.004626613153274142	10.626963104031676
131.0219	429.5	0.3905753089867634	1.0562867796034774
131.0219	429.5	0.007790351493907971	5.026290896567055
162.0528	447.8	0.017314381777554063	6.412727485362646
162.0528	447.8	0.7884803246836056	0.29839641383757376
155.0695	452.9	0.2308882422333464	-1.564143774759797
122.0368	463.4	0.09252923384793058	2.2795506319767145
144.0423	466.6	0.1085740193032788	2.7361846937291605
144.0423	466.6	0.09011247277516511	3.0628574250801233
144.0423	466.6	0.06885840374101845	-2.474449942467953
144.0423	520.8	0.1290482338338058	2.4929170430362486
144.0423	520.8	0.1142180114363523	2.6882569163203502
144.0423	520.8	0.33606227375036857	-1.1185260371022674
144.0423	550.5	0.05603991022622491	3.9412729878810477
144.0423	550.5	0.048532808750944866	4.290099696213839
144.0423	550.5	0.14065559245338	-1.8396760074085072
146.0215	467.3	0.0006589181359631792	9.68912401792389
490.2203	468.9	0.09692128643124132	-2.313222472864564
186.1256	480.1	0.5002288376279248	-0.7402843317587284
186.1256	480.1	0.47476431222021753	0.8365505127221357
186.1256	506.5	0.06239260231412326	-3.61841785495589
186.1256	506.5	0.022956181430234077	-4.36708853763485
114.0681	480.1	0.0019847278562447777	11.588246661724023
114.0681	480.1	0.004181455326357231	12.984750130692179
114.0681	489.2	0.10786956159190117	2.762440706500023
114.0681	489.2	0.10131059810226051	2.890359052620836
312.2301	484.7	0.4350240697231402	0.8728934334829438
312.2301	484.7	0.7001189954667133	0.43932938073930017
312.2301	484.7	0.48016113253758314	-0.8492068581121672
312.2301	484.7	0.3246844538500686	1.2276467945230258
312.2301	569.0	0.8821656789696846	0.16130181257689466
312.2301	569.0	0.33370442530776173	-1.1432688463484002
312.2301	569.0	0.02730824168399854	-4.193076457080111
312.2301	569.0	0.5551893217795458	0.6445298388453807
312.2301	633.7	0.27847543499377275	-1.4729066251809417
312.2301	633.7	0.013413591665212166	-8.281334429955438
312.2301	633.7	0.0032323129801646107	-16.525150749502593
312.2301	633.7	0.10638273612292576	-2.7999444457720526
312.2301	641.0	0.33069703934690964	-1.2356777401049708
312.2301	641.0	0.004846841817147944	-5.739275908077862
312.2301	641.0	0.00036447783528153907	-11.179326523697954
312.2301	641.0	0.12944703156182927	-2.046549238305571
212.1412	486.5	0.7052371260816785	0.41644858254282363
212.1412	552.8	0.16930351199098778	-2.071146863561738
264.1031	494.5	0.019189736222259588	3.9180456498325884
481.2312	499.3	0.29286478605531047	-1.294875813147612
210.1256	512.1	0.430369647784131	-0.9618076730995724
216.1725	538.0	0.09412513614642644	2.206572391826903
174.0892	538.3	0.5165225258577838	0.7299403692224661
165.079	569.4	0.8159352478070759	-0.2622098870600637
166.0994	574.8	0.1337491578469628	2.338448770989192
166.0994	594.8	0.0039675908918861335	7.563576246039958
332.1624	581.1	0.08782570808798507	-2.250029900504078
332.1624	581.1	0.026900406951396505	-3.8913228228876795
332.1624	588.9	0.2982996102437376	-1.2181518010987349
332.1624	588.9	0.11775525222719256	-2.2832050647682895
144.115	589.7	0.03292748983881738	4.702498073732787
144.115	589.7	0.005218183146475673	7.527699062506089
144.115	596.0	0.036128868975398694	3.2431392383224087
144.115	596.0	0.01980349895199384	3.971144013887044
336.2301	592.1	0.0015401440805395098	-10.747943143854451
336.2301	592.1	0.5205997228655154	-0.7076329803270378
336.2301	592.1	0.35886572980258263	-1.0365207138249912
336.2301	606.9	7.897073857753478e-05	-20.112424454584833
336.2301	606.9	0.21984629483639015	-1.6621321809684033
336.2301	606.9	0.12531545970801333	-2.276672936737717
330.1467	595.1	0.9357606434878778	0.0863227778417192
334.2144	602.5	0.07786018012480436	-3.124291391747526
334.2144	602.5	0.09485605208904845	-2.906396619115073
334.2144	602.5	0.09839754892619954	-2.4839616297822484
334.2144	602.5	0.2622851846643087	-1.5134755400140867
334.2144	633.1	0.05317469390974026	-4.149216893340951
334.2144	633.1	0.06905600480049477	-3.600741867592855
334.2144	633.1	0.0472216328120832	-4.392021196387749
334.2144	633.1	0.15378502739337324	-2.243788369893114
334.2144	640.9	0.04985431456423106	-3.4056178140662863
334.2144	640.9	0.07141906572020007	-3.1508888921978784
334.2144	640.9	0.05045094704555457	-2.8460365515287727
334.2144	640.9	0.1901033890477512	-1.8133272369747375
334.2144	677.3	0.31555079210676085	1.1928309118041855
334.2144	677.3	0.5674825605589146	0.6249312306262742
334.2144	677.3	0.1368257898635846	2.215160282252398
334.2144	677.3	0.18753037597512007	1.6155952779621146
316.1675	604.1	0.2848689166452971	-1.3807832984099202
310.2144	609.8	0.024033556732346972	-6.298677023812148
310.2144	609.8	0.568386550477985	-0.6490018785761843
296.2351	610.1	0.0022300513373551727	-6.968412864827769
296.2351	610.1	0.009330530814568947	-4.944311505884336
296.2351	610.1	0.4605474269898187	-0.8335064068346612
294.2195	614.3	0.14041195158782938	-1.8391030627847431
294.2195	614.3	0.5288370877500179	-0.7541172089177708
294.2195	614.3	0.39367740912640403	0.9726789873073634
294.2195	621.5	0.08085704025455907	-2.4852076838703945
294.2195	621.5	0.2394299054665524	-1.6379580851435245
294.2195	621.5	0.3104598414888807	1.1650309823028357
294.2195	685.7	0.06422128294965801	-3.0948116480378753
294.2195	685.7	0.06458239027923	-3.5336893312721247
294.2195	685.7	0.46300149404663626	0.8355894438479199
250.1569	626.0	0.7652488270850133	-0.32322553354408345
250.1569	626.0	0.24147384638107922	1.5015855261713944
250.1569	728.0	0.20046926907158724	1.6968222781746936
250.1569	728.0	0.08249200273838363	2.9924869486024717
316.2614	632.3	0.4854154518226188	-0.8313632199357606
338.2457	645.6	0.09121772977568682	-2.647261538438978
172.1463	650.6	0.03004917195075478	3.3121962536483207
172.1463	650.6	0.0381020427713983	4.815010426179242
172.1463	667.3	0.8669602202361868	0.1874741663747815
172.1463	667.3	0.10618929897573483	2.2341691825686643
332.1988	651.4	0.23148167841947256	1.6487367340109402
332.1988	651.4	0.4069301838253237	1.0402922469402616
332.1988	669.5	0.02448172426742731	3.6812454812205586
332.1988	669.5	0.1492390101833961	2.2067810988960117
292.2038	659.6	0.25998847538712233	1.3702442525562661
292.2038	659.6	0.021329806042182556	6.587497396676492
292.2038	659.6	0.12334019705534095	-2.5154444416682464
292.2038	659.6	0.0071584304790850446	-6.520698326701733
292.2038	659.6	0.002062258769222509	-9.432019405005239
292.2038	701.8	0.02631170109777605	3.759270263359108
292.2038	701.8	0.027854531743161756	5.84985955068436
292.2038	701.8	0.37030704526056096	-1.0774085507658446
292.2038	701.8	0.26010289577942375	-1.3379439438172371
292.2038	701.8	0.051065993204108595	-2.950685107205212
292.2038	726.3	0.03354523200285749	3.2054969904111017
292.2038	726.3	0.025245214175570324	6.141739675647206
292.2038	726.3	0.22678471900308964	-1.6279241113424727
292.2038	726.3	0.042331843366700664	-2.945949598748699
292.2038	726.3	0.007990782477669883	-4.9700552815081345
292.2038	739.5	0.05796759994516983	2.6565404410463143
292.2038	739.5	0.03300993331507722	5.342445932504002
292.2038	739.5	0.19121604298887981	-1.8181154137829527
292.2038	739.5	0.027364108626487076	-3.4078261742814324
292.2038	739.5	0.005983650739199137	-5.421283766016669
272.2351	663.1	0.10662533526523067	-2.1042767005834695
318.2195	671.8	0.3098667313352521	1.2659664724317543
318.2195	671.8	0.0849752925951934	-2.310456546247375
318.2195	716.4	0.2306657902061119	1.645901057696149
318.2195	716.4	0.14303484509708375	-1.9990654947388844
278.2246	671.9	0.20603632046732048	1.553549810277039
278.2246	671.9	0.002714826630809336	-7.958539007540662
278.2246	759.9	0.07109747047087607	3.261930762435727
278.2246	759.9	0.6650739961994188	0.49422666327901016
234.162	677.8	0.15646789606219566	-2.1535670983330113
270.2195	679.5	0.035161235285125395	-3.1416413184583276
258.1831	687.0	0.02163848214963936	-4.28444265916083
298.2508	691.4	0.017282534634244975	-4.919407856790959
316.2038	691.5	0.10388425542125296	2.5363880754155894
320.2351	691.9	0.06353998406867459	-3.7664263075513524
320.2351	691.9	0.011897429275828328	-8.91273081049431
320.2351	691.9	0.012489556678997761	-8.653641248585307
320.2351	704.6	0.1298683537656529	-2.0060450082056325
320.2351	704.6	0.0229080617826837	-3.7007551419139206
320.2351	704.6	0.043444160743667595	-3.06646810554803
320.2351	740.7	0.22924505954047605	-1.4753043791276335
320.2351	740.7	0.045594741316706745	-2.923734808683483
320.2351	740.7	0.09499496517871042	-2.2486698195704067
320.2351	747.5	0.05341896997833673	-3.553300289577057
320.2351	747.5	0.002994087070301272	-7.353301043606684
320.2351	747.5	0.003044408307528216	-6.852627034207642
200.1776	727.1	0.10595013098051982	-2.7059833734106715
276.2089	738.3	0.007702819276533762	-5.046683092050179
254.2246	783.7	0.24812117238669137	-1.3707117567579516
302.2246	787.0	0.3304374262205664	-1.2453550272963745
302.2246	787.0	0.05229755425199065	-3.2234222102443932
280.2402	795.5	0.022510137470038362	-5.038617441743852
280.2402	795.5	0.0006249194640423226	-9.740607099080425
304.2402	818.2	0.010665320262362016	-9.581173336801747
306.2559	862.0	0.7991693412500548	0.2721085256319765
256.2402	868.5	0.13368147548652387	-1.8918709405581542
284.2715	950.8	0.13362629607672769	-2.163153510860667
