m/z	retention_time	p_value	t_score
118.0266	243.828	0.23098987556000278	1.4122082554718944
118.0266	276.2	0.24676622496562006	1.357404024271674
118.0266	453.3	0.9802021957893927	0.026687823815134484
119.0582	207.274	0.003328292335124466	-7.079565279417484
119.0582	207.274	0.019668750770625177	-6.135359541192254
119.0582	207.274	0.0008510926070345931	-9.274678301101835
119.0582	207.274	0.6700357783725175	-0.48999342983036326
119.0582	238.3	0.4376683609568781	-0.9229547385699384
119.0582	238.3	0.02564697368681153	-4.2783257832900565
119.0582	238.3	0.04083169900433939	-3.311108646369268
119.0582	238.3	0.5750465199659812	0.6411653261850023
119.0582	250.8	0.08247450994643363	-2.39455278414049
119.0582	250.8	0.032928669689569465	-4.824275987825706
119.0582	250.8	0.005409302066970215	-5.633802544361958
119.0582	250.8	0.654739772461832	0.5158057993427446
119.0582	271.7	0.026548444888544007	-4.506014538636575
119.0582	271.7	0.014996734813831892	-5.767349321166144
119.0582	271.7	0.0035666107526995503	-6.798576582596377
119.0582	271.7	0.720586461904803	-0.4031140296931606
119.0582	284.1	0.00038618422333092903	-14.639555058995079
119.0582	284.1	0.018699901725678043	-7.017713571300088
119.0582	284.1	0.001943859621769711	-13.972841934285757
119.0582	284.1	0.39962400064535664	-1.0587740637625378
220.0853	497.195	0.009370740053339663	5.790599631755452
220.0853	307.526	0.08156601049853938	2.633812638951282
116.0956	285.437	0.12070041063968254	-2.6009680446672805
116.011	306.607	0.12608807369539	2.4634493845861716
116.011	484.1	0.08831095596749115	3.059682937874539
117.079	367.117	0.03349462055639117	-4.901668591400063
117.079	367.117	0.019867747155186914	-6.635849311488409
117.079	367.117	0.24774660681040833	-1.603123820178446
117.079	308.1	0.0630271850227343	2.904353713035292
117.079	308.1	0.4883060307911231	0.7697043647903717
117.079	308.1	0.045141705007017086	2.8784154032759064
117.079	353.8	0.16575356795855786	-1.8147117224124014
117.079	353.8	0.03129040773925587	-4.339344428733155
117.079	353.8	0.8890707038078611	-0.15562538782503246
117.079	232.2	0.7515049268868214	-0.34558245062347587
117.079	232.2	0.08651246516796844	-2.2969154115020474
117.079	232.2	0.7249651372573493	0.37795172919211034
129.0426	314.245	0.03641105523205385	4.881763449697551
129.0426	314.245	0.2721762911619003	1.3667554743384582
129.0426	314.245	0.734212011055284	0.3735897729480122
129.0426	314.245	0.37845885728812184	0.9953307641267579
129.0426	318.0	0.0009147194075346593	15.952593704524638
129.0426	318.0	0.19883330660827486	1.8583431930574947
129.0426	318.0	0.49136124571482986	0.8269467881744695
129.0426	318.0	0.10108468466760867	2.4612009792456337
129.0426	268.3	0.27556923584020077	1.473323963537477
129.0426	268.3	0.9169813364137721	0.11282321060113294
129.0426	268.3	0.4154321573215071	-0.9280683552891302
129.0426	268.3	0.3073499621741276	-1.1999898480116213
129.0426	330.8	0.009284426709703326	8.975133052311246
129.0426	330.8	0.16411327099103737	1.9946405773361378
129.0426	330.8	0.4018144466591706	1.010003619762328
129.0426	330.8	0.0706106902549714	2.4686228925318163
131.0949	407.601	0.7108796365496809	0.3997414737302153
175.0633	501.725	0.05196520553765973	2.80218187067051
175.0633	501.725	0.024139659711286364	6.268129947556174
129.0899	238.278	0.018135369062127694	3.8608015442419874
236.0797	332.279	0.7317299514737905	-0.3689113162865875
147.0533	330.532	0.008904611257993581	4.7625424569397845
314.2453	615.341	0.3660226831445413	1.0988815456260879
330.2403	514.1	0.15444514852444918	2.20653609910489
240.0091	296.401	0.2452671851266072	-1.4542115117017216
146.0691	194.544	0.1167516142568561	-2.5566422107582567
146.0691	194.544	0.019965187727435683	-5.595098377867853
146.0691	200.0	0.10272419724997357	-2.7870526572030454
146.0691	200.0	0.019294720811222518	-6.034208636042452
87.032	362.361	0.005532723768288946	-7.43635684576184
87.032	362.361	0.8216250053178866	-0.2547939752643407
87.032	362.361	0.40282561745241213	-1.0273967081549187
87.032	196.5	0.16085698086703107	-2.0251183922193836
87.032	196.5	0.9368890093178117	0.08433012261098688
87.032	196.5	0.8098837431418886	-0.2603391501244379
87.032	309.7	0.010202140374165392	-4.991567471371334
87.032	309.7	0.6849375155691774	0.4631900924769261
87.032	309.7	0.9912445937754133	0.012130049123508185
87.032	271.8	0.011864278821838234	-8.116099812654104
87.032	271.8	0.8246432457969202	-0.251636182488427
87.032	271.8	0.4050040857392576	-1.0424430835918612
180.0642	388.88	0.009220421308280827	8.43487068525217
180.0642	416.97	0.0013640314748001889	13.599079891880768
180.063	240.714	0.340432860036023	-1.229808873179453
147.0532	311.418	0.09980958481729389	2.2161806431256093
147.0532	311.418	0.6656875447697984	-0.5002464484184068
147.0532	311.418	0.06398602885570669	-3.7509033348687533
147.0532	311.418	0.04884583107823004	-4.338882925939869
147.0532	311.418	0.002983581137473983	6.65430814277253
147.0532	220.1	0.0009203620132017136	12.601043357104166
147.0532	220.1	0.36061903534607415	1.172117024828237
147.0532	220.1	0.09115342240382864	-3.076892298626843
147.0532	220.1	0.07091158880063618	-3.5445049185595963
147.0532	220.1	0.00012502234959297856	18.992901622610542
147.0532	229.8	0.00028085702508205115	12.177653075820894
147.0532	229.8	0.2216101277722161	1.7187066006996832
147.0532	229.8	0.1035455603599666	-2.845030208566776
147.0532	229.8	0.08092997898218295	-3.2691750039022107
147.0532	229.8	0.00014411020898859992	16.336397099971972
147.0532	292.4	0.06309189592585268	2.962910384379233
147.0532	292.4	0.9284378258838889	0.09966340135405921
147.0532	292.4	0.07040869217629254	-3.4839014401863633
147.0532	292.4	0.05310397738986108	-4.014369177121662
147.0532	292.4	0.021200223307208166	5.023354407279188
228.1473	379.45	0.07012155552225624	-3.5471342171759837
246.1011	453.706	0.004242772832174085	6.084906036426344
218.1268	290.52	0.06467696498626836	-2.8173117567312986
217.1428	445.77	0.007677918149929565	-4.993026541757103
259.0457	148.0	0.3707428481878426	1.1292045390145222
211.0358	149.6	0.683618146156951	0.46945692571039005
199.0246	150.0	0.3527703455838972	1.0677798097198905
153.0096	152.0	0.3777228831372057	-1.1235550120270594
215.0559	155.0	0.12796695870020017	2.2990601284784398
169.0045	156.0	0.4203261738696973	-0.9874657248587413
195.0743	163.0	0.004040208785585271	6.844807021864721
261.0307	164.3	0.35158523389274077	1.1978561664647933
332.1332	164.9	0.005779659918891952	5.98662215852325
307.0838	165.4	0.013913600799169978	5.922776294968141
274.1277	168.7	0.6554698733689166	-0.503501418128591
283.0917	173.4	0.08341689896373862	3.2126340690380046
335.0631	181.8	0.4143893137317342	0.9137827101999004
173.08	184.3	0.8520157658285675	0.1990935687592362
163.0481	188.0	0.3879744410612579	-1.088725602779724
174.1117	189.0	0.43189676799625565	0.8874089207934268
190.0954	192.9	0.010014769927151085	-5.078131520862586
190.0954	192.9	0.029002675517866998	-5.501227693682011
190.0954	212.5	0.008190974545362354	-9.508966111871922
190.0954	212.5	0.02420653906501632	-6.280395621000321
190.0954	390.9	0.007828594614137274	-10.143342699933024
190.0954	390.9	0.023408478416490262	-6.399864770282443
190.0954	291.4	0.27438442030371274	-1.3430661066007414
190.0954	291.4	0.02545906905429382	-4.549178494760742
151.0303	196.2	0.38107917237807426	-1.0041436686662835
177.0637	196.3	0.01918327718425537	7.070211546033195
347.0631	197.1	0.29485700872129383	1.2085911293436626
163.0593	198.3	0.35516148251042967	-1.1843582625869158
204.111	199.8	0.14446446288347672	2.006676151391781
204.111	199.8	0.031757399680814334	-3.8345074615304835
204.111	253.3	0.143356236230288	-1.9918777050333376
204.111	253.3	0.01116953006489035	-5.85523743068295
175.0957	200.7	0.14168399881427793	-1.9442502976645628
267.0968	209.6	0.06968082455424764	3.295871632871822
267.0968	209.6	0.05217239164067344	3.8340876688724204
105.0426	211.2	0.032259396345691846	-4.562506534779147
165.046	212.0	0.5275450693266232	-0.6939031700810223
234.0852	212.4	0.8418694139351279	-0.2179111505915179
234.0852	212.4	0.4614197951205069	-0.8922116248870888
234.0852	212.4	0.903566394694783	0.12972696038693493
234.0852	353.8	0.02609908691727194	-3.9421640768359283
234.0852	353.8	0.33294576808678106	-1.264337443125083
234.0852	353.8	0.32136567115989784	-1.2761871663695146
234.0852	235.5	0.018125707703228345	-6.917656049392537
234.0852	235.5	0.27619698352743166	-1.4833093408936946
234.0852	235.5	0.15962393061911626	-2.18645283320174
234.0852	298.8	0.28960137918247114	-1.3024865272456638
234.0852	298.8	0.3719749616517279	-1.1203906255446834
234.0852	298.8	0.5684881957447298	-0.6233402699262247
232.1059	216.3	0.40162696937271514	1.037959799173439
232.1059	216.3	0.7757409491578393	-0.3089011931595268
232.1059	216.3	0.22017807505455828	-1.5090912871747397
232.1059	258.6	0.08267186259949312	2.356764158112432
232.1059	258.6	0.4056395357862075	-0.9834447748953805
232.1059	258.6	0.18837887806627926	-1.9229505046171302
218.0903	220.3	0.24718714972944958	1.3612893821195964
133.0375	220.7	0.8459775951006954	-0.21994868171890955
289.1274	222.1	0.47569955185971546	-0.8186301716147341
131.0582	224.6	0.05106107630060842	-4.1268802343807005
131.0582	224.6	0.07333828944464328	-2.523620847810919
131.0582	224.6	0.0024740698386717034	-9.260283264977735
131.0582	257.6	0.048608385720732644	-3.917461618568108
131.0582	257.6	0.22748505914958425	-1.445929292602664
131.0582	257.6	0.002362459194968114	-6.881359070164364
131.0582	274.3	0.07930539567402718	-2.531716457161699
131.0582	274.3	0.3867599249819581	1.0518671649384315
131.0582	274.3	0.14307019371361546	-2.060663359413497
131.0582	331.4	0.03822279705235092	-3.9735255235814817
131.0582	331.4	0.21555070703459328	-1.5711610015289765
131.0582	331.4	0.006797712943207269	-5.869253714662983
131.0582	275.5	0.043481369324846496	-4.3180699739644925
131.0582	275.5	0.03999223022301137	-3.0003681021630726
131.0582	275.5	0.0010542019561832691	-8.92319548113178
141.0426	238.3	0.024864371751486362	-4.54723757000649
141.0426	213.7	0.021847308394554895	-6.310946856417267
161.0688	239.3	0.015741784994934522	4.047516846779875
161.0688	239.3	0.9247613823773073	-0.10553672285901376
161.0688	283.8	0.019106793734860975	-6.6677398187067345
161.0688	283.8	0.10809203427793841	-2.785125751149756
161.0688	213.0	0.01833216867890628	5.439297932498998
161.0688	213.0	0.8973302972083492	-0.14575914766268197
161.0688	329.5	0.4038942033736773	1.024523169623052
161.0688	329.5	0.7615607131928617	-0.3251896610826013
188.1161	239.3	0.10266954280177161	-2.4096493897584845
188.1161	239.3	0.9585052489455427	0.05852548228719617
114.0429	239.7	0.42545539055263576	0.924245642419357
133.0739	240.115	0.11151702397749388	-2.7286711834361665
133.0739	212.9	0.9371831320276963	-0.08441833404337772
133.0739	272.2	0.7388272043041159	-0.3684953482116491
61.0528	242.2	0.1096177599668383	2.1102506969652133
377.1335	242.3	0.13935580117265783	2.017987245409442
174.1004	243.9	0.20266796859033157	-1.5237245088465334
174.1004	243.9	0.24006834197812507	-1.4785679237728742
174.1004	243.9	0.03752585150074923	-4.64995913872097
174.1004	260.7	0.9396389480189975	0.08208243891572743
174.1004	260.7	0.7340222474175176	0.38493219037531146
174.1004	260.7	0.36862455967642976	-1.1457153416227768
174.1004	329.1	0.9547653658673136	-0.06038246617329335
174.1004	329.1	0.7170169488723209	0.4034518202988716
174.1004	329.1	0.1540964436048828	-2.182035982542739
197.0688	244.8	0.3132721686792322	1.2539913473393336
197.0688	212.6	0.1241387041602772	1.9928311889213715
199.0957	244.9	0.18728234411679143	-1.693409395404981
237.0862	245.6	0.03713764661619249	3.8623323973067274
237.0862	245.6	0.03790630861825379	4.896010286504111
237.0862	332.4	0.3610784468712218	-1.0454519869852414
237.0862	332.4	0.9494633293989767	-0.07117580058703928
346.09	246.5	0.3473722465909053	-1.206681606078684
346.09	246.5	0.3560630580740245	-1.1697687088381996
363.058	247.7	0.2068181583944673	-1.7431208214661598
160.0848	249.3	0.14594135295620167	-2.288342186906015
433.1362	250.2	0.18989781435301423	-1.6870207550812861
103.0633	255.4	0.007222594878604227	-7.006420383515274
103.0633	255.4	0.02625991999052249	-4.161923095272593
103.0633	315.6	0.004381860233654218	-11.493720452723439
103.0633	315.6	0.007557471043765483	-8.777064483830669
216.111	262.2	0.005309562898860002	-6.390395706687022
434.2311	262.2	0.006766110360704103	-6.3384398420816845
217.9885	270.4	0.6278374038081207	-0.5561607485841052
174.0641	270.6	0.3826463597272337	-1.092542371751841
174.0641	270.6	0.009501034424264582	-6.925401409972326
180.0899	271.4	0.0329848037562008	-3.3160484436016664
180.0899	271.4	0.0664380723848931	2.765604040903146
132.0059	272.4	0.1385258022863361	2.0635832520537947
132.0059	272.4	0.8821505353849474	0.16330012089877852
132.0059	272.4	0.16816591927058985	-2.036531544362005
132.0059	241.3	0.03730497144512941	4.72023367720229
132.0059	241.3	0.04622357447431865	2.8540821270367154
132.0059	241.3	0.988153809792228	-0.01609910487813838
89.0477	276.3	0.0018824983621534082	-9.684033223493948
89.0477	276.3	0.07736417733985705	-3.2261493314205856
89.0477	317.0	0.004958554175685725	-6.418371722393028
89.0477	317.0	0.12957962210363858	-2.433526521970189
127.0382	280.3	0.4586344048592822	0.876687811665597
117.0426	282.4	0.7848197010833853	0.30764751539627744
117.0426	282.4	0.3531747640535949	-1.1033804119653128
117.0426	282.4	0.061527866607730776	-2.6625904638814104
117.0426	230.6	0.5540004373911029	0.6900938344754354
117.0426	230.6	0.40789787100010877	-0.973524755430057
117.0426	230.6	0.07285726568014486	-2.5411890074227292
117.0426	235.4	0.3398616938437853	-1.2333796443329659
117.0426	235.4	0.2675341709546042	-1.521336260601197
117.0426	235.4	0.06424332643302806	-3.750000827927084
158.0691	283.4	0.12321197876003559	-2.5767653621463293
158.0691	283.4	0.13404341263928338	-2.382530959236445
158.0691	265.2	0.12399987663817592	-2.541595134469984
158.0691	265.2	0.1427993341471658	-1.9055584312869562
183.0532	284.0	0.07785020271071179	-3.3706885131520963
183.0532	284.0	0.23226999286841596	-1.6943790831667231
183.0532	284.0	0.006507092491747879	-12.322525185961362
183.0532	212.6	0.12567067288911452	1.949236459747292
183.0532	212.6	0.3942715490070233	1.0175929993488964
183.0532	212.6	0.1862568591970318	-1.6203672793272228
183.0532	345.1	0.9096146473747336	0.12716938537054093
183.0532	345.1	0.9717936633282211	-0.039819817428141197
183.0532	345.1	0.014516565044226638	-6.268256769973394
300.0845	285.2	0.3998113238077128	0.964038705802697
300.0845	285.2	0.4750544230015208	0.802033255267017
300.0845	285.2	0.024870548105935697	5.863137918975949
300.0845	375.1	0.031257288911787466	-3.2885747611918754
300.0845	375.1	0.026970133145481953	-3.4368410870476285
300.0845	375.1	0.13412472800186553	2.3275726667525105
300.0845	262.7	0.6889084579178762	0.441469937279395
300.0845	262.7	0.7805497110410261	0.3043268332811326
300.0845	262.7	0.043865437200796185	4.462899681542265
278.1271	285.718	0.4848542025621552	-0.7710526444634621
59.0371	286.3	0.04014829479088875	3.371653283523235
155.0219	287.3	0.051245293745048014	-4.058683257545481
193.0375	288.5	0.5909425451917846	0.6070697650599404
218.1267	290.6	0.7779079956048573	-0.3217911137232063
189.0637	293.0	0.32103316501167256	1.1386030868856243
189.0637	293.0	0.1317527920078606	2.14329294489502
189.0637	293.0	0.09143016595479589	2.9571770083225983
189.0637	244.4	0.7715128241120752	-0.3289187552677102
189.0637	244.4	0.8500939463313184	0.2049057137908215
189.0637	244.4	0.06523160844442738	2.618996011401235
189.0637	274.7	0.5706832523894667	0.6232477123710898
189.0637	274.7	0.23000894165639896	1.514378822323556
189.0637	274.7	0.12751038971458842	2.419309187103992
328.1543	293.2	0.026064037188504648	-5.181956714314512
328.1543	479.0	0.026369269070757068	-5.513452000487818
638.1119	294.6	0.14374590633075715	2.3159628556879746
328.0794	294.7	0.3211829162744432	-1.3022321228454246
188.0797	297.7	0.35931897640212856	-1.180015352218923
188.0797	297.7	0.0031321774042316662	12.2218140470276
188.0797	297.7	0.11424575133183061	-2.69508502170958
188.0797	297.7	0.11424575133183061	-2.69508502170958
188.0797	297.7	0.04258569636491951	-4.658930335546267
188.0797	223.3	0.6404724609848766	-0.5363691802069684
188.0797	223.3	0.09120558028730698	3.079698067997358
188.0797	223.3	0.8591577527929335	-0.18925194341984958
188.0797	223.3	0.8591577527929335	-0.18925194341984958
188.0797	223.3	0.8234001955074215	-0.24122885572038433
75.0684	298.4	0.8105929362978955	-0.2595947294852738
282.0344	299.5	0.025121692164509796	-4.8124187325709205
146.1055	300.3	0.10625502888025672	-2.4918098297324893
146.1055	474.7	0.965901864134967	0.046745877299049304
145.0739	301.7	0.12311350481156073	1.9518355160785323
145.0739	301.7	0.20232345257408624	-1.6581207555046071
145.0739	301.7	0.013039471246110275	5.022736448796137
145.0739	301.7	0.010162369744633654	4.8721362715548615
145.0739	301.7	0.022822342839909714	-6.348397499863539
145.0739	306.0	0.9627573500849789	0.04976997942933826
145.0739	306.0	0.07607759880525104	-2.6856502632374712
145.0739	306.0	0.029313495871771466	3.63657571830923
145.0739	306.0	0.03425007422168532	3.2223270524096193
145.0739	306.0	0.020964541626690383	-6.594427499772346
145.0739	214.2	0.11177855873059134	-2.048683417837373
145.0739	214.2	0.03063759503908327	-3.9176243030692723
145.0739	214.2	0.1079541136510416	2.174478005804782
145.0739	214.2	0.21012032456020588	1.5042390792801423
145.0739	214.2	0.01924162234216932	-6.888156215999506
145.0739	246.2	0.14084861420773312	-1.8382350098778624
145.0739	246.2	0.03476205312829159	-3.8004689238915343
145.0739	246.2	0.08939714667265479	2.3913970713237562
145.0739	246.2	0.15919475367094119	1.7538839769672108
145.0739	246.2	0.01953770484048942	-6.855164489245166
306.074	303.1	0.039109328085134815	4.6970628647838355
101.0477	304.0	0.20089540098996866	-1.640101689475552
73.0528	305.8	0.842954890333277	0.21383582317396901
73.0528	305.8	0.6950872467586282	-0.448548857201289
73.0528	396.0	0.07204075791632639	2.537631691823071
73.0528	396.0	0.1424266679809202	2.2597987397508326
151.0494	306.2	0.8846392732104651	-0.16357662625388825
165.0426	306.3	0.014118593148659415	-5.730283419710232
165.0426	306.3	0.10859437211055813	-2.5032009006672786
165.0426	393.4	0.024478955192026784	-5.393089329557412
165.0426	393.4	0.16087710660578108	-2.102667809189809
165.0426	386.1	0.012538690328588327	-6.909781274099957
165.0426	386.1	0.07015592611497136	-3.3014327120991407
360.1321	306.4	0.9211353215470232	-0.10785218059487396
330.0951	306.8	0.9566015061492061	-0.058036603917994256
446.0604	307.3	0.05569650549689	3.4976917195407164
221.0913	307.6	0.04206909776602563	4.349915853878534
136.0385	320.9	0.18725580304947914	-1.835469302372096
135.0354	321.1	0.17695370959087414	-1.8939112303978534
293.1384	324.546	0.0053473595056033945	-8.294426763087735
87.0684	326.3	0.4236409081448901	-0.927378468501115
259.1208	327.6	0.1650831203708828	-1.9692746283340075
153.0426	331.1	0.41404120393869853	-0.9430026147634348
153.0426	331.1	0.14642585129551813	-2.259856377457264
153.0426	331.1	0.08571773731874212	-2.923731437174534
153.0426	331.1	0.45691482981952636	0.8359077465705341
153.0426	331.1	0.7228495156829662	0.383604216048057
153.0426	362.1	0.6067083871215121	0.5862532304034862
153.0426	362.1	0.21350246314353186	-1.7857779488374605
153.0426	362.1	0.1560932538448367	-2.161586839585478
153.0426	362.1	0.010988241380359726	4.480698619674749
153.0426	362.1	0.019744607177294253	3.7748022749886307
222.1004	331.1	0.03168600781802707	-3.455240522413543
222.1004	331.1	0.6836474211738971	-0.46434904183544695
222.1004	331.1	0.40451811649077113	0.9903957925196619
222.1004	374.9	0.05444416812999296	-2.8518841575902942
222.1004	374.9	0.5928661715273336	0.6188333543486548
222.1004	374.9	0.1449714882911374	2.050750525247673
232.0042	331.9	0.19040562057910046	1.7082629916016097
115.0633	338.4	0.009351521010992327	-7.353732958827921
426.0879	347.7	0.3410778942983816	-1.2133915779379658
198.1368	350.3	0.1827469796945189	-1.801248353749461
640.1428	351.3	0.061870230862891944	3.8269183728724325
642.1432	351.4	0.15301218971537245	2.1217231107808185
70.0531	353.3	0.06304409403103257	2.657463396803298
70.0531	353.3	0.06308973011973969	2.657319528210433
70.0531	373.2	0.9103933995823659	0.12691843455545354
70.0531	373.2	0.9090301897493724	0.12886573472528037
70.0531	373.9	0.7581373383088825	0.3512431376915412
70.0531	373.9	0.7570277157571776	0.35295644586470054
139.0382	357.1	0.3711835843609694	1.0360235699619176
112.0273	358.5	0.49054462259332665	0.7603096029357036
433.1129	360.5	0.25029237277095145	1.4486906473632157
208.0848	362.0	0.5229959148476785	-0.7590675970305304
246.1328	363.4	0.4654603008072653	0.8372658956395412
304.1383	369.5	0.4423562015197277	-0.8530237375972728
114.0317	371.2	0.4697597376988183	-0.8167893419232958
248.0562	372.5	0.338871912874025	1.2413680214750786
187.1208	376.1	0.06409954906703466	-2.731141373420006
195.0895	379.8	0.013412770122381883	5.637050776375513
195.0895	459.5	0.4871221178341355	-0.7676307859703186
167.0582	380.6	0.42686688390019123	-0.8836191045340179
167.0582	380.6	0.10806821763282232	2.742755959575306
167.0582	380.6	0.40145726457150915	0.9392768991716196
151.0633	382.9	0.011433516612894044	-4.453176690132471
151.0633	382.9	0.09001836798316233	3.0315994240362527
151.0633	382.9	0.16194861062810126	-1.9799012022646378
151.0633	400.0	0.023887015803738195	-4.062084744236864
151.0633	400.0	0.015718887781051592	7.034641374700057
151.0633	400.0	0.24990581421492797	-1.5548425050077712
151.0633	434.7	0.030161024582361386	-3.2984657895084384
151.0633	434.7	0.04256097967428231	4.544940104709204
151.0633	434.7	0.26235782808706093	-1.4429060904193987
151.0633	349.4	0.09465068117974133	-2.1860244214088462
151.0633	349.4	0.03503691591444085	5.070461837918246
151.0633	349.4	0.4112970587208262	-0.971783574159231
381.0686	384.3	0.7914669540568314	0.29029438279821046
126.0317	385.5	0.013285346540921882	4.257402687282431
126.0317	385.5	0.005945808644254204	6.632172055265608
126.0317	385.5	0.08230346481349889	2.5129737559765983
126.0317	409.3	0.32862760342494723	1.237862152938696
126.0317	409.3	0.25122173545563353	1.5773527498355648
126.0317	409.3	0.4341732310942321	0.916742572919709
126.0317	428.4	0.09086608300544716	-3.0829450597762147
126.0317	428.4	0.06831261536537199	-3.607263964807438
126.0317	428.4	0.12247422639003928	-2.5868978555249345
208.0736	390.5	0.8008541382600487	0.27700984507209636
286.0477	400.2	0.012647438123938167	-4.685893752771866
286.0477	400.2	0.0056717436434851045	-6.499110694084934
286.0477	400.2	0.004601968034599053	-5.813395985698339
286.0477	425.4	0.48976499024312486	-0.7600796041722518
286.0477	425.4	0.031545687756621935	-4.305509884213862
286.0477	425.4	0.05682434112259995	-2.9566372187879755
286.0477	425.6	0.02781489645153915	3.57400060819094
286.0477	425.6	0.24256157765983724	-1.4301132613610306
286.0477	425.6	0.5137315361789845	0.7175486002469676
131.0946	407.6	0.2924428663731995	-1.2622173128673633
240.0238	419.0	0.26114710462428253	-1.5497305097549048
243.0855	419.2	0.6098139966645344	0.5568109700241929
243.0855	419.2	0.7565247536390659	0.33546344776300935
340.0794	419.2	0.8306176608583246	-0.2422604901280825
480.0904	419.4	0.8798324770025074	-0.1628983878907051
255.9984	419.9	0.1322082804904352	2.007932992622512
179.0946	423.5	0.008097538276045216	8.454000195840582
179.0946	423.5	0.009691266601476225	4.656218761095989
283.1281	425.4	0.6680147100419862	0.47016558926686725
127.0633	429.743	0.030136145590552287	3.4137943306064225
127.0633	330.2	0.11753791244903196	-2.651091983247943
127.0633	347.5	0.897868135057454	-0.1374806432577471
168.0423	430.1	0.03221089188160494	4.290494869211329
168.0423	430.1	0.0004518607882977796	11.499806163128042
168.0423	430.1	0.13710878504221924	2.2531759195042236
168.0423	233.7	0.20891512359559702	1.7625793710427629
168.0423	233.7	0.18448995382492775	1.9853921144342772
168.0423	233.7	0.2658322749503158	1.4479781331931747
168.0423	287.2	0.33942150047417446	1.1871652241303083
168.0423	287.2	0.268988936724022	1.5063017489415051
168.0423	287.2	0.5094044445756818	0.7553489855391825
168.0423	492.0	0.45083360884770135	0.9163393252168646
168.0423	492.0	0.3901063417215036	1.0868070996252046
168.0423	492.0	0.5675352138857885	0.6646259572272641
121.0528	430.7	0.5415289776306955	-0.7105297825957979
162.0351	443.2	0.13859432447265294	1.9952161697174313
217.1426	445.8	0.021868746282793828	-3.645978769895683
217.1426	445.8	0.07669628467513202	-2.812386153978279
217.1426	451.5	0.023972424491596984	-6.2394307478780435
217.1426	451.5	0.00851001661096858	-9.59331634863234
132.0899	456.2	0.3273459851681303	-1.1248503613582694
124.0524	458.4	0.2960221304200065	1.2099782620953703
124.0524	567.2	0.5435480681172132	0.6786772495981955
154.0266	464.8	0.1647874630069172	-1.7829199310565558
154.0266	464.8	0.359973772362853	-1.0380702029754978
154.0266	464.8	0.7374578127843074	0.3597736246144409
154.0266	605.5	0.6001698061996387	0.6116420339941149
154.0266	605.5	0.5428318754649749	0.7031458061718987
154.0266	605.5	0.3095989860108155	1.284151526811008
153.0538	467.2	0.40962142649858224	0.9868554655562087
256.1099	467.6	0.18472699193849149	-1.921548195189238
146.0844	477.1	0.5634926076840651	-0.6750717716496258
138.0317	480.2	0.09608334715865763	2.2965237959582585
138.0317	480.2	0.22967204565022722	1.419374359692021
138.0317	480.2	0.7317521914405531	0.3682350780517056
138.0317	480.2	0.46821932755601875	0.8257944195916583
138.0317	379.0	0.08444274089775049	2.636454733335867
138.0317	379.0	0.13103004234100843	1.9156989419518453
138.0317	379.0	0.5698205530686634	0.6288802912116085
138.0317	379.0	0.3923735390292067	1.0226006746442755
133.0528	490.0	0.07250370258650787	2.4234457269281044
133.0528	490.0	0.010062503015027861	6.921150039578767
194.0579	494.8	0.4324429815336213	0.9354447464919994
564.1115	496.8	0.45679350920420203	-0.867109071817456
128.0473	497.6	0.10372109620160685	2.3966390753872875
128.0473	497.6	0.036123789742866626	4.581018383849349
128.0473	497.6	0.04304218016250314	-3.09003312145193
148.0524	499.9	0.2703391792677989	1.3943993121166947
148.0524	499.9	0.23305515930257897	1.6797471365775798
148.0524	487.4	0.3160517669972147	1.1452377577197348
148.0524	487.4	0.1712580950082853	2.0064477755297503
161.0477	509.4	0.00024487934117523925	24.415823124023266
161.0477	509.4	0.00020818274558223487	22.721770261542446
109.0528	511.2	0.28999632950008647	1.4050615229206547
209.0244	515.9	0.017774325901953637	5.868761500952467
336.0845	518.9	0.21885303978157655	1.4787741008875823
175.0243	521.4	0.15643153292228226	2.212679871040633
239.1018	522.0	0.25551476401754597	1.5558801902113504
239.1018	522.0	0.18513705850528295	1.969163896873327
239.1018	522.0	0.44744385960432237	0.9035039290958756
176.095	529.4	0.6148020766982909	0.5607259656240975
176.095	529.4	0.7966847737048759	0.27785911231749355
152.0473	529.6	0.2780341131360183	-1.4130371886703044
152.0473	529.6	0.8847751503092849	-0.15832301040705404
152.0473	529.6	0.43097081182922753	-0.9728343908446712
152.0473	529.6	0.47505826430765274	-0.8714837156814609
152.0473	537.0	0.0014683318536760537	7.7852166204681605
152.0473	537.0	0.0013202593005077108	10.685757785376081
152.0473	537.0	0.03458583351202047	3.9683735775787246
152.0473	537.0	0.35215375297606555	1.1852827833717126
152.0473	356.7	0.284603798419661	1.2464754717409756
152.0473	356.7	0.042247347333784525	3.0434984290931633
152.0473	356.7	0.7938916711508154	0.2913495876207676
152.0473	356.7	0.7487818910924953	-0.36550854248065223
152.0473	362.0	0.042769554063974306	3.1575067873293605
152.0473	362.0	0.004220996823195823	5.917221528342809
152.0473	362.0	0.34442136261760115	1.1844597934607497
152.0473	362.0	0.9946184019053146	-0.007591678375136324
152.0473	383.6	0.6073108799188942	0.5979446803264405
152.0473	383.6	0.4839962413213381	0.8482266959753408
152.0473	383.6	0.7067542406726112	0.41826449172143626
152.0473	383.6	0.9615199382667943	-0.05135580604581923
149.0477	530.5	0.9043960556632684	0.13241225818228927
149.0477	530.5	0.9738736413724646	0.03652894934048722
138.0681	531.5	0.21636511159579688	1.6476878376266133
138.0681	531.5	0.3033121137002018	-1.1818213691461503
138.0681	531.5	0.3033121137002018	-1.1818213691461503
138.0681	559.0	0.2803394365244862	1.4426757391349725
138.0681	559.0	0.9278727591168453	-0.09854195344676911
138.0681	559.0	0.9278727591168453	-0.09854195344676911
136.0524	538.2	0.03493162138231143	3.2420748195560396
136.0524	538.2	0.3103714159163925	1.1900400702627896
136.0524	502.6	0.17501089239943826	1.7959306094359206
136.0524	502.6	0.6317146298670133	0.5519112169895402
184.0372	538.6	0.01042765492733524	5.021975765588522
580.1792	546.4	0.2893657672802915	-1.2773159354661139
164.0473	562.0	0.01609911846878277	4.023473011502556
164.0473	562.0	0.011054576847432027	5.4220281717153656
164.0473	447.9	0.18918765609781665	1.6392913629780468
164.0473	447.9	0.16536815300179722	1.9718475683009231
181.0739	562.3	0.02544606919636717	-4.144174502375595
181.0739	562.3	0.39626341064827947	1.0419693981598408
181.0739	562.3	0.24379386728206467	1.504144691490099
181.0739	212.6	0.02059797294071375	-5.656655298136864
181.0739	212.6	0.1367902350921583	-2.082563614595647
181.0739	212.6	0.34060610073494335	-1.1006838464023365
418.1264	573.1	0.444443022646335	-0.9349802502471131
418.1264	573.1	0.5620016139743279	0.6843361423237483
152.0837	621.3	0.30502643479650515	-1.3668291746650818
152.0837	621.3	0.02446770689644271	-5.9006093257665215
145.1579	644.8	0.20606463953016557	1.8453082065185258
61.0164	212.6	0.4882862805058733	-0.7630237399347998
73.0164	212.6	0.2717715017637967	-1.3494553470776494
74.0004	212.6	0.23231676894447387	-1.6875056703748754
187.0481	212.6	0.2969358780494899	-1.2995319567838879
187.0481	212.6	0.09269060331794801	-2.430568516010106
187.0481	411.4	0.35119576197127683	-1.2052611961179198
187.0481	411.4	0.1302736283748873	-2.488149887719917
191.0794	212.6	0.9174886560060302	-0.11031832802809148
306.144	213.5	0.8642038243937538	-0.18234057777919377
192.027	214.8	0.4237837464212505	0.9958766930322824
192.027	214.8	0.742240400658233	0.36919848120471216
192.027	214.8	0.7933712513599084	0.2919586701131594
192.027	214.8	0.781949403992021	0.31423516606029933
192.027	232.2	0.17731718576449795	2.044024906662347
192.027	232.2	0.24487269350576685	1.575905469214701
192.027	232.2	0.2566359318188566	1.516655742873829
192.027	232.2	0.25726115334912386	1.5562116548462663
235.0481	216.2	0.7285950977109756	0.3732785873719421
195.0532	216.6	0.12132553188048638	-2.049790801800944
195.0532	216.6	0.9773755524784518	0.03166285929143375
195.0532	216.6	0.526772011644186	-0.7538740433375756
195.0532	229.6	0.24948262992180764	-1.441548088677885
195.0532	229.6	0.8269723090685962	-0.2345911267439268
195.0532	229.6	0.44814939084574185	-0.8762602234145194
106.0266	217.3	0.04514627805769884	3.9868825190698227
239.0794	219.7	0.013190434361312293	-4.617095939488581
89.0113	221.1	0.807126889845741	-0.26218778602880705
76.016	227.4	0.01427295146283852	-4.426079799588423
175.0593	228.2	0.010213094211755331	6.063414326738528
206.0427	229.4	0.11775894439321262	-2.6393142520715664
206.0427	229.4	0.16944324283643494	-1.9291730060075147
206.0427	229.4	0.13381317727576042	-2.1729185248145564
206.0427	229.4	0.10965633958550475	-2.4915477084345703
206.0427	229.4	0.8684719240985705	0.17891172920212284
206.0427	244.0	0.44066283199310535	0.8919280743573318
206.0427	244.0	0.17040764123895832	2.0875687124683275
206.0427	244.0	0.17116850162946987	2.0839255460851027
206.0427	244.0	0.17829787438975428	2.0243572890981016
206.0427	244.0	0.15089276977515728	2.2682589736267147
206.0427	270.3	0.3397969371845791	1.1487299451449626
206.0427	270.3	0.1477282951152333	2.2897184837234135
206.0427	270.3	0.1483427486620987	2.28633505951855
206.0427	270.3	0.15377045510551893	2.230374683895109
206.0427	270.3	0.13264892808746712	2.459346090698202
206.0427	274.9	0.4319945489455915	0.9088931448029516
206.0427	274.9	0.16355443685423268	2.1432348189396566
206.0427	274.9	0.1643117499085713	2.1395604417491865
206.0427	274.9	0.17122935972641617	2.078152858764306
206.0427	274.9	0.14464307425478937	2.3294080311960297
174.0164	230.0	0.34154367725117724	1.234368797682793
174.0164	230.0	0.244566542899996	1.573560432827476
174.0164	240.8	0.6735786540271692	-0.4768390636756898
174.0164	240.8	0.4226919599428592	0.8934283415156948
253.0223	230.9	0.6860811589213167	-0.4435008251393127
166.0477	232.9	0.9405153782282577	-0.08053782507510257
175.0481	233.4	0.026939052118121434	5.851379956621595
175.0481	416.9	0.13618991391360752	2.4227193956706676
134.0215	235.0	0.1410151003528357	2.0777094434942085
134.0215	235.0	0.11015945708626577	2.3464230512849666
130.0266	242.9	0.017258054022585557	7.492053103864233
130.0266	242.9	0.0695078503110943	2.4866361021636063
130.0266	242.9	0.03530969637255827	4.115962423236396
130.0266	242.9	0.31997780773504986	1.1784002253191777
130.0266	242.9	0.10389953801746059	2.198769570578013
130.0266	275.6	0.04250187209366528	4.6713586798990026
130.0266	275.6	0.6599165395069436	-0.4854384791188502
130.0266	275.6	0.8844112792366332	-0.157195565803164
130.0266	275.6	0.3609063016398717	-1.1132321611490734
130.0266	275.6	0.7941809178369768	-0.2880705668907069
130.0266	315.2	0.10793043808647844	2.7882057319145406
130.0266	315.2	0.6277611847580444	-0.5253657588607571
130.0266	315.2	0.8138762051757773	-0.2608904712105552
130.0266	315.2	0.34446504043129095	-1.1089210301624821
130.0266	315.2	0.7464185831993503	-0.3502568791825287
130.0266	319.6	0.07555158359324754	3.4266806920971056
130.0266	319.6	0.3822447123670103	0.9928896601222217
130.0266	319.6	0.25888677829675466	1.5099201057660927
130.0266	319.6	0.8270021384660077	0.23335653089622882
130.0266	319.6	0.3863289968554123	0.9720483768970674
130.0266	471.9	0.22024055196855225	1.7613099333454234
130.0266	471.9	0.37536314064639337	1.1085540166044743
130.0266	471.9	0.34527595645563314	1.2220981027909124
130.0266	471.9	0.4762671624243336	0.8414781760875922
130.0266	471.9	0.3657121505814069	1.1227929759395088
104.011	244.0	0.45383300538313737	0.896207721787988
104.011	244.0	0.5490519100775448	0.7037581630873307
104.011	262.8	0.048927161348823967	3.9831141921373527
104.011	262.8	0.05556621490755708	3.851614110844938
104.011	284.2	0.23419041182917347	1.6478210910753905
104.011	284.2	0.26206828345503264	1.5271831443422246
145.0375	244.6	0.06091715517217957	-3.576729585491989
145.0375	244.6	0.08962291293451688	-2.5169740036201844
145.0375	256.2	0.032194254458392434	-4.4058577931120375
145.0375	256.2	0.019056961487006974	-3.9738427877540734
198.0528	245.9	0.02079769745442428	5.309994107872081
198.0528	245.9	0.12125321417025076	2.0461802800686564
198.0528	276.9	0.019225059269401063	5.429871734371351
198.0528	276.9	0.12175982529976075	2.053024472525294
198.0528	335.0	0.024454389288318876	5.027222303041377
198.0528	335.0	0.12915874678899295	1.9715714332307681
90.0317	246.1	0.43668676595011297	-0.9135588836518872
90.0317	246.1	0.3646139372903329	-1.1312729962104444
90.0317	252.1	0.7905545863203791	0.29371973033760723
90.0317	252.1	0.9048633494467827	0.13349268878640597
113.0477	247.0	0.9871451739744066	0.01783886253714485
139.0269	249.0	0.2151173623407778	-1.7594019343076692
157.0375	250.0	0.004946422438993872	5.902221886230797
163.0845	254.5	0.8668512413218632	0.1860684649956451
172.0372	258.1	0.03927535660521747	3.8364944519848345
172.0372	410.0	0.09579107396001275	2.7836535476366664
156.0535	259.9	0.04640987904804115	-4.1018703576284485
219.0743	260.4	0.1616094013287403	1.901161638436365
132.0423	261.9	0.9664508343352081	-0.04481755023031877
132.0423	261.9	0.8886447635843172	0.14948204555262062
132.0423	475.9	0.9782402588201333	-0.03019811761855573
132.0423	475.9	0.9572583654299119	0.05940943442080252
88.016	265.7	0.03738147471706198	-3.641709484786262
88.016	265.7	0.47586467412617667	-0.8414572976169363
88.016	279.973	0.1101924568873252	2.119803123818788
88.016	279.973	0.5122082503472055	0.7868664162218323
88.016	310.2	0.7881339267217516	-0.2901439955413617
88.016	310.2	0.7673797737851301	0.3373408647602368
134.0579	266.0	0.4624211275245954	0.8788184940261662
160.0372	266.4	0.12539409128191198	2.5475346048693464
160.0372	290.3	0.6003079290556577	0.6162290170057805
226.0477	269.0	0.5519715089007851	0.662193835580944
226.0477	269.0	0.01274876818761552	7.763604216448022
104.0473	269.8	0.1597969321596204	2.1707190528681153
104.0473	269.8	0.25106261227778903	1.5727824731682782
104.0473	269.8	0.26183206993403463	1.415964834619068
104.0473	283.5	0.006945121532215926	8.581496009738064
104.0473	283.5	0.008230979080841432	6.190241471689721
104.0473	283.5	0.023066062415566364	3.8448248074904012
104.0473	292.9	0.007385242747445278	6.906041803021088
104.0473	292.9	0.021725880244451493	3.831661041054956
104.0473	292.9	0.1454696788475744	1.9759999068261065
171.0895	272.1	0.010786978777298666	7.113975952842026
160.0484	278.9	0.25366873630378695	1.440176060163007
148.0372	280.3	0.09607032842528818	2.800383790842567
148.0372	285.6	0.09616144074252733	2.783981390363113
102.0317	283.1	0.01654744822244875	4.634311588387931
102.0317	283.1	0.4811770406215515	-0.8581587202435906
102.0317	354.4	0.027204134219543374	3.4953993011296687
102.0317	354.4	0.485444699011221	-0.8480922875904414
159.0532	285.3	0.2048749706444461	-1.8264707433873093
159.0532	347.9	0.9855273898763335	0.019576107641039665
173.0688	295.8	0.4902536289228024	-0.7686703233552393
173.0688	295.8	0.17136807410736993	-1.6721149613279387
378.1274	299.6	0.3041592065230804	1.3448104251271629
182.0579	306.8	0.06782684037043386	-3.3057461856851615
182.0579	306.8	0.5744774658069357	0.65623174253091
182.0579	306.8	0.8932741008916567	0.14536478961257224
182.0579	306.8	0.8375866354611377	-0.22067440878684202
60.0211	311.1	0.001457758248903718	9.603741652786235
123.032	311.2	0.6602461797886939	-0.49907261066985503
123.032	311.2	0.6097346436688481	-0.5964794192864254
147.0895	311.2	0.41415589705086886	-0.9459631672762433
147.0895	311.2	0.0009556011616889259	-11.948464377903461
118.063	316.9	0.6158624754614255	-0.5444129134727449
116.0473	319.1	0.013034734061010335	4.448307388794594
116.0473	319.1	0.2203611845683793	1.5719723085585107
180.0423	320.0	0.006972113718507637	-5.11215299307571
180.0423	320.0	0.650729208867137	0.4894055675766172
180.0423	320.0	0.10156190379900146	-2.32708721391283
180.0423	320.0	0.8898032403260787	-0.15277938956593892
180.0423	354.6	0.8897662631097032	0.15044896063556337
180.0423	354.6	0.034536725622518596	3.9275818584994378
180.0423	354.6	0.36892224813985525	1.0117836310951134
180.0423	354.6	0.09612931475500391	2.2227312343701615
180.0423	361.2	0.5873406644769618	0.6221831631832873
180.0423	361.2	0.07822283311315331	3.0579538721375608
180.0423	361.2	0.30575764474018446	1.2136176282908775
180.0423	361.2	0.09685542130106084	2.183421720154605
180.0423	380.8	0.28802619014667274	-1.2961102263315245
180.0423	380.8	0.13229574553363888	2.15907751353882
180.0423	380.8	0.8280924334178612	-0.23197620708264446
180.0423	380.8	0.3186353456489324	1.14512408506746
180.0423	389.5	0.5140485931234312	-0.7614235025175665
180.0423	389.5	0.23657522226982386	1.5967467096440422
180.0423	389.5	0.9599512556881877	-0.05424706374699185
180.0423	389.5	0.36337303806677973	1.0307558848773513
268.0551	320.3	0.4539743215581637	0.879095665203172
146.0579	322.6	0.21103108634714407	1.5256873193010463
146.0579	322.6	0.008520763534931818	7.709553679137709
258.0852	330.9	0.7628027377694123	0.3433971529922851
314.0638	335.7	0.020665089013403335	4.221658717018905
212.0321	342.2	0.08994674401429076	2.2330858699652363
212.0321	342.2	0.2716051022990531	1.2942177472405936
161.0324	343.1	0.5100459746702661	-0.7280481626062264
145.1103	344.3	0.17312764998165525	1.6557619042371765
588.2948	344.8	0.15718271323771066	-1.847287475433376
73.5253	347.741	0.00012832384984985784	19.13452451074728
160.0736	351.1	0.027526042687565443	5.649957677679262
160.0736	351.1	0.06257828060835945	3.2318798992945057
160.0736	511.8	0.3427172654758375	1.2319119280811528
160.0736	511.8	0.6866700113671922	0.464805283215257
148.0008	354.5	0.1705785173495059	1.8405991151316878
148.0008	407.5	0.21595174532662498	1.7040587422526405
72.0211	359.6	0.010142386928704783	-4.59837664911232
281.0899	366.1	0.007376489838948613	5.215203017909859
137.0477	371.9	0.5107796863696185	-0.77657118602713
137.0477	441.4	0.9454566834036051	-0.07283568492923717
278.075	379.0	0.19269867426484263	1.6507960824154053
166.0266	384.7	0.07616151586935208	-3.194914629985516
166.0266	384.7	0.8045439712673786	0.27782896434129895
166.0266	384.7	0.9769009020817009	0.03122153904151527
166.0266	400.3	0.07432302932294362	-2.9317020453408773
166.0266	400.3	0.7105631268830809	0.41159713387580643
166.0266	400.3	0.7852163125036429	0.2914500334049939
84.0211	388.8	0.7576935728761991	-0.34911889305326266
86.0368	390.8	0.028954972704408943	3.6850136541542096
176.0321	400.8	0.15877884717864507	-2.0175505030200305
176.0321	400.8	0.6223815981570325	0.5753662866742005
176.0321	400.8	0.21160354771015244	1.777366967303646
176.0321	428.0	0.15293114682506348	-2.122920115542463
176.0321	428.0	0.9554312784916428	-0.06302454738734764
176.0321	428.0	0.46358383712495277	0.8932493369107498
226.0954	402.3	0.05300304020362959	-4.021613651932387
268.1059	415.5	0.2002311162481711	-1.7696345813271728
584.2635	415.6	0.35867920372584317	-1.1048994834045942
88.0524	417.6	0.00500607808946886	6.668123711110393
131.0219	429.5	0.3211150190456064	-1.1596485860927817
131.0219	429.5	0.12440302384535026	2.5617997133440116
162.0528	447.8	0.07013316076609816	2.58000136325304
162.0528	447.8	0.2062929404673786	1.6319107501592671
155.0695	452.9	0.258203015607711	-1.4468069781691524
122.0368	463.4	0.02199181930498245	4.052407256967878
144.0423	466.6	0.06007776616449297	3.8639513941811443
144.0423	466.6	0.05221400235910101	4.191235200046338
144.0423	466.6	0.4146744873598993	-0.9370549460238337
144.0423	520.8	0.012284650998173746	8.613933326333985
144.0423	520.8	0.011362533694189625	9.17933233506618
144.0423	520.8	0.7956252783781463	-0.2883256621072719
144.0423	550.5	0.1396451486387423	2.3837230434681773
144.0423	550.5	0.12463120174008772	2.5592906059543155
144.0423	550.5	0.6183304637311113	-0.5393210689734906
146.0215	467.3	0.1058046342765305	2.8063920700083815
490.2203	468.9	0.028041840343812723	-5.416918964260271
186.1256	480.1	0.5561960888574252	0.6497540367982946
186.1256	480.1	0.3357875145959203	1.093052357214064
186.1256	506.5	0.29198746939002795	-1.3412592519525481
186.1256	506.5	0.22138651567752715	-1.554527866979601
114.0681	480.1	0.010783477566364042	8.516008144276237
114.0681	480.1	0.011325877049789667	8.868181369389701
114.0681	489.2	0.16612753096417796	2.1310842758280546
114.0681	489.2	0.1584685077798989	2.200636535053212
312.2301	484.7	0.1579571985666124	2.189083975609117
312.2301	484.7	0.24873732353362632	1.53755847233896
312.2301	484.7	0.2040971642349409	1.8448750665876172
312.2301	484.7	0.15697393418055022	2.2080148600265628
312.2301	569.0	0.0782240557818656	3.31389162902588
312.2301	569.0	0.10607751340127726	2.5766988136235147
312.2301	569.0	0.09618448083211335	2.9450452824140143
312.2301	569.0	0.07833396120744807	3.337456350842928
312.2301	633.7	0.3050412635461853	1.3661289518971453
312.2301	633.7	0.360364675070996	1.1723781126174222
312.2301	633.7	0.33517927156879385	1.2579772158157727
312.2301	633.7	0.30391193164817	1.3708189801001267
312.2301	641.0	0.28749643555719984	1.4351676452371844
312.2301	641.0	0.3426770698987404	1.228014042387478
312.2301	641.0	0.3174984378875918	1.3197817956477065
312.2301	641.0	0.2863852057012329	1.4402107575530896
212.1412	486.5	0.2413906937845262	1.5281877598199178
212.1412	552.8	0.25562304774811295	1.5060467792960088
264.1031	494.5	0.28198241221170467	1.2436786538509204
481.2312	499.3	0.8212757648283525	-0.2567868976948977
210.1256	512.1	0.022796239210107604	3.824343155638604
216.1725	538.0	0.00927003636570073	5.5905030461257805
174.0892	538.3	0.4256113958669141	0.9893333394380981
165.079	569.4	0.19119819229186116	1.5755187878782786
166.0994	574.8	0.05962951625679624	2.7738500064932317
166.0994	594.8	0.0013158001662857608	8.03178848227469
332.1624	581.1	0.9636378339992833	-0.04969182289859023
332.1624	581.1	0.8519003422703756	-0.19910333185956036
332.1624	588.9	0.8398633952181758	-0.2230349219679566
332.1624	588.9	0.6293469847822084	-0.5229152634739145
144.115	589.7	0.15436996182752077	1.9458885477779897
144.115	589.7	0.14830098755561044	2.084765417484921
144.115	596.0	0.016444854444903907	4.313048008206575
144.115	596.0	0.006401183431938108	5.274025978426615
336.2301	592.1	0.02025548769626183	6.5502141816616986
336.2301	592.1	0.015242780340089272	5.102312202156437
336.2301	592.1	0.016354916002852146	4.428655796487394
336.2301	606.9	0.19828302146043772	1.8889957886647064
336.2301	606.9	0.27930632413112927	1.420942881111235
336.2301	606.9	0.33848514157776605	1.1938089856399283
330.1467	595.1	0.08767582315450458	-2.394663232217535
334.2144	602.5	0.32585627794004485	1.2775618821218253
334.2144	602.5	0.28487966010433785	1.4403123622237095
334.2144	602.5	0.2572747068309452	1.5549499141038496
334.2144	602.5	0.3183485146864985	1.3158976787360213
334.2144	633.1	0.34401919735114644	1.2250317477169763
334.2144	633.1	0.3180514911645601	1.3167970042931585
334.2144	633.1	0.29966528518782204	1.3839125282265987
334.2144	633.1	0.33925010580093057	1.2444367764710556
334.2144	640.9	0.3240999542153562	1.2920644817890439
334.2144	640.9	0.2989834041246099	1.38798818560222
334.2144	640.9	0.28119961191107945	1.4578454816820308
334.2144	640.9	0.3195445052337587	1.312634575032769
334.2144	677.3	0.5308600305170141	0.6936772727985989
334.2144	677.3	0.2396833972549142	1.5048399889135209
334.2144	677.3	0.1418839404730174	1.948118462624713
334.2144	677.3	0.43099454346632016	0.9575995820948141
316.1675	604.1	0.5912332090943432	0.5964126384187459
310.2144	609.8	0.3189347996457509	1.3056993541155864
310.2144	609.8	0.20080183621364792	1.8790963237970468
296.2351	610.1	0.4249610872029799	-0.8960660406007244
296.2351	610.1	0.7996490718936013	0.27183715025964356
296.2351	610.1	0.139031278533634	2.0200995048058155
294.2195	614.3	0.05647705353914106	3.7041061687162196
294.2195	614.3	0.04763333638743783	3.928770175740931
294.2195	614.3	0.04933204510944135	4.211625619172452
294.2195	621.5	0.09788069634880006	2.71404733653887
294.2195	621.5	0.07772238056236969	2.9821562013838996
294.2195	621.5	0.07620196089291692	3.3033444186261787
294.2195	685.7	0.1200828900324092	2.4855147722818836
294.2195	685.7	0.09972016490303164	2.711578317069181
294.2195	685.7	0.09518255665356819	2.9483905354590467
250.1569	626.0	0.20794748756997675	1.6971164087746038
250.1569	626.0	0.13348845191463526	2.149793092599746
250.1569	728.0	0.0653999348030628	2.5195775869942367
250.1569	728.0	0.047397572946376275	2.853346074924973
316.2614	632.3	0.8016658903023587	-0.27529259718502963
338.2457	645.6	0.507351128293206	0.7469531649307518
172.1463	650.6	0.00017079064816485337	22.449400161116674
172.1463	650.6	0.008541498711718267	9.323147462225538
172.1463	667.3	0.01532558079138274	4.493841794825135
172.1463	667.3	0.09506224473451709	2.319736590117263
332.1988	651.4	0.17567059244035987	-1.7517441107854286
332.1988	651.4	0.1853171369513029	-1.9395976949315872
332.1988	669.5	0.0038370661129074777	6.799456825150987
332.1988	669.5	0.36767263372395564	1.1303086510183917
292.2038	659.6	0.1474971261556718	1.9847223065858652
292.2038	659.6	0.0826723166458917	3.1585810373238856
292.2038	659.6	0.6182814490224448	-0.5393252314520103
292.2038	659.6	0.9211415217999864	-0.10544845746995693
292.2038	659.6	0.3153873850352047	-1.1622387491404185
292.2038	701.8	0.015321257463696251	5.228723646237746
292.2038	701.8	0.00034373908715941545	13.926693928778443
292.2038	701.8	0.8074965125762702	-0.2744168880702324
292.2038	701.8	0.7478036523992024	0.36351498931364323
292.2038	701.8	0.31862706022485987	-1.2576668307527743
292.2038	726.3	0.17612728557867774	1.708977876682776
292.2038	726.3	0.07201604916578787	3.3196552005306565
292.2038	726.3	0.3088164501170203	-1.1796473400348506
292.2038	726.3	0.5116226217819054	-0.722406383042573
292.2038	726.3	0.10759690511463968	-2.067059977556852
292.2038	739.5	0.035965908614312356	3.546288648370366
292.2038	739.5	0.0017093963456234862	9.782760247590677
292.2038	739.5	0.39332478522970626	-1.0490418643191204
292.2038	739.5	0.6667451108127188	-0.490006453889269
292.2038	739.5	0.12532940036711943	-2.2795003826171607
272.2351	663.1	0.3228384594830451	1.20679890293566
318.2195	671.8	0.022153691389431622	5.309657381219345
318.2195	671.8	0.03390724498149796	3.756780380856899
318.2195	716.4	0.0067362476646985695	7.735831289627581
318.2195	716.4	0.10984589130220455	2.554729476464634
278.2246	671.9	0.030231022825805445	4.884748949742463
278.2246	671.9	0.2208750508264633	1.7408125374318766
278.2246	759.9	0.3805735115668917	1.1130350652938503
278.2246	759.9	0.8342077503471119	0.23770658530332786
234.162	677.8	0.05529558547456912	3.104413258948186
270.2195	679.5	0.8957929472443003	0.14679061485306108
258.1831	687.0	0.2570936702680225	-1.5134671119706198
298.2508	691.4	0.11543272954532809	2.1416149650947056
316.2038	691.5	0.03369693090090761	5.070837288014728
320.2351	691.9	0.5160930043197298	0.7540558662402852
320.2351	691.9	0.4484169078255162	0.8734507685120456
320.2351	691.9	0.5874390871717328	0.6181030828854915
320.2351	704.6	0.635526529674703	0.5229895463216627
320.2351	704.6	0.5283251098446555	0.7242054893011644
320.2351	704.6	0.8795468836433219	0.16473048410377386
320.2351	740.7	0.872450744555896	0.17933165915976643
320.2351	740.7	0.6764875853615226	0.4791671272860762
320.2351	740.7	0.861421541386228	-0.1954312637081752
320.2351	747.5	0.03393822724093472	-3.3724797252523877
320.2351	747.5	0.1121999074951237	-2.266727500893979
320.2351	747.5	0.03182452370364961	-3.528508859019904
200.1776	727.1	0.9554818916845133	-0.06145040195244355
276.2089	738.3	0.9751645289079204	-0.03454591135391401
254.2246	783.7	0.9206644693067283	-0.11229819648575155
302.2246	787.0	0.9079570413916045	-0.1231662510098526
302.2246	787.0	0.7489740321728326	0.36200769286822126
280.2402	795.5	0.1408424606610567	-2.2505012675292773
280.2402	795.5	0.23773805285460772	-1.5954782275245023
304.2402	818.2	0.8171108341863536	0.24733069790055523
306.2559	862.0	0.566851246677389	-0.623960948639936
256.2402	868.5	0.7493858571391486	0.3533899855036709
284.2715	950.8	0.46307233820738736	-0.811121306193862
