m/z	retention_time	p_value	t_score
347.061	165.142	0.6177629893281966	-0.5260803118712689
384.12	368.227	0.07491070863431716	2.6677213967804487
89.0478	241.494	0.022945077762993538	3.153639783918082
146.109	195.207	0.6623128781053607	0.46738864472768543
146.1061	474.105	0.05757600223757743	-2.4825124143303317
323.0498	169.774	0.004628334479180978	-4.735955361812691
176.0328	321.379	0.0485631411596761	-2.9639206397278026
204.0903	450.091	0.028188477579401395	3.913764226134012
116.0103	307.707	0.40237218662980234	0.9727912838291453
116.0103	408.121	0.7546217642658464	-0.3374136881492817
116.0103	257.207	0.2731539445884356	1.3372134790281907
612.1487	302.036	0.0022959074260037542	-9.5081326235629
642.3001	458.493	0.0606133801746945	2.726666979197323
88.0988	529.936	0.11790492215022935	-1.9606520036609034
135.0537	349.073	7.344839059121435e-07	-24.53457405461939
132.0531	184.874	0.0015081142457558838	-5.506010377988416
192.0272	215.905	0.035848145272106904	-3.066760590083251
117.0786	325.426	0.0004496769853854789	-12.132084362182281
89.0478	318.458	0.02027095763363608	4.508397992045359
125.0146	169.461	6.249950768025291e-10	-69.01044535367443
119.0575	180.793	0.00643921390743528	4.800148155007212
192.0265	391.225	0.02120412278427251	-3.993347629327351
103.063	276.854	0.006191187577541412	-6.238239317606091
259.0459	147.818	3.8638046825255335e-05	-27.425919351515383
104.0091	446.952	0.001928482929971339	-8.183694785365226
152.0335	291.841	0.015432603135538013	-4.065941788510768
131.0945	302.364	0.41230712637110023	0.9004046462062907
131.0945	258.726	0.06652713623822565	2.601514049698862
129.079	400.318	0.0011807142393629928	-5.776375257186492
129.0792	381.087	0.01626547302274162	-3.799730071236684
176.0425	375.97	0.48796989126255397	0.7458607064075958
174.0531	229.259	0.00017212781572604785	-10.815260439686272
87.0685	346.276	0.08626285044524815	2.2465333440504645
251.1003	325.794	0.07053452337150314	-2.4738178269778177
137.0459	438.001	0.06563277689773532	2.6923349370638645
153.0099	167.307	0.0008243005686370983	9.564479448285866
189.0634	413.443	0.016369624234084657	-3.4711520409370245
154.0275	603.763	0.07241998040937186	-2.6020495582925585
122.036	533.861	0.23967724352346687	-1.4520952271560958
220.0838	496.852	0.011643752406857017	-3.740137540181373
192.027	351.765	0.020369269763529367	-4.01271716990283
164.0475	497.662	0.2855975925113466	-1.2692307692307694
139.027	574.103	0.06011574011699359	2.9018899159312816
119.0178	301.607	0.4037710367983545	0.9389968871181452
119.0217	284.286	0.5857771987681486	-0.5919380896261265
119.0176	319.687	0.004661184178132195	5.34759897802737
175.0634	445.461	1.84395674871437e-06	22.161893421979777
116.0956	285.181	0.9485679801649669	-0.06976196712033325
187.1679	484.934	0.018883099018739993	-3.2043142071150967
145.0848	181.825	0.08827059449997691	2.4672389074746603
145.085	377.725	0.20657798275815425	1.524596474790882
175.0478	412.274	0.0025135771652941698	7.2182597967996776
175.0477	418.537	0.0003123984893691384	9.661849345639288
175.0472	393.025	0.06821706279314935	-2.7923211850871112
161.0682	300.911	0.2771935608766174	1.2248371748558504
162.0161	261.963	0.0017688921282922123	-9.613904019435322
194.0574	494.381	0.723613974556663	0.38700806402147336
115.0266	248.993	0.07600686183088025	2.5871302176830353
117.0782	228.101	0.0003799459335134751	7.512775236717676
117.0788	318.327	0.5220608145724991	0.68244776272027
117.0782	222.868	0.0040679351076421425	4.828268931366404
129.0418	314.468	0.722409133912429	-0.38407046736666733
188.1251	383.096	0.0007754601199765327	-6.563886539289273
131.0949	417.608	0.9642481000503063	0.04770115724411182
118.0259	276.87	0.10239237542725152	2.179835253023256
126.0296	677.115	0.2485883818090136	1.3773240880924769
130.0267	470.686	0.24924742327484864	-1.3748474986605594
103.0626	282.722	0.0007684447036540991	-6.706674701048949
214.1576	595.227	0.1058400714397225	-1.9824665412667235
109.0522	432.572	0.931752202073488	0.09111468183227989
189.1101	216.566	0.05507513763690776	2.3764735004217785
176.0676	493.587	0.002186993046202106	8.381172090730782
172.0367	222.2	0.00353791028625478	-6.204679777332057
129.0899	237.666	0.0014861998941466167	-7.752573311855883
236.0782	244.953	0.2678194846258261	1.2486258841174542
130.1116	345.557	0.057441688999101494	2.4644270906712036
188.1173	267.889	0.006827364143331037	-5.647919835706842
160.1219	524.398	0.018073333189195268	-3.2414320970589166
126.0431	344.456	0.8617849516458325	0.18543068012394928
101.0473	333.43	2.6122206627343157e-05	18.060398238510444
243.086	253.086	0.019488026274077176	3.553508101878402
154.038	274.02	0.029407182378092114	3.876607645251126
118.0734	188.282	0.060677054337237704	2.9344063748106803
118.0735	444.056	0.6228574385427715	-0.5313852117576384
169.0334	380.886	0.07484501921243379	2.659565492005353
104.0575	443.316	0.046803820026664854	3.051152282059643
148.0014	407.865	0.6967511690896181	0.41349355574779745
113.0468	330.951	0.008288119973620731	6.112520458727739
147.0533	329.837	0.18744240820091085	-1.5577894321539398
147.0537	339.696	0.06699876844965766	-2.678192525282384
147.0535	284.895	0.096733901621818	-2.2705507156298896
145.0737	360.501	0.0025431970305210736	8.642055939731241
162.0526	447.914	0.03036858773413098	-3.845598967551771
188.1272	196.669	0.15406875553183097	-1.896986353454038
145.0739	235.602	0.02190305230743149	-3.105508451352681
127.063	343.805	7.249597558451078e-05	-9.618196098342288
155.0337	186.855	0.0007778496046105732	-13.037544239909886
134.0581	268.565	0.00016222337888340742	-8.397515129312316
140.0083	259.037	0.10663214639900226	2.2339669102815254
256.1149	427.248	0.450623733121027	0.8356106676035261
335.1323	170.641	4.7143032469469846e-07	-23.278113889583512
297.1068	197.698	2.990493979281612e-06	-30.301485622343243
192.027	233.079	0.032216722166776984	-3.109533953798158
183.0711	561.755	0.8545794493263149	0.19939253976223184
294.2185	708.168	0.07144023758876693	-2.6755768891618072
310.2142	646.605	0.037728391793731574	-3.562909856736136
310.2152	623.667	0.006054344321461661	-6.644943820224718
149.0453	427.927	0.5444225135194138	0.6642759476995063
152.0471	458.943	0.22565369879192523	-1.4559310069977598
120.0576	610.837	0.0007328212790135497	7.026975727683209
191.0613	433.457	0.00861026201919413	4.323064947620431
191.0585	450.008	0.0002412243238840346	14.311289927556555
191.0598	463.838	0.09628234150388898	2.071201060163086
219.053	372.294	0.029596202990662956	-2.8520608370984637
165.0402	287.052	0.3315265763693234	1.0635507448711072
165.0431	335.335	0.0015023368316255947	10.680582866383777
133.0519	534.425	0.0069585043154777315	6.554899565789791
128.0581	289.502	0.014721987972595427	4.699818300688364
128.0577	263.583	0.2273344616470424	1.4126182778821208
132.0518	286.787	0.0026402374830670696	-6.025613602083417
334.2124	601.825	0.0008420668990683062	-8.599708137471152
148.0365	280.894	0.9227588316396116	0.10373980799862056
146.0582	492.733	3.453261245753544e-05	-20.999214123530848
272.0894	351.983	0.045649909011122466	2.9116079860654014
190.0478	471.428	3.9596020474845396e-05	-34.78994785255815
142.0738	286.608	0.4164246867274161	-0.8734273406017395
161.0683	276.682	0.13540859673129532	-2.0282917158601617
161.0685	339.256	0.000273305178997911	-16.86375203622954
228.2096	761.042	0.21752033307765878	-1.459662489073376
160.0833	210.228	0.010456778896316486	-3.919880945281465
267.0966	209.968	0.0010415973170818668	-9.233078220664947
153.0647	241.154	0.26291757541098454	-1.3451976202531704
163.0283	232.442	0.013613286808795557	-4.320524760601893
345.0505	147.487	0.005365996347910497	6.649708182412434
312.2301	529.817	0.0003191121621382169	-10.577551661006833
312.2297	577.777	0.8133427311769932	0.24673415371569182
250.0472	409.247	0.04481458455192665	-2.6739941746645393
202.122	510.331	0.5824393738509727	-0.5831692614578926
210.1249	605.999	0.012837590135210152	-4.31336123247288
316.2007	666.317	0.021017409097253012	3.2834714155539677
148.0524	497.282	0.014274086589555241	3.4834533945206174
198.0526	463.791	0.0024164616408426983	-5.015263972621418
164.0502	562.443	0.0033215056638798658	6.644305612556358
294.1211	346.826	0.04019173231396829	-3.1747716400065027
105.0796	325.317	0.030106522296333805	3.8301213460400496
126.0312	505.589	0.3628202879758458	0.9971655240172264
126.0311	491.362	0.0436477583496414	-3.319413898261664
306.0743	302.16	0.002061797121320488	-9.843363480401349
147.0523	263.88	0.5127429885977395	0.7203986982699101
101.0835	347.282	0.0006700222125686118	-6.431137557612182
193.0411	288.097	0.5107736502708813	-0.7115629599175298
122.0841	453.104	0.06701444575808738	2.8063623130133633
87.0689	444.317	0.006955408798089771	5.989401233530456
294.2203	685.859	6.59451439906558e-05	-20.05631617106768
320.233	728.554	0.8345295090238963	0.2270863762365186
314.2453	592.595	0.6712922203362811	0.45141401473977416
314.2455	615.87	0.00025824550112379913	-8.686421160853023
312.2299	651.162	0.05484477918404874	-3.045996951994727
312.2309	679.528	0.0014508888325394439	-8.373595515335962
330.2403	576.837	0.022768662259431516	-3.921511192590366
330.2385	486.858	0.00370885311951224	7.939962979313134
330.2392	541.551	0.08208193196185226	2.147103464124633
330.2395	515.144	0.025444102518797706	3.9800749228330923
232.1037	215.842	0.07045551875375655	2.4841791814337664
210.0996	641.204	0.4326456239145274	0.8633886407262862
175.0474	380.712	0.45248218512343347	-0.8496010199045617
175.0474	318.103	0.32255503554025655	-1.179465119826848
240.0079	511.934	0.021771690177049965	3.2523309943026764
240.0127	315.133	0.10882586148568676	2.156836175456322
240.01	460.035	0.5939163207389575	-0.5659632135866367
240.0104	549.356	0.43530958046662865	-0.8599478840345952
240.0078	483.881	0.7846418561961199	-0.2950374266860196
240.007	478.533	0.7540630995954141	-0.33896438617764374
240.0091	296.075	0.1648790420664861	1.6024715871116493
240.0089	442.121	0.040616027342070676	2.6245626570697356
240.0089	260.997	0.09386213062996057	1.9925858110745098
240.0102	479.883	0.5982368675525261	-0.574280501924663
228.1359	533.47	0.015866923074204384	-4.878059814798903
228.1355	617.076	0.00018591913120138184	-21.28723370191071
212.1416	486.423	1.1119903016667047e-05	-16.0976276533092
212.142	520.992	0.00015367533655157736	-13.517321256203982
294.2191	601.555	0.004062095074593032	-7.189810583123146
292.2041	648.045	0.0017299169481088358	-9.716178558103696
172.1101	489.787	0.0007352704350159598	-10.8952778494672
153.0896	584.875	0.008514160577253545	5.705786579547129
183.0639	545.702	0.00815235448132998	5.450371187476437
302.0789	609.485	0.381775373320331	-1.0103734544340803
199.0583	491.686	0.0012774689545626062	-7.207378247515
209.0799	372.385	0.37616500655336355	1.0015455948433694
158.0691	317.311	0.0029530290074505517	8.443462657182348
183.0204	151.239	0.0700114209801888	-2.3701015673238905
198.0282	563.899	0.059989340954290454	2.7649199120439074
268.081	691.339	0.031795079575635085	3.4618934684083342
146.0689	213.615	0.08190393957228438	-2.1356686980129354
146.0685	199.396	0.04724467522400444	-2.6659905058262265
316.201	646.266	0.008953072467588002	-5.773909006433376
162.1012	418.344	0.00397950168569126	-7.085738869096948
189.1495	217.127	0.06822297023458467	2.373324984098134
363.0557	341.852	0.06142591049230293	2.902436676751059
161.0471	508.67	0.14749736269165517	1.9074095538646054
166.0835	257.925	0.24229073091121175	1.4232240389440494
133.036	255.45	0.3737042793497868	0.9879044114303294
312.23	486.891	3.2929158929529e-05	-20.255617957181098
312.23	514.255	0.00020652432409465972	-16.798439368499412
194.0423	244.928	0.02570657537528587	3.8467685134174374
87.0318	329.396	0.051547010577912784	-2.4797187105341667
87.0313	361.648	0.027636978301300425	-2.9488187030775266
160.0373	351.998	0.06044713321375953	-2.6151614938875825
276.0957	212.914	0.0036653814553998824	-7.793756996941022
190.0945	192.565	0.31784653265386026	-1.1089095688682735
190.0949	454.946	0.18780278577971288	1.4887701539116298
198.0532	323.862	0.8176329070244572	0.242447801112693
136.0521	506.203	0.34188686941846874	-1.0360144429384404
182.0254	368.633	0.2642534301870593	1.3305566156504405
173.068	250.601	0.2621003595061872	-1.270301024856834
180.063	196.105	0.5547942843128773	-0.6255631381611135
180.0626	439.025	0.6000115792315293	0.5534120843141528
180.0642	261.312	0.26435078298183246	1.2924397671017478
180.0625	415.829	2.16991913404347e-06	-17.688257033239204
180.0625	203.059	0.4599453694841681	-0.7916167592220676
180.0635	387.923	0.0678980666850062	-2.7061905181706503
180.0631	240.423	0.4182340096534642	0.895760055927041
180.0632	393.219	0.056795397577812816	-2.884104177977258
180.0625	401.073	0.007208344056342244	-5.834105616507901
113.0467	374.756	0.1636836819345904	-1.6623994026140974
144.0409	489.33	0.01041267966775418	-5.685317001574219
172.0848	268.407	0.010012164898742529	-3.8996019437411054
216.1362	614.527	0.0002259074194587232	-8.652771181858224
153.0434	215.924	0.035114700846066146	3.4902341031568453
175.0942	286.118	0.00173893966534771	7.787885388725978
218.0904	219.618	0.2866981400732283	1.2800991997775522
228.148	395.484	0.0861166078528021	-2.1491312965928713
262.1308	404.278	0.8342980495086478	0.21851946406735673
172.0852	287.579	0.04694426979751629	3.071797650303945
193.0732	388.141	1.2833707219402085e-05	13.010126629659753
153.044	591.019	0.7927198681787644	-0.2753964490598576
160.0837	248.675	0.0036718496761576607	6.26121188943584
204.0737	215.431	0.0064550066742724245	6.239528730811601
202.1312	370.059	0.00997546968388597	5.287290301912288
202.1308	362.034	0.00895966262738055	5.47170755651885
217.143	450.735	0.590361720468686	0.5848209208660912
186.1006	292.285	0.4616262907309461	0.819218238695614
188.1169	320.253	0.0014524402435574324	5.8289646813892615
246.1008	453.027	0.09313855307888592	2.3789903245711947
260.1125	165.462	0.1185899793955325	-2.043997124433855
219.0847	171.483	0.11543483626550938	-2.0407206581324644
233.1002	174.247	0.07284827704798663	-2.2300558053709496
295.1179	492.54	0.37423131987656316	-0.9634460231973355
231.1231	240.089	0.8653710628514941	-0.17819792340882729
246.1211	312.324	0.8055417272353721	0.26168300292019075
296.0995	499.412	0.6612862669704451	-0.4778133270332757
232.1046	288.197	0.08616558416890319	2.0518978835078365
217.1046	201.341	0.02380205513532948	4.2316805740203725
274.1278	167.839	0.11239410104495923	-1.8982822694307653
275.111	181.157	0.0028820390276966482	-4.880909094463897
203.09	187.029	0.6613057968617782	-0.4606073686573965
274.164	392.703	0.5579507586479908	0.6280599189364922
247.1159	185.612	0.21190327257407224	-1.4214878688374761
261.0961	177.312	0.00015920188731918605	-10.193757736332124
276.0938	197.211	0.0065363895612704	-6.4801699613521935
204.0733	198.16	1.563687791706254e-05	-12.728706073749088
260.1365	319.177	0.9107803237747374	-0.11853963104844586
234.0834	189.712	0.45573365165424745	-0.8063926890272999
248.1002	201.978	0.008263575783898143	-4.597266529499267
310.1162	501.645	0.024884268304314148	-3.046287568398434
246.1206	266.024	0.027068053300057335	-3.3121335464182002
354.0659	370.094	0.009868505290974366	-5.583004606440469
212.0914	475.124	0.08730920092178963	2.0916586712706704
203.1257	442.174	0.17705058834122592	-1.5293405997992602
162.0644	202.655	0.0071778925636763755	4.007377522878548
176.0811	223.376	0.7497698532430732	-0.34188106944882973
238.0961	538.672	0.09699985078895687	2.322100916592636
226.106	466.927	0.3707944113969982	0.9691147610870694
270.0944	430.035	0.17930224349496668	1.5372553747806563
284.1126	433.608	0.26359400039178027	-1.2443798087900275
302.139	543.381	0.13643094175167453	1.9713721333749232
242.1003	429.644	0.7592633285271588	0.32157123750621847
202.1314	332.552	0.01830361228166077	4.504899651430365
268.152	538.965	0.43791613013672104	0.8592958059681088
232.141	307.699	0.7321978123335432	0.37405111611362307
246.1215	295.482	0.158757995203721	-1.6104261685820753
244.1778	444.006	0.8298247473431636	0.2247276435007106
218.1258	290.506	0.061281461876563505	-2.4606606473094224
294.1571	586.933	0.3181277558192719	1.152542434497597
217.1428	445.274	0.19386353375291904	1.5579738947393702
203.1259	432.799	0.20929932149037672	-1.4389507243739916
283.1637	585.798	0.5291238914154355	0.7040638026364107
259.19	518.061	0.17464540702402612	1.6919160182684743
243.1568	478.243	0.587952805359619	0.5968117704957825
245.1744	489.204	0.15028688784139727	1.7181154715903995
220.0853	307.078	0.2619795739127915	-1.2859186650693455
264.1468	427.312	0.7124118769235742	0.3942225180692306
186.1006	309.349	0.0040952327522378205	7.747975958660423
271.1638	403.811	0.3728365650114333	0.9631376427617676
244.1053	270.541	0.06566504540040365	2.249039876063391
252.1231	524.272	0.02877741301070775	2.91244707025691
246.1052	378.783	0.07083411690043406	2.717953032919595
202.0942	258.073	6.0186274070103224e-05	9.962312671884437
216.1107	279.196	0.005156425105722953	5.916575490118884
214.1311	382.185	6.889805622137767e-05	11.789787979521412
220.0683	183.059	0.0026633610367979236	-6.011798864682693
234.084	177.444	0.0013851346995076162	-6.996140625012181
242.0999	446.851	0.8616793577356037	0.1820345406434297
218.1268	307.481	0.052148462296919565	-2.4606733139121384
218.1263	298.493	0.03220915786386174	-2.9874750171339772
233.1379	416.337	0.4297237448959726	0.8535409814234908
192.0743	180.946	0.3157171119876311	-1.1357050992314612
206.0898	182.206	0.5532520737059805	0.6294831634237285
233.0996	184.315	0.035429009422550284	-3.1368139143740303
222.0676	197.218	0.23659350077288094	-1.3427971934868606
232.1416	327.921	0.04531108541671825	2.541759827009553
250.0968	298.069	0.8987132032492884	0.13339992206006726
216.1111	258.373	0.00498031434007226	6.656424561384246
206.0908	196.264	0.020154309972174538	-4.144383526705344
220.1052	212.29	0.028565017440351868	-3.4326351035101563
282.1201	530.653	0.6570309243075028	0.4788631923496957
238.0951	521.03	0.8356146547633877	-0.21685074792883635
278.1259	560.768	0.6218674181148853	0.5393845122908038
282.1166	497.337	0.18381075135912972	1.6342801609194801
280.1425	565.636	0.26845747575854234	1.2765984779466615
188.1165	295.936	0.007063924466888435	5.577573956351971
232.1052	258.062	0.009960622509830907	-3.773072570253451
230.1629	418.102	0.6056605382174584	0.5479379060866173
216.1468	370.963	0.6568690159074382	0.46715958400370583
294.1207	319.944	0.610673490793153	0.5390916551506019
151.0303	174.318	0.038743628889156057	2.977224734327433
174.1003	317.132	0.9073116043354041	-0.1226595220593086
146.0687	245.882	0.42676117875462805	0.8536444147514836
259.0457	147.8	0.645048484030422	-0.5097576713596862
211.0358	149.3	0.016914101965637147	-4.799189414337592
139.0398	150.0	0.006308732169185471	6.660190389654842
199.0246	150.0	0.05630154886913525	-2.7237980254651175
153.0096	152.0	0.019662479247773916	4.535918419817148
356.0733	153.1	6.925418891961702e-05	-27.48585992462852
229.0351	154.0	0.6361999509421179	-0.5023109574582342
215.0559	154.7	0.0015860926719085968	-7.5994494151874585
537.0761	155.1	0.07808633743180185	2.3346504275373356
169.0045	156.0	0.00034719699218141876	10.407288266418243
141.0191	159.3	5.483418240529356e-05	-10.104857903685069
246.097	161.409	0.07171647429839888	-2.361705247190876
261.0965	162.187	0.004194609071735169	-6.72881093129163
195.0743	162.7	0.0002081110904252188	-19.616603263844887
179.0794	164.0	0.37330459529024784	0.9705862644472462
261.0307	164.0	2.4450175125708844e-06	-24.73352099410248
431.0131	164.7	0.899438923491406	0.132715048772059
307.0838	165.4	1.8873898135248596e-06	-18.710266696396413
347.0631	165.4	0.3102157420839337	-1.1104247250335582
302.1702	166.147	0.7549063109285294	0.32909475444631325
167.0259	166.214	0.26131602531543974	-1.2438949336840905
274.1277	168.0	0.08374029411531735	-2.0904513261171926
238.0605	170.329	2.8096076097421268e-06	-60.35312331802606
204.0734	170.75	0.08393929192630867	2.0933826701506812
283.0917	173.1	8.109137356849881e-05	-29.822725914788407
133.0487	173.2	0.000311283989970063	-19.078491463626666
220.0684	174.069	0.0003140183468562764	-10.2299547618849
169.0847	178.323	0.03072077792325522	-3.329966351490936
290.1226	181.1	0.0002626733850941623	-8.3303770348617
335.0631	181.9	0.24620186276804426	1.3631617653945065
162.0643	182.294	0.002916009272610485	8.435637773249539
173.08	184.4	0.0017940653573621118	-5.323709042241398
174.1117	188.0	0.006672102989668375	-4.232832926454928
248.0994	188.562	0.12127898634563151	2.006067883863382
232.1166	189.143	0.023858171536594697	-3.245926985007251
190.0586	190.315	0.03055003427115815	-2.818822246552415
190.0954	192.7	0.06712154186147536	-2.280120601447103
160.0484	194.4	0.17065575422775947	1.7883252698223913
146.0691	194.6	0.5451184358539026	0.6666865776905927
275.1115	199.652	0.17793414947822253	-1.5998533187842445
204.111	199.7	0.13347294658197958	-2.0187685252004415
175.0957	200.7	0.0005079137901281907	9.64406019794946
636.0963	202.6	0.3322730447997419	1.0566800107896388
119.0582	209.1	0.09609974719349237	2.026682946576167
202.1421	209.444	0.0003422147514341945	-11.477384990222008
163.0593	209.5	0.10275711423688408	-2.32058536508722
267.0968	210.0	9.181805572638472e-05	-13.970874392346872
165.046	211.7	0.6980587398143961	0.4090128917911642
105.0426	211.8	0.03495104307546725	3.491484781659562
190.0954	212.4	0.00035950953781447464	15.223035280995317
189.0637	216.7	0.0178329648390002	3.260153073935876
605.0772	218.1	0.0053610206541758266	4.68701895533794
218.0903	219.6	0.3594141704627305	-1.0623671211322634
147.0532	220.1	0.5502253025478325	-0.634454624161638
383.1057	220.384	0.011846213506583297	-4.503658520365383
133.0375	220.6	0.018823307907696086	3.8411784569961243
289.1274	222.2	0.04303940485323924	-3.258922556820791
230.1258	222.894	0.34114280596567415	-1.0904167484086655
237.0309	223.645	0.0002376154487095202	8.077633844266703
133.0741	223.773	0.7892823253987112	-0.2794539216725161
346.09	230.1	0.10092267371489375	-2.3425484534822396
287.1123	231.282	0.0012580638395889774	-5.703823913535245
332.1332	233.2	0.0012864698140254806	-10.644223728481348
103.0273	234.256	1.291683615070416e-05	-13.012899390237523
332.0743	234.6	0.0011330690709712157	-7.221689325059148
141.0426	237.7	0.27074589334474897	1.2472995478999744
119.0582	237.9	0.004222932764531552	6.763214706833702
161.0688	238.8	0.032687365384648406	-3.702561086376067
188.1161	238.9	0.4623307284383799	-0.8008027934810634
273.1325	239.1	0.6669288411712433	-0.4625157370873447
114.0429	239.3	0.02302029830142439	-3.4510134475663063
133.0731	239.769	0.05768101024183656	-2.421498916122765
377.1335	241.7	0.00021071262988464702	-8.867000004557019
61.0528	241.9	1.3499048386782025e-07	-30.32579868944425
229.1066	242.776	0.021817593788051346	-3.2202261471263056
174.1004	243.6	0.06208695130021446	2.8225769810275687
199.0957	244.6	0.02068280626042299	3.9337794537985222
243.1205	244.978	0.057345442590943034	2.8913622418178067
131.1422	245.6	0.00012993284676702377	9.284291614447058
363.058	247.1	0.0014071260807080963	8.276929798083714
160.0848	248.6	0.0035426887677525894	8.32937919418374
385.1274	249.0	0.5470376997212154	0.6493441010886325
384.1169	249.2	0.837006901271947	-0.221316947436412
515.1765	249.5	0.0047077751101981865	6.362099002186126
75.032	249.6	0.6748723113336166	0.45744543840104473
433.1362	249.7	0.13869552922963896	1.7774993469137832
119.0582	250.3	0.17055661168722863	-1.650195476924995
188.0797	252.1	0.41116498475597524	0.8977377179202075
204.111	252.6	0.17776879220924643	1.5417023690550038
125.0242	256.8	0.00188306118838295	6.006178785984644
297.0896	257.2	0.08822472240331548	2.0844095568733247
119.0577	257.928	0.21886010591321783	1.3795511066963861
232.1059	258.1	0.008338978312568994	-4.082305448405755
345.0474	258.6	0.018428632168028744	-4.582277114827101
346.09	260.7	0.04901213817086081	-3.0754536515384117
244.142	261.208	0.04196051513647758	-3.321019632319842
216.111	261.9	0.0020832460775862312	8.86065100877102
434.2311	261.9	0.00238870815815601	8.784506382100718
231.1212	262.394	0.04899589259819955	-2.8757797623978503
243.0855	264.6	0.09191733076189706	2.3341441209005716
230.09	264.642	0.026037756075135764	3.705911857768948
89.0477	266.7	2.0489314045860297e-05	12.334867596708294
578.1636	267.0	0.005596433466643542	5.513459873978323
218.0906	267.667	0.009292589486327085	-5.346519421435092
446.0604	268.3	0.1808830908728474	1.5202858556768462
147.0895	268.8	0.020462007235493004	-4.030628940866511
246.0848	269.025	0.05474712599727139	-2.895123860764113
217.9885	269.7	0.2830386781728446	-1.1983494474689476
127.0382	269.9	0.46178406895700996	0.7975468493770304
174.0641	269.9	0.029606745109031617	-2.949061379806639
161.0688	270.3	0.10299906904897574	1.9527436411303587
473.1659	270.5	0.04289876052607573	2.8529783978870418
473.1659	270.5	0.04289876052607573	2.8529783978870418
132.0059	272.7	0.003918924936731534	-7.87238857426043
436.1369	275.1	0.06986366012573533	2.711727320612634
89.0477	276.5	0.027447913329709785	4.027002881901547
174.0632	277.508	0.17324839780292148	-1.7569265060752626
117.0426	280.5	0.002446304852976143	-9.282577838994026
145.0739	280.5	0.0009250407218836415	-8.987427091880066
149.0471	282.385	0.014493114232456559	4.370320361564995
73.0528	283.2	0.08317905741584497	-2.2650822447864774
202.0956	283.587	0.19671010739223838	1.616785636670771
300.0852	284.961	0.0013253546261238526	-10.500178828141525
59.0371	285.9	0.0034717092768153965	7.964144627372367
110.0476	287.177	0.001702637177871355	10.265489311196283
459.1866	287.2	0.1291854581390568	-2.0776090348558465
692.2316	287.2	0.4776259887711723	0.7987879015465105
611.1607	287.4	0.8525191360363252	0.1941034263113192
202.1311	287.952	0.2849488342369247	1.1748133489199517
193.0375	288.1	0.6872788514991025	-0.43397101784039666
232.1059	288.2	0.59764385211979	-0.5669234925646228
114.0796	289.584	0.013212079570598478	5.108263750026914
145.0739	289.7	0.28048067297502893	-1.2343559106309205
176.0321	289.9	0.009297790568326374	5.587034455117943
232.1407	290.631	0.0031717529528678644	4.955230083291912
147.0532	291.8	0.1564478795744197	1.6271266614661848
243.1204	293.71	0.008063888107161351	-6.172870429260898
328.0794	294.1	0.06030198384824812	-2.7402273371020653
190.1066	295.3	0.03966822490445391	3.328640159124833
458.1203	296.3	0.9482695601477953	0.06785354747514832
206.0428	296.909	0.1825700024037043	-1.5877620611102188
167.0582	297.2	0.12687962288219945	1.817263506480928
188.0797	297.4	0.027615514196169238	-3.6854955135018157
232.1059	297.5	0.009287561966934178	5.477120769351561
75.0684	297.8	0.00017537735559582104	-19.645492816021513
145.0739	298.0	0.8528533903344995	-0.19385748724864085
306.074	302.5	0.0016601188082081748	-10.352478801790122
175.0842	302.598	0.07992117933513278	2.4613989505168887
101.0477	304.0	0.05702553584104481	2.5095929528131142
165.0423	306.019	0.027540187030005516	3.996362014575897
151.0494	306.1	0.1551963033929611	-1.8410662227016774
360.1321	306.2	0.22834339532332112	-1.350805054577737
330.0951	306.5	0.8084323233185977	-0.25927138115900483
127.0625	306.5	0.25536712433734404	1.3692909814946568
282.0344	307.3	0.23196070980352662	1.4842784449915538
117.079	307.4	0.056531002331263264	-2.3753243479830757
87.032	309.1	0.0006439578903491859	9.300345672109994
223.0481	310.5	0.34032081411961124	1.046457429745215
245.1369	311.168	0.6122397095085312	0.5439498653445042
226.0582	313.187	0.37824383565320985	1.0165806342670545
103.0633	315.1	0.05822238347425961	2.929150892917562
216.1113	315.16	0.0396934202091965	-2.9701971896087365
230.1259	316.57	0.007094863659832783	-4.902496137946045
174.1004	317.1	0.6251811544460082	-0.523513238539787
129.0812	317.542	0.8872066230367136	-0.14992511857244747
129.0426	317.6	0.9384236892729395	0.08117072991475836
101.0472	318.468	0.0024522706562945837	5.023789810078891
314.0638	320.3	0.3337615654596349	1.1322363749395272
136.0385	320.5	0.10773322536496867	2.2586052176007145
135.0354	320.5	0.09030868068003799	2.4368219654898366
342.0951	321.8	0.23563210119431593	1.4787259584618482
175.0847	321.972	0.021887941607796585	-3.0933139509554706
176.0909	322.1	0.005341784083168574	-5.544822539065498
244.1047	322.119	0.0004121198922137954	-7.189956269169385
326.0979	322.694	0.018851620798364128	-4.639044642791976
259.1525	323.032	0.19434267000146427	-1.4609993679079922
244.141	323.247	0.001643932131402429	-5.4775330595079526
254.0725	323.6	0.6687168156146056	0.4504828284365998
293.1384	323.989	0.8998130738971958	-0.13132946598963166
87.0684	325.6	0.010360370899232203	5.093884629932844
174.1004	326.4	0.06762532902222392	2.7153179928517335
216.1112	326.487	0.11805117102688076	1.823471545762611
220.0848	328.7	0.017537069497487096	3.5963564995042514
73.0528	329.1	0.003501250586028421	7.651978438278619
616.2241	329.1	0.09847901694348359	2.360957437503453
456.1626	329.5	0.471536077345787	-0.7946899195788649
232.0042	331.3	0.19131428067692663	1.564179423538106
236.0797	331.8	0.4215392036143158	-0.870836690056494
237.0862	331.8	0.4321894390237241	-0.8452484174058896
492.1115	332.458	0.5877408500708773	-0.5885587848296049
72.0687	333.6	0.7365152366417929	-0.36782513078357704
175.0841	334.043	0.018996533212624993	4.140105239274961
218.1262	334.201	0.18163570697390286	1.5168624002733648
115.0633	337.8	0.0024785859595609274	8.236011042573093
206.0427	340.382	0.6129175247929197	-0.5417057341618117
255.9984	340.5	0.7564329204719474	-0.32637302725115225
230.1263	340.572	0.10893024220764955	1.972336754048929
172.0856	341.09	0.741238020816888	0.350999750720032
185.0324	341.4	0.35945640584931676	-1.0687781217977623
176.095	341.7	0.2887933048372697	1.1760679965570926
439.2392	342.4	0.32578906870642527	1.089951814573547
216.1111	343.315	0.09861240605658296	1.9564015858982176
181.0375	343.5	0.007498651808670068	5.4992742190378605
244.1046	345.245	0.3168854396493735	-1.094283885336123
208.0841	346.203	0.910499403455343	-0.12082153664476543
325.0798	346.4	0.06305184603975675	2.653035779385049
325.0798	346.4	0.06305184603975675	2.653035779385049
260.1358	346.433	0.061408220884392	-2.63505109714937
426.0879	347.1	0.09397290735565332	2.354262741319665
125.0955	347.438	0.18745346993055736	1.6390225107382546
198.1368	348.5	0.48926217813231354	0.7538601033301394
642.1432	350.2	0.02493768500378975	-4.144158212670579
640.1428	350.5	0.004780312226037977	-5.742331827747562
117.079	353.3	0.05720294880761837	2.873740476007728
234.0852	353.4	0.06561850836242646	2.6945854368977797
149.051	353.8	0.3811723714677241	0.9899417270338142
139.0382	356.6	0.017800319792709646	4.449837522258667
103.0633	357.4	0.002938822622897176	4.935298981160279
73.0535	357.803	0.04612501026806937	3.2722378748137477
112.0273	358.4	0.1655213453504936	-1.5809453948416925
216.1118	358.866	0.38680833747784976	-0.9404678751713099
214.1311	359.641	0.00990930759401599	-5.229996642920464
266.1263	360.662	0.9582377082779283	-0.05460003603390253
131.0582	361.461	0.001986988583419338	9.51270242387372
110.048	361.729	0.0034391914558808655	6.808675834576313
188.1168	363.41	0.09785987888278265	1.96714855753558
184.0736	364.1	0.2992389297145388	-1.2477860802274192
230.1269	365.044	0.0036993381580661946	6.070417978431589
166.0266	365.7	0.43226168841233975	0.8423862610102996
204.0899	366.1	0.41531543474909455	0.9407478394693992
220.0848	366.2	0.3495119239555816	1.095935711834436
355.1547	366.4	0.18613353703520868	1.6948070621548128
433.1129	366.5	0.44358620988025843	0.850052361212867
354.0577	368.8	0.27454795833801765	-1.329905490051161
381.9995	369.5	0.0006644147748011592	-14.390681817407424
248.1161	369.7	0.23785034392136817	1.3229267782048004
345.0421	369.729	0.006360026857130171	6.655258260390489
114.0317	371.1	0.08333347240948959	-2.3429706847515335
248.0562	371.7	0.002904228624854305	4.873539242724874
70.0531	372.9	2.756084885888096e-06	-17.857556974105602
70.0531	373.1	2.756084885888096e-06	-17.857556974105602
300.0845	374.6	0.002110665548942566	6.983604462477647
222.1004	375.1	0.016748110102152894	4.817544094390678
187.1208	375.4	8.226587558002992e-05	14.419538422758018
275.1474	375.473	0.001583328474454121	-9.833208802116763
230.1257	376.257	0.6251153569198621	0.5168038816826112
137.0841	376.8	0.13343405976235442	1.9800034554834303
260.137	377.009	0.0012153110212612384	5.770280057388065
281.0899	378.1	0.164139396848419	1.6723039347982105
195.0895	378.8	0.054675589989847916	2.4360748732565423
117.0787	379.406	0.06162312486019104	2.7726438102127595
128.0473	379.7	0.1951610478165481	-1.5235291958474129
259.1208	379.7	0.871890332079563	-0.17177406405123127
163.0667	379.7	0.5915091041271391	-0.5714121552640322
337.1147	379.811	0.8825401749519073	0.15431050971744198
167.0582	380.2	0.00014456494624030033	-20.40520095318987
205.0493	380.653	0.004703408540395517	4.991108207181794
302.2067	381.699	0.02184946864398873	4.2423583360993256
381.0686	382.9	0.0024148996455776316	9.50602916011061
300.0845	383.1	0.002555446262001523	6.072898583132453
126.0317	389.5	0.037541540412693614	2.7699992871612715
260.0467	391.0	0.9595419416315847	-0.05338647289870378
311.1718	391.265	0.12365927436462036	-2.070131872659105
231.1324	392.1	0.1538396645506783	1.6343011609025664
165.0426	392.8	0.26637200514986803	1.3351538040736854
297.0449	394.318	0.7585249066490942	0.32337752829895916
246.1328	395.7	0.31004622316367736	-1.168722711965973
151.0633	397.7	0.6438769947616749	-0.5091063029246969
72.0263	398.206	0.00216424620061162	7.577454528704988
212.1159	398.7	0.07350995973004	-2.18618421005628
286.0477	399.0	0.9094481551873934	-0.12321507152719739
101.0835	400.073	0.0003057948478645712	-7.55728640796703
142.0258	404.813	0.5311069796344733	0.6929348134469485
228.1479	404.907	0.18130649366013743	-1.5768114260690085
326.0988	405.567	0.266867575832243	-1.3175051107836424
131.0946	407.0	0.6288397301355793	-0.5125066783310175
153.079	408.5	0.6489170178776376	-0.47925835471372297
522.1373	414.6	0.21450704129273174	1.563284451499046
519.1133	414.8	0.22339217686227475	1.5296501059988692
480.0904	415.9	0.14752709723918833	-1.8148272550046376
126.0317	416.0	0.4117709105543583	0.9188877891331355
340.0794	416.6	0.0239880459961031	3.9895724832147303
261.1327	417.541	0.025021899171917914	-3.0295292934510956
101.084	417.963	0.032471731952144256	-3.6547058474591374
240.0238	418.5	0.07714936536921627	2.5764997660913127
243.0855	418.7	0.008741747878134634	5.064365948217696
275.1469	420.028	0.028934803860543392	-3.0034684020582514
281.1124	420.6	0.04154657897018894	-3.151694829693833
386.029	421.5	0.004366402517755036	-7.083291534657671
228.1473	423.032	0.0020699067231200823	5.23253103746556
179.0946	423.1	0.3150611663861947	-1.202767911714564
286.0477	423.9	0.3549623816578471	1.019845284735184
286.0477	424.0	0.2698837785641107	1.2877021625822331
283.1281	424.3	0.9753824834401006	-0.03239662352326528
142.063	424.7	0.7350052297714326	0.35697359136031426
234.1368	426.1	0.12444823412960208	-2.0680039758886877
149.0477	427.7	0.0760237911977654	2.1709729472096435
179.0946	428.6	0.9822720778416093	0.023642040656445505
135.07	428.952	0.0036895281849464905	5.386294337537717
126.0317	429.0	0.5854273517788677	-0.6014071194440074
127.0627	429.589	0.46712959406507776	-0.8195701513619975
168.0423	429.8	0.018538782717175826	3.517476055335095
168.0424	429.865	0.015777328807795248	3.4693856601992623
304.1383	434.3	0.6248597020344746	0.5355771980217263
117.0794	434.474	0.10870030124479403	2.2475669578518027
237.0862	434.6	0.8350146761530935	0.21885312244398974
114.0308	434.715	0.36195282143569574	0.9971780749975235
146.1055	435.6	0.29639179077935085	-1.260493034282052
638.1119	436.8	0.040082953927063	-2.611086573248822
143.0924	438.718	0.0009889768258301047	-9.807604396557494
138.0317	440.3	0.10421902166260742	2.19460273973176
149.0477	440.3	0.009901710570165576	-5.844400170616514
180.0786	441.1	0.603823254221431	0.5759149884957433
320.0896	442.6	0.01300125266547793	4.878128902014186
162.0351	443.0	0.00493953484630468	-7.484381763091235
117.0795	443.646	0.04878498285718893	3.058880042247118
217.1426	445.3	0.1698627583142306	1.6252506553016979
121.0528	446.8	0.6407814001290555	-0.49215686666469555
181.0739	447.2	0.0008605173200328402	11.310349082576776
228.1478	449.338	0.2772620225096985	1.1955053749016136
130.1218	449.4	0.018258849181493824	-4.55940717606352
208.0736	449.6	0.06560171321014023	2.266227396921312
276.1586	450.3	0.5724257034839584	0.5982649302025663
182.0579	450.6	0.2694382595026193	1.246384787791462
217.1426	450.7	0.29969597284979116	1.224251469273767
245.1385	451.9	0.2085390868858936	1.4611094171700887
73.0888	452.519	0.04301674155218822	2.745367727673686
210.0528	452.6	0.043008812399763646	3.0129940997468805
346.1165	454.5	0.09420971182201235	-2.145019773783488
320.0896	454.9	0.01698022502454588	4.806959053480987
132.0899	455.6	0.12594693149941782	2.059292046828626
321.15	458.254	0.0606133801746945	2.726666979197323
167.0582	458.4	0.04569318238276869	3.2836508064971794
33.0215	458.9	0.001321151460543489	5.695751327602161
152.0473	459.0	0.12185707609025548	-1.862693759929335
182.0579	459.1	0.2543794852879942	-1.4060549098892305
129.0541	459.586	0.13619708238648554	1.966497042203346
351.1703	459.6	0.017362084858385314	4.054671266650724
260.0321	459.8	0.38758721065303625	0.9792189912480903
135.0677	460.236	0.020413977270557424	4.118608820122561
161.0477	461.3	0.00667266407853957	6.217739839923174
165.0426	462.0	0.1242341697207729	1.808103064757122
370.0339	462.508	0.08724069669984819	2.0967722905341857
322.0689	462.9	0.13486376578902046	2.0053658407201818
154.0266	464.3	0.017482644323109996	-4.279463025845971
320.0532	464.9	0.8717619937245693	-0.16866876559345154
256.1099	466.1	0.1694713994965327	-1.7863886881491498
152.0473	466.8	0.5626327835247034	0.6448689980576969
153.0538	466.8	0.5028436948223026	0.7482146170952203
144.1369	466.857	0.015054422320596925	-4.812039644750101
203.1255	467.146	0.8376178374584253	0.21488739254908493
189.0424	468.206	0.18159007587455425	1.7324806453665738
114.0314	468.229	0.0016729162368637513	-9.28969379299685
243.121	469.29	0.12455600935660106	2.0629569799284546
222.1004	470.7	0.023400746347720196	-3.1547548170708346
244.0695	472.6	0.15258816169970463	1.8500695811051877
168.0423	475.2	0.335801667601746	-1.1138203388221595
375.1682	475.2	0.9356275779370884	-0.08431065491071194
346.1165	476.0	0.00809677609798253	5.861888276313269
146.0844	476.8	0.028626684235673487	3.1763017774975153
268.0997	476.959	0.00027381246905219423	-17.260478936464285
267.0968	477.2	0.00020154578827312513	-13.319876406234846
253.0811	477.2	0.8443089584349389	-0.20579610987004276
252.0746	477.4	0.5598176186581622	0.6465522896291175
328.1543	478.0	0.4721712971386335	0.7697975793331536
180.0899	478.3	0.0245408047473354	3.036170053489594
270.0528	479.5	0.3230747889198874	-1.1720755352684469
207.0893	479.701	0.003276436024232679	7.165570645960304
138.0317	480.0	0.8486621912563581	-0.19923192575536816
141.0902	480.5	0.0019945965223319997	5.939415207434154
175.0633	482.3	0.01484488961311938	3.5657666158123096
506.1002	482.9	0.32349099083557376	1.0818048612421236
189.0425	483.125	0.00020770499639556395	7.975166785279612
218.1267	485.3	0.3561045391940949	1.0867235743970693
187.1685	486.4	0.11337145259130593	-2.067654517296782
501.1972	487.7	0.03737283815250138	3.5378232913516037
251.1018	488.6	0.37051842425286086	1.043031408351595
111.032	488.9	0.39680135243985987	-0.9380182394536589
133.0528	490.0	0.11366099848263027	-1.9793250093755683
170.0579	490.6	0.7029940799984465	-0.4081996981539288
232.1212	491.3	0.19092861064660566	1.475935064078887
434.0767	494.23	0.044514216976411995	2.558963245166441
194.0579	494.3	0.7434732878637655	0.3576919387412473
168.0423	495.2	0.2105331248849242	-1.5802810142373123
564.1115	495.6	0.0016662624010312798	6.226356579536954
178.063	496.4	0.008799957624968024	3.853290634791168
164.0473	497.6	0.35587144171696417	-1.0494214509598898
277.1161	498.193	0.015377456340285391	3.354022835345064
148.0524	499.6	0.7982083675502385	-0.2738514293912113
175.0633	500.9	0.07969269785531741	2.444334194830906
356.1233	502.1	0.050910754065230754	-2.4387965979253523
550.0959	504.1	0.02227621841161374	4.3553430245301925
60.0688	504.438	0.044582088194507125	2.9197317722739045
188.1525	507.3	0.0001817527246430408	-15.29320114335739
161.0477	508.7	0.15226891004905016	1.8572515788113044
195.0756	509.1	0.0018715543725934935	-9.205520695104704
109.0528	510.9	0.016883970352289536	4.431754081852049
74.0848	510.922	0.05867046958251633	-2.596182897243096
182.0579	514.928	0.03123006638252494	-3.3283678620453125
336.0845	516.3	0.19964366169136252	-1.5652394609599651
99.105	516.567	0.5644049952240493	-0.6290692993024898
336.0861	516.692	0.13503364302055595	-1.9185424047335986
281.1124	516.9	0.00031549527684707234	-7.596047023845869
272.1049	518.5	0.1726847043111291	-1.765978435697159
288.0634	519.9	0.07206655549560863	2.727046083070081
288.0634	520.4	0.07950009758817643	2.611794430974174
175.0243	521.1	0.0010664957253806418	-11.655337413068859
434.1213	521.3	0.10786622429484702	2.264989773471783
434.1213	521.3	0.10786622429484702	2.264989773471783
239.1018	521.6	0.7994486177908328	-0.2656799451374927
183.0354	521.7	0.07682871980810614	2.6224467214839016
135.069	522.477	0.008942602984830286	6.063701154026353
222.0892	526.9	0.007829765422713518	4.590981520258361
246.1011	527.335	0.0009632926721398107	9.1133074149537
176.095	528.9	0.005170297652616835	-4.286327850925977
325.0979	530.122	0.007577461488933566	4.026304652071364
186.0681	531.0	0.314744679148607	1.1771209233889208
138.0681	531.3	0.3034344719811365	-1.1892895724447916
180.0886	531.634	0.816305173836697	-0.25189803589330245
180.0899	531.7	0.24333606308300848	1.441122733427433
252.1105	532.021	0.17151733207570097	1.7222379777583985
318.0376	532.6	0.002419073679347224	8.439116828859106
192.0786	532.6	0.101823556371789	2.2631170117347614
580.1792	533.4	0.2639228194850177	1.2323327747798518
128.0473	533.6	0.08435085797642203	-2.5043067796465657
239.1018	533.8	0.3013142078147077	-1.2400711873198849
504.0969	534.633	0.4307081775102415	0.8453474426514244
133.0528	534.7	0.009785590569580251	5.858829201038618
210.0528	534.7	0.22608132173958662	-1.357848808571983
152.0473	536.7	0.05003561896562755	2.475977072560715
360.0845	536.7	0.042253876864888726	2.9998457308632758
346.0689	537.1	0.13086448168369277	2.044656544821853
184.0372	537.8	0.0751889443048109	2.598029745312215
239.1018	539.9	0.45102335743667105	-0.8453376247923455
196.0736	540.1	0.0013853800344874197	-8.481102247904003
134.0732	540.5	0.6135627883505912	0.548488212916211
208.0848	543.2	0.297171598736772	-1.1948031517108526
135.067	544.288	0.060689073799100504	2.4537198188496014
154.063	546.6	0.012045190245016907	3.5635797963704645
274.0841	547.6	0.004438755772186069	4.428637141587698
164.0837	551.3	5.7001539118518916e-05	32.850575078578316
224.1036	551.355	3.5236238018511714e-06	32.824473653992115
124.0524	551.4	0.3736492319630085	-1.0350689503885542
274.0841	551.6	0.12287963899484727	-2.0888711172725714
140.0473	553.9	0.01262145807684617	4.387911526951865
180.0423	554.5	0.08201836822927586	-2.5553439872243473
186.0681	555.1	0.15408220539937303	-1.8538058391809404
268.0736	555.6	0.005225460753835989	4.536627956650565
138.0681	558.0	0.2991643353129952	1.2438355731549857
138.0681	558.0	0.07970516913340578	2.5247539182918004
352.1787	560.3	0.121553168261871	-2.1382841784883184
181.0739	561.9	0.861054597422992	0.19018453375065497
111.0433	563.8	0.10838651684135342	2.2636825490157904
434.1213	566.4	0.14504912723441574	1.8876058434278637
328.0947	568.0	0.22510071457712236	1.3702993247871875
94.0419	569.0	0.015937931924847104	4.747517929432384
182.0579	569.1	0.052895786333524625	3.0039827729769297
332.0532	570.5	0.599142455597715	-0.5669589333174962
418.1264	572.4	0.368025556208957	1.006937888775552
128.0473	574.7	0.06870134907300647	2.565605054179195
208.0372	575.3	0.690760482684462	-0.42509274414651216
418.1264	578.2	1.8463655360499968e-05	12.199205980268443
154.0266	580.6	0.4146202082727973	-0.9278818056502278
390.129	584.336	0.07577304708546694	2.1798564569149947
151.0633	587.1	0.03253137160606473	3.4774627492828203
110.0467	590.127	0.09681169155053895	-2.2254978356595525
152.0837	591.287	0.001958474360517581	-6.656298499753258
153.0426	591.5	0.8263238802109194	-0.22975740034231967
152.0473	591.6	0.8628482272627402	0.1803137710327745
322.1681	592.4	0.003205596080207445	8.298622971325585
110.0476	601.167	0.1049994911912007	2.204441419858962
166.099	602.479	0.012933097391879604	5.30268391450902
154.0266	605.1	0.0740754363187372	-2.62318384217836
180.115	606.1	0.0003441699866913076	-7.275659029861791
234.0528	607.8	0.35548062724201196	-1.0875405399262146
221.0913	608.2	0.004969292434624181	4.371311222976891
278.1271	609.534	0.09473054006931066	2.1548526468107236
223.083	609.882	0.13817817909034838	1.8209332340821902
222.1004	610.0	0.17800452160983501	1.7467151738038325
336.0768	615.898	0.027499608040823714	3.7807408817309023
164.0837	619.3	0.08278449458300537	2.5598041574681005
180.0423	620.5	0.562887814668577	-0.6190612556911087
152.0837	620.7	0.6914432228367671	-0.4258589539859952
278.1258	623.391	0.34208489320919666	1.1176823326695862
237.1003	625.505	0.1002927604580178	2.223520802587556
288.0634	629.4	0.07450322314578584	2.682807723602936
290.079	635.8	0.26147147980813557	1.3617541863170184
170.0732	638.8	0.09702251159184325	2.3615703649386983
204.0423	639.9	0.02557714077840368	3.831671199432115
178.0266	642.2	0.12014736554177201	-2.027264993714187
145.1579	644.5	0.4537966860888529	0.8331056031223248
308.1049	645.2	0.1293226569102371	-2.071651755293564
330.074	655.3	0.021637409088540966	-4.404697797854085
328.0573	655.338	0.11142310233424899	-1.8694996447169345
244.0736	657.0	0.004137749471673239	4.492733332958175
179.0931	670.298	0.5848749587724089	-0.5886631544437663
272.0685	679.0	0.3148919632187281	-1.1974103363938042
272.0685	679.4	0.5918641536046361	0.567354696806713
140.0473	684.5	0.1340455767540179	-1.9603557238209748
150.1045	686.7	0.2067793580505508	1.5835069880814967
234.162	686.7	0.16915501755643927	1.7603918369518077
110.0368	692.8	0.521266504655026	-0.6872583490676208
270.0892	698.8	0.2710131913516437	-1.3449542953530773
136.0524	699.0	0.13988962838844235	1.889715553655525
168.0283	709.5	0.27120655475966243	-1.3442493783540141
73.0164	212.6	0.28068908943715065	1.1956110994085773
117.0426	212.6	0.00026780206209913766	16.70234793733073
117.079	212.6	0.39072748373367444	0.92900156117637
133.0739	212.6	0.050051755117079565	2.8185024099498173
234.0852	212.6	0.00026780206209913766	16.70234793733073
505.0846	212.7	0.9965528021081184	0.0045194042911043154
183.0532	212.8	0.003075396938410345	-4.964210230065778
155.0219	212.9	0.98838868678778	0.015636224731328124
190.059	212.9	0.1646952016536606	1.8278127068030265
191.0794	212.9	0.012499053781168943	4.357741872949558
188.0797	213.2	0.2751548689980066	1.2071896383192324
188.0797	213.3	0.2816717180538659	1.1886970803249948
268.1017	214.495	0.3443128840811424	1.0286878764189593
129.0781	214.654	0.02995430064854164	-3.7055807072119893
129.0426	214.7	0.945557207857252	-0.07203664809844351
195.0532	214.7	0.08677978654156997	2.5003899509686933
230.0903	215.1	0.1138168723847042	1.8758332480039634
74.0004	215.4	0.49338629204958906	0.7729818576571783
153.0426	216.2	0.013323037077470967	4.899815180122404
161.0691	216.657	0.00013283731454851225	-22.435620179163333
188.0797	217.8	0.8445013067667653	-0.20895195523371163
156.0535	217.9	4.319575763206539e-05	11.671419348962885
106.0266	218.0	0.0007138126816802428	-10.318796903208897
235.0481	218.9	0.04779499613260172	2.9786019792458545
183.0532	219.3	0.6792365781316234	0.43741384006089246
61.0164	220.0	0.00021127993484922533	7.96218389830777
239.0794	220.3	0.0026046270697084946	5.977304929262255
89.0113	221.9	0.32497047873794827	1.0812625329603682
190.0477	222.1	0.04178904023287874	-3.4119058568267917
172.0372	222.2	0.0028070025245821475	-8.953670906763525
123.032	222.5	0.006420463304197794	4.502494088490988
104.011	223.9	0.6895574542386096	0.4277643294800571
187.0481	226.5	0.7935688034754644	0.27423226233206804
147.0531	226.682	0.040082317381998675	2.7964356177247742
174.0641	226.9	0.3256216105412175	1.1339913740348762
195.0532	228.4	0.8870492088391378	-0.15316025345816414
156.0423	229.1	0.9722367941223655	0.03714850878824212
253.0223	229.3	0.05178111406369382	2.896819505491903
175.0593	229.3	0.012738235869914495	-3.843801063529742
188.1161	229.5	0.007412176873499183	4.366606267852423
203.0794	229.6	0.019579745973197647	-3.498532853503694
158.0691	230.0	0.18675649408597814	1.6588551302736891
197.0688	230.0	0.2630681042476432	1.2364665886535413
219.0883	230.79	0.02207688321102109	3.507557469079119
306.144	230.8	0.8372987049988196	-0.21817571319118284
159.0532	230.9	0.7238886623569029	0.3712531317930779
187.0475	231.161	0.08457251202846837	-2.327513865275521
174.0164	231.3	0.995765224606397	-0.005732060238177882
219.0743	231.3	0.019414218559811514	-3.933602371691063
117.0426	231.5	9.531506746851842e-05	24.86540871373636
127.0633	231.5	0.17769311228058496	-1.7531494443376177
174.0164	231.7	0.537316181394253	0.6582250624919014
322.1199	232.7	0.6127382045434854	-0.5407031576715461
212.0321	232.9	0.5806187143370385	-0.5934998713038612
483.1502	233.1	0.5606679964646648	0.6180894685828547
181.0739	233.2	0.11258150161059871	2.0268233121559716
149.0688	233.3	0.19058449296878727	1.6147510712825073
202.059	233.6	0.0018978969737117484	10.340286974445334
166.0477	234.2	0.620636798228607	-0.5466992206405701
145.0375	234.6	5.370834469166837e-07	31.15618650540662
88.016	235.5	4.347095179013856e-05	12.027211410425052
151.0628	235.627	0.014368633731758486	3.645977697988993
134.0215	235.7	0.09064493184830551	2.014654571382325
191.098	236.9	0.41824956862877954	-0.8916123585607235
76.016	237.3	0.22700234862609836	-1.3596258937190973
223.061	239.7	0.04606489812595207	3.0395127092436187
146.0215	240.8	0.17396632222877265	-1.770378890314786
90.0317	243.0	0.27812823422548083	-1.293513313002919
130.0266	243.6	0.005211421883816004	-7.218323503365127
206.0427	244.6	0.008456454414935645	-4.909280426781913
189.0637	244.7	0.20100318558679314	-1.4621709624061805
147.0532	245.08	0.0017379418232556286	8.707536949296207
147.0532	245.3	0.002618866426452034	8.503380291184781
157.0375	245.3	7.733863006093036e-05	-11.352303050582465
192.027	245.9	0.5407220906415692	-0.657221478579939
129.0426	246.0	0.282557044174769	1.182103281492893
159.0895	247.8	0.04631843520542752	3.266511115213763
183.0532	248.3	0.00022256565981119844	8.170924012922674
217.0586	249.7	0.005149182858471447	-6.527968021634826
173.0688	251.1	0.04552075941856465	2.779249871976472
139.0269	251.5	0.0638781898684603	2.8729070697410584
90.0317	252.6	0.10110229301893986	-2.33757386469098
113.0477	252.7	0.0003548661266897684	7.627554968058723
163.0845	254.7	0.004245784801148278	4.968490587865962
268.1059	256.1	0.7937381967517712	0.2775723694242254
258.0852	256.3	0.5901602719179149	-0.5693757072254164
198.0528	256.7	0.9264129909916052	-0.09789149593283283
143.0219	256.8	0.6775840210504187	-0.44926949077013045
145.0375	257.0	0.0013850685622971927	5.770743691171719
189.0637	257.9	0.11134414037832457	-2.081509827672023
172.0484	258.3	0.7187381450182022	0.3795694707175079
192.027	258.9	0.07178958639605007	-2.5014895642452384
216.0746	258.9	0.0002751900761640433	-7.760108881053137
300.0845	259.1	0.07728876068721369	-2.6392960882612004
248.0797	259.4	0.06699948057716526	2.7660451927068985
344.0743	259.9	0.2687452978967509	-1.3371365984283674
195.0532	260.3	0.45599722158607703	0.8107786130572737
212.0321	260.9	0.010541383392622398	5.396725024416089
160.0372	261.5	0.6273910784142878	-0.5305039568685292
146.0691	261.6	0.00824074438952224	3.9242745866188056
134.0328	261.7	0.06016703201962685	-2.918963448492163
132.0423	261.8	0.7096406546475964	0.3925639812394782
171.0895	262.5	0.2541602021240885	1.2610952095125845
131.0582	263.2	0.17132879617720465	-1.7883840950516698
104.011	263.5	0.004089072204355935	-7.5851265191507
131.0219	263.9	0.16640436931930713	1.6169819128786493
143.0575	266.138	0.1398352587972686	-1.8997756454345114
134.0579	266.6	0.029152546512931036	-3.415218846911208
199.0845	266.8	0.10943562761516322	1.9344985361686595
103.0261	267.305	4.079063024219376e-05	11.036445382232658
226.0477	267.7	0.21031307274934366	-1.505524346581451
180.0423	268.2	0.040282384753989944	2.669371789982152
170.0215	268.5	0.7787300414582128	0.3062999190399563
104.0473	270.9	0.35157521724448815	1.0143247175885965
206.0427	271.2	0.01549446568583932	-4.521385100282317
104.0222	272.2	0.7251479047263454	-0.3735444442299538
270.0729	272.8	0.1745672138176311	1.5611475267674062
147.0895	272.8	0.00018036938292500786	8.30699753994359
171.0532	272.9	0.25353107901067773	1.372923732666177
162.0528	273.5	0.4837836520660597	-0.7883679393293149
206.0427	275.6	0.01854486740415871	-4.066027463166427
201.1001	275.7	0.017486072208237467	4.373182025253822
159.0524	276.752	0.3364565633141798	1.0475573978857176
132.0059	276.9	0.06377184574205656	2.3094769284243966
378.1274	277.0	0.709686668003199	-0.39602980901910073
187.0845	277.1	0.04613163259470292	2.6070623335890053
143.0575	278.111	0.4123047507629023	-0.8977976119132841
198.0528	278.5	0.14690741261338644	-1.671436190738473
130.0266	279.1	0.6387390542268206	-0.49756935762885623
131.0582	280.8	0.10678423050955224	2.1461556885223962
148.0372	281.2	0.8531236260577957	0.19930795640244764
88.0156	282.434	0.02493209468195666	4.1494596606135365
87.032	282.9	0.05594010766187016	3.0224222396134035
104.0473	284.2	0.5732713815410198	0.5961429555189399
102.0317	284.9	0.015808256131293993	3.898992745804598
268.0551	285.9	0.05030190534390515	2.9238378769004782
292.1019	286.0	0.0007464592366428185	-14.22384500351546
130.0266	286.6	0.21796889604309305	1.3834135313659222
143.0575	287.697	0.0006251998940281704	9.215681247272775
146.0579	288.3	0.30950444449954406	1.1150914484295307
165.0457	291.545	0.5283303295965849	0.669094696989989
294.0852	291.6	0.28079019117306475	1.1960978587031839
104.0473	293.9	0.18011350568979295	-1.6799991004920007
234.0852	294.5	0.07790531370166562	2.544785370044794
173.0688	296.8	0.0037812359481539833	6.007478846938163
778.3466	298.7	0.002721103872120363	-8.2806008557789
119.0582	302.0	0.16346092775184937	-1.6788678680475866
87.032	303.0	0.10398972252196144	1.9274076278836028
60.0211	306.2	0.6998517073988771	0.4046420757483579
147.0532	309.1	0.12649407659335327	-1.993230748613815
88.016	310.0	0.07789932853693468	2.497102916990119
130.0266	316.5	0.035077168387784484	2.765776072252533
118.063	317.3	0.41217829289608315	0.9219822371874121
123.032	319.1	0.718125418567419	-0.38009709858447627
116.0473	319.8	0.3590976152557172	-1.0688178221864546
130.0266	319.9	0.16621778398064863	-1.672327283963358
146.0579	323.3	0.241384891082974	-1.395354411630478
244.1055	323.344	0.011861832618499853	5.466047221459614
229.0586	323.9	0.03219308501488615	-3.781239692729705
163.0481	327.8	0.09014773844752044	2.3211072225003857
129.0426	329.5	0.07873564973520812	2.148023976891595
84.0211	332.5	0.3163241825924897	1.0938049588407714
145.0739	333.258	1.1490354766102342e-05	27.06595136895675
223.0481	333.6	0.127392203626179	1.7841746412413666
138.0429	333.7	0.45236068979270627	0.819103831691324
249.0601	334.706	0.05576584111112033	2.3723040436146348
229.0586	335.1	0.33605555831897016	-1.1424557615604687
175.0481	340.2	0.17194819730575137	-1.7787510660267405
625.3033	340.6	6.922513355059722e-05	17.949509185574026
177.0637	340.8	0.4117889430556256	-0.9485985911876151
145.1103	340.9	1.0642008741577644e-05	13.900268398165007
588.2948	345.3	0.026822622238065343	3.209891836434859
73.5253	346.853	0.1990216760318863	-1.5653434572601619
153.0426	347.1	0.005462020863187217	5.930432644376963
132.0423	347.8	0.09359332495864317	2.1259708810101663
132.0418	347.951	0.12694888505341043	1.897132489311363
179.0582	351.8	0.4433420216315913	-0.8794627375173607
160.0736	352.4	2.0973581899811777e-05	-34.0864047396485
180.0423	353.8	0.2243307890572155	-1.3591986472009474
148.0008	354.4	0.013583936463781142	3.646460345642156
102.0317	354.5	0.10679056860822383	2.142156331813852
131.0219	357.2	0.3258729284167436	-1.1716818990002744
564.2279	358.0	0.042265134883187526	-3.3210563008456115
72.0211	360.2	0.09446550902302021	2.0353642640028857
176.0321	361.8	0.3722786662544208	1.0427939384525244
237.0637	361.8	4.9609024570758784e-05	21.442294775308625
74.0368	362.4	0.05148878080677664	3.0308317108972647
261.1209	370.239	0.029789150140422962	-3.2427673290602232
153.0426	370.6	0.6630337041062335	0.4710530685700518
172.0733	370.864	2.016938788205964e-07	-26.254115279521066
252.0602	373.9	0.026679391609931807	2.978122943384909
191.0419	376.387	0.00021006655351800714	-13.159710709148506
153.0426	376.6	0.9204198180393924	-0.10429798713365403
132.0059	377.7	0.27586389359664176	1.2268528840580795
496.2607	377.8	0.03511453379109505	-3.142791094368756
138.0317	379.7	0.8325378357868166	0.22766055862522713
278.075	379.7	0.007773161059460528	3.9516861073279017
226.0954	381.2	0.5521925696182013	0.633757854895388
368.2199	383.0	0.03300230213262455	-3.021771797664489
161.0343	383.251	0.007901694111595473	4.296964855856326
137.0469	383.392	0.001863915756527097	5.740587437071019
161.0324	383.4	0.24116522238067872	1.3339355617513573
166.0266	390.9	0.12258816304321903	2.0589829480481323
86.0368	391.1	0.0520722773739813	2.471542689069942
205.0572	397.684	0.006746006871908392	6.280850096045254
161.0336	398.715	0.0011472403535727658	9.999432839018505
134.0215	400.5	0.5404931704413147	0.6535823412561473
166.0266	401.0	0.0032352692858282814	4.864021347730202
151.0633	405.9	0.05358165589801486	2.976399842433696
164.0473	407.0	0.011360696472786556	-4.762701229868228
187.0481	407.9	0.012748834652420906	-4.394992974619358
187.0464	411.959	9.370218582695672e-05	-12.895835915018184
584.2635	416.3	0.7016954099357989	0.40676417226137185
88.0524	418.3	0.029614571415770202	2.8408721645524224
176.0321	422.6	0.03719312744668105	-3.374047878635933
146.069	440.554	0.4039112089279798	0.952521501287716
116.0473	440.7	0.31448650821594026	1.186636571021329
165.0431	442.268	0.012010952815035567	4.771765243097719
162.0528	442.3	0.572302201173062	-0.6251964972023454
206.0427	442.8	0.018025516103567254	-4.699616455144978
279.0742	444.605	0.10405009794070716	-2.306526168358179
155.0695	444.8	0.7243152682120044	0.38522222247044136
118.0266	454.2	0.013280898740843617	3.563822972025306
264.1031	458.1	0.31658879116696115	1.169448918448856
122.0368	464.2	0.16451047532672797	1.759405874303519
150.0681	473.6	0.22777739045273288	1.3448430035498757
209.0244	476.4	0.005026387267977147	7.333431003341736
114.0681	480.7	0.00035894320041405267	-16.88637217860644
130.063	482.5	0.21147541422046337	-1.4651680793447355
144.0423	483.6	0.09243859622643723	-2.436620811073067
138.0317	484.0	0.4474411947679815	-0.8135244304655437
116.011	484.9	0.022307422046160093	-3.0973931979697498
144.0423	489.2	0.01116836449321749	-5.556911431033957
114.0681	489.9	0.0001794035791822376	-17.68527655765246
328.225	490.9	0.026845564234624794	3.9728451845098127
251.078	490.933	0.6286420662195775	-0.5273186674556178
136.0524	499.3	0.4169266281526368	0.8718741598491928
481.2312	499.3	0.06839133293350178	2.4712654655299624
186.1256	507.9	0.016092493883175487	3.685999054704013
186.1256	510.0	0.8184680673011252	-0.24700535153236813
222.0528	511.4	0.10135973709051484	-2.3327172112372376
210.1256	512.5	0.614567464997711	-0.540613357852395
160.0736	512.6	0.0014864337577836768	-9.872811151495428
172.0735	523.556	0.000284122561447419	-19.72587688188703
332.1624	531.0	0.013956385289466473	3.573664428035145
362.1729	531.9	0.6228076366189275	0.522008639758736
323.2098	531.987	0.00021142221855082843	9.646949292406804
200.0321	532.8	0.0020527128079863106	-8.582755421695351
336.2301	533.8	0.01758340424657487	4.608639909069801
226.0477	533.9	1.983309350046451e-09	-85.11824882699467
264.1362	535.2	0.06071326294469524	2.917560974507204
163.0633	537.9	0.4191476716632778	0.8977132690181986
216.1725	538.8	5.907690594294414e-07	-21.933479641307457
174.0892	539.2	0.00010425991061779832	-9.107185976138103
144.0423	549.8	0.001636224692756428	6.673755816005088
212.1412	553.1	0.11669308265438535	-2.185493179486516
165.079	569.8	0.013351083383641037	3.560867773924445
137.0477	577.0	0.3682317395602565	0.9981512122872066
334.2144	580.5	0.027599331653154542	-3.1049466886922974
258.1831	580.6	0.0992447959691794	-2.3571658293160387
490.2203	582.5	0.29699989378370706	1.1420690463516443
166.0994	582.9	0.7937894177729308	0.2853103826211998
332.1624	583.1	0.5057560645443291	0.70921213719818
294.2195	589.7	0.5143111851421488	-0.7270600592507471
144.115	590.6	0.3173442071860709	1.16443967390173
367.2181	590.7	0.12041576112499462	2.0438135124508237
334.2144	590.9	0.06955982136723968	-2.458182629482448
178.0985	593.897	0.025020898653344534	-3.9419816961499285
330.1467	594.9	0.002084472544047578	5.194758984411262
294.2195	602.5	0.007583297986157206	-6.072162716836608
334.2144	603.0	0.0001514654923530682	-9.849989843989476
313.2611	603.399	0.0013329930992310663	-5.8482484371709536
312.2301	604.0	0.19224712533737917	-1.6738800808203456
144.115	605.1	0.1484473607007038	1.9320120064485844
316.1675	605.1	0.4172021293621955	0.8724638599972299
336.2301	607.5	0.0006569973670445113	-7.194194341663403
218.0977	608.3	0.0025308269568371645	5.030245071914097
332.1988	610.4	0.4025888501397683	-0.9600486889682267
310.2144	610.5	0.3333619255358557	-1.131660702033337
296.2351	611.1	0.14185173427445713	1.7545355779150396
336.2301	616.0	0.005115967662473453	-6.111213119136547
296.2351	617.3	0.08504821388067697	-2.5313213293390477
250.1569	626.4	0.5578536951139516	-0.6439125512625019
310.2144	627.5	0.01686741927667773	-4.820296297215108
312.2301	634.1	0.3416837054995288	-1.1257745828252241
334.2144	634.2	0.24380303755401578	-1.4167885420815673
292.2038	638.5	0.015189900160819277	4.375448687451395
312.2301	641.3	0.21872039678243882	-1.5469118661565486
338.2457	645.6	0.0021782629180432922	-6.223621860723294
316.2614	647.9	0.0010571481168162667	-6.770648550191656
172.1463	655.0	0.8555157646480561	0.19519921883057834
292.2038	660.4	4.52727611327567e-06	-21.214885896034797
272.2351	663.8	0.985590963363302	0.019485090172365428
172.1463	668.0	0.22017874466664614	-1.509254303552752
332.1988	669.9	0.032111499498032894	-2.8401433089620682
318.2195	672.1	0.000720486812337287	-13.32733235745371
278.2246	672.2	0.0008240460086963278	-13.12015680136231
270.2195	680.0	0.8087322682711131	0.2619105927710796
294.2195	686.0	0.0008374167958802449	-12.65591844867552
316.2038	691.7	0.002128019293800158	-9.923274845043077
298.2508	699.2	0.8865631940184304	-0.15345187243124878
320.2351	703.2	0.07094646042159451	2.671523753914235
296.2351	705.7	0.1301686196951399	-2.069661563348601
292.2038	712.8	0.8090230789421343	-0.25592852581115066
318.2195	716.2	0.17116698443628556	-1.5540660888754618
292.2038	726.8	0.7017178854895958	0.4082671267519865
200.1776	727.5	0.6087099643288019	-0.5596769016566038
250.1569	728.3	0.006894050445347	4.975471446250996
320.2351	729.0	0.6668431828520052	0.47244309192514167
276.2089	738.7	0.5489739258302267	0.6717535916257481
292.2038	740.1	0.3086280567665901	1.1646138283673764
341.2927	752.153	0.004235290558294969	-6.677830374519994
327.2764	757.984	0.0038741314225768744	6.520715014577008
320.2351	760.4	0.37455073078052903	1.0327214844332278
278.2246	760.5	0.04266906004442398	-3.295862697113739
302.2246	783.3	0.3038923354516435	1.1357289508182447
254.2246	784.1	0.3083152297135756	-1.2030333148448162
302.2246	787.6	0.11847945765070957	-2.033024690133959
280.2402	791.6	0.2830705304583944	1.2874729569112007
264.2089	795.1	0.11582716088344389	-2.1584835356692063
280.2402	796.2	0.23136433468194761	-1.4245391896121657
304.2402	819.4	0.27021403758267726	1.254714700642078
306.2559	861.7	0.03463959806665575	3.1908791440446884
256.2402	866.2	0.9248662113945774	-0.09903210948160886
356.329	920.1	0.002353312289499252	-9.362767146594944
284.2715	952.3	0.08675119714817951	2.13859621723739
