m/z	retention_time	p_value	t_score
347.061	165.142	0.013446907480230067	-4.851810128570164
384.12	368.227	0.0528310133683603	2.4538898993276854
89.0478	241.494	0.5026802461194009	0.7332251103128881
146.109	195.207	0.6858056324398042	-0.4265652466754842
146.1061	474.105	0.01877105419513723	4.4166685750131665
323.0498	169.774	0.5148801496707587	0.6979552031832735
176.0328	321.379	0.020969359320833117	4.2173462748972455
204.0903	450.091	0.6983123976080939	-0.4094776208041223
116.0103	307.707	0.00015615221839123387	23.013453289541708
116.0103	408.121	0.004729458390973823	6.311606246440735
116.0103	257.207	9.943374383437115e-05	20.443632647333928
612.1487	302.036	0.01703138969960174	-4.093996128439259
642.3001	458.493	0.0011342477968652078	5.854356631649736
88.0988	529.936	0.6126034502167796	0.5455886726393935
135.0537	349.073	1.732598076315091e-05	12.356999975434832
132.0531	184.874	0.1094980617526864	1.9986590467885077
192.0272	215.905	0.4805009366548996	0.7741616611031972
117.0786	325.426	0.00022171752093852492	16.653622289994747
89.0478	318.458	0.07617795384486008	-2.578620828607595
125.0146	169.461	0.10834562685673213	-2.2602903957324765
119.0575	180.793	0.0004340382518070646	10.09015452447752
192.0265	391.225	0.7967283703489529	-0.2753872308119261
103.063	276.854	0.3056394064606536	1.1620073149897177
259.0459	147.818	0.005348172751919469	-5.093688337928984
104.0091	446.952	0.00877157908623953	4.889044423771712
152.0335	291.841	0.7771193333113454	-0.29788747282771283
131.0945	302.364	0.00024358659261294218	-8.384845630021386
131.0945	258.726	0.09747536273395725	2.363792865880761
129.079	400.318	0.0047703532597803975	5.476317756267765
129.0792	381.087	0.0028404957057462992	7.042096236249228
176.0425	375.97	0.006586651914870016	-6.7309045598570325
174.0531	229.259	0.005613745418637554	-4.549350143658766
87.0685	346.276	0.01113273321012607	4.964311368312253
251.1003	325.794	0.09893441336715823	2.1971491709985638
137.0459	438.001	0.0002746756000962127	-7.577549910820969
153.0099	167.307	0.39931190789383103	0.934140068467684
189.0634	413.443	0.09876730578853825	-1.959063051013669
154.0275	603.763	0.9463190986661634	0.07281622130547136
122.036	533.861	0.8096924053740135	0.25205798000387053
220.0838	496.852	0.0017194729916590655	-7.609628962455746
192.027	351.765	0.7842636347014658	-0.29268441605198714
164.0475	497.662	0.19539546840135244	-1.6292215575310058
139.027	574.103	0.076985795454486	-2.6257506657970264
119.0178	301.607	0.00030896566745340187	7.51536448554674
119.0217	284.286	0.008806763185028781	4.787920219378359
119.0176	319.687	0.03135130865620373	3.491576118191735
175.0634	445.461	0.005170475679631229	6.965403450057482
116.0956	285.181	0.23031677299474304	1.5011117552505167
187.1679	484.934	0.5984315606491482	0.5668844418904245
145.0848	181.825	0.003560435977227133	7.256401086479737
145.085	377.725	0.06277219269097552	2.886089042239565
175.0478	412.274	0.014282662118931732	4.000137221781016
175.0477	418.537	0.002226803221539125	5.420757823830115
175.0472	393.025	0.024641263898217136	4.138204922311215
161.0682	300.911	0.03031381824229091	2.901312013872978
162.0161	261.963	0.18888857778685866	-1.5226585745914534
194.0574	494.381	0.46570079494491884	-0.8228383715727612
115.0266	248.993	0.1407968309459272	1.9442624229428733
117.0782	228.101	0.01386280160176474	5.041523909936296
117.0788	318.327	0.15337318780566378	1.8797588849638018
117.0782	222.868	0.01933499220938932	4.572172097013803
129.0418	314.468	0.5398768469325035	0.6772848756583929
188.1251	383.096	0.0015427538982134943	7.873476319446138
131.0949	417.608	0.023389735167725426	4.068068747746528
118.0259	276.87	0.0029284657277091047	6.393895387200056
126.0296	677.115	0.002654663882617416	5.424968407419458
130.0267	470.686	0.36970511154394115	-1.0173801667582736
103.0626	282.722	0.005224871933324177	6.831602407610663
214.1576	595.227	0.051668410334561744	-2.9950906387160448
109.0522	432.572	0.19701018846454038	1.5488333975448596
189.1101	216.566	0.002014973676016167	9.75751447893676
176.0676	493.587	0.013265040360266081	4.502653111944787
172.0367	222.2	0.008243261193479182	-3.992914783956427
129.0899	237.666	0.29303510273650657	1.2533845135272883
236.0782	244.953	0.2233909211859407	-1.364421321660017
130.1116	345.557	0.3236404930001553	1.136293863142838
188.1173	267.889	0.379457197154934	1.006558708413139
160.1219	524.398	0.027529466925780885	3.7329367423236457
126.0431	344.456	0.0036971563757548375	5.125312425083838
101.0473	333.43	6.297846001529644e-07	39.678601245922174
243.086	253.086	0.023149790888764808	3.98562532185624
154.038	274.02	0.2496110237893365	-1.4235577139700604
118.0734	188.282	2.522977325758418e-06	18.651374150277494
118.0735	444.056	0.2692024014861071	1.2225539563493948
169.0334	380.886	9.79058502249354e-05	9.787259686132174
104.0575	443.316	0.49900864537845047	0.7642269374785814
148.0014	407.865	0.0005849553573890339	6.930413985620821
113.0468	330.951	6.239411522939508e-05	13.577452387130357
147.0533	329.837	0.10834935600690518	-1.8854751647003192
147.0537	339.696	0.08497186890487698	-2.4030190335778436
147.0535	284.895	0.1742724958637216	1.6629733574581338
145.0737	360.501	0.001384329913668924	10.634538616057602
162.0526	447.914	0.10630345831373401	2.192006026079287
188.1272	196.669	0.21078609678587742	1.586389405108416
145.0739	235.602	0.025670459200545514	3.5280698897100042
127.063	343.805	0.00536193241003727	4.643482107383805
155.0337	186.855	0.0008389253565103658	7.822395149943416
134.0581	268.565	0.00027082492184098714	9.64657544710257
140.0083	259.037	0.00632743749546323	6.1774617127739555
256.1149	427.248	0.014068474105961291	4.958233053611523
335.1323	170.641	0.005673044226581087	4.734208339262696
297.1068	197.698	0.26594287055298826	1.3371841041875756
192.027	233.079	0.5193438199798818	0.70387921939576
183.0711	561.755	0.436412378046509	-0.8483801594862581
294.2185	708.168	0.01309272368690164	-3.5072485256556867
310.2142	646.605	0.27373149276540015	1.2799228931360471
310.2152	623.667	0.7689986302703632	0.3108380923056071
149.0453	427.927	0.09075034663619307	2.176212216692349
152.0471	458.943	0.06177342451740581	2.704266609821724
120.0576	610.837	0.19636486029323147	1.5198987669671535
191.0613	433.457	0.8275876925500399	-0.22856202507012305
191.0585	450.008	0.007413780280981742	-6.062569248661618
191.0598	463.838	0.0018157455162052098	-5.462529557145236
219.053	372.294	0.00453483552081255	-4.843974814576249
165.0402	287.052	0.000844363752959454	-6.169487972737358
165.0431	335.335	0.012149963742236453	4.811411284322634
133.0519	534.425	0.5361573442827002	-0.696433112076424
128.0581	289.502	0.01653600637352007	4.265527562082779
128.0577	263.583	0.3553197967626476	1.0134128029027694
132.0518	286.787	0.03166525748187696	3.039349413906385
334.2124	601.825	0.8819938763281752	-0.15638845408246918
148.0365	280.894	0.08495814962373972	2.379562228277684
146.0582	492.733	0.0010711230205998784	-10.383657723273709
272.0894	351.983	0.273560276968639	1.3348800616392775
190.0478	471.428	0.02786041116810545	3.637633540197547
142.0738	286.608	0.2361991626513782	1.3656050692346358
161.0683	276.682	0.022330677614804523	-4.228507718082544
161.0685	339.256	0.0036147770105396516	6.336370661264593
228.2096	761.042	0.001642778991607069	-6.878983029981243
160.0833	210.228	0.9128292365418663	-0.11427769847707962
267.0966	209.968	0.5876638628852155	0.5820626745475109
153.0647	241.154	0.041564703203226576	2.8259493325696363
163.0283	232.442	0.09225525409574444	-2.002744316707323
345.0505	147.487	0.04753025514774156	-3.1110885468075495
312.2301	529.817	0.00033241698274321003	-7.318315212386781
312.2297	577.777	0.5475925397761485	0.6604241275058774
250.0472	409.247	0.21887730773216033	1.3761553924725853
202.122	510.331	0.22120907398921003	-1.4303340257395318
210.1249	605.999	0.11597238519576965	-1.855847656639983
316.2007	666.317	0.5178526129034129	0.6923683629196234
148.0524	497.282	0.09667183268085229	2.2662196427630517
198.0526	463.791	0.04768273819314976	-3.1104841116195012
164.0502	562.443	0.0006015519549654361	6.580448764180263
294.1211	346.826	0.3239762770566212	1.0908265778988488
105.0796	325.317	0.00017932857679014551	10.66047936836558
126.0312	505.589	0.028595863835892563	3.177027747824853
126.0311	491.362	0.028574005351817238	-3.9397361152955463
306.0743	302.16	0.017690998224716415	-4.076676365239732
147.0523	263.88	0.018426554425874164	4.443967811895914
101.0835	347.282	0.0008892462757501005	10.888605153530106
193.0411	288.097	0.17544673770938332	1.7615504981395953
122.0841	453.104	0.012501583924312092	-5.292186339741948
87.0689	444.317	0.07313617000254326	2.1889658397917584
294.2203	685.859	9.83042861100703e-06	-24.257837445204025
320.233	728.554	0.0014091216653810352	-6.395186450542071
314.2453	592.595	0.21848508603705016	1.527813264802849
314.2455	615.87	0.3114069507885167	1.128256297451506
312.2299	651.162	0.12367692561643948	-1.8131148888705508
312.2309	679.528	0.01874005925319031	-4.638475723256757
330.2403	576.837	0.03709935122174663	-2.6842067227546393
330.2385	486.858	0.008462277724561054	-4.61545823974441
330.2392	541.551	0.05639834759200222	2.509964649165421
330.2395	515.144	0.5034719425484003	-0.7350507465545887
232.1037	215.842	1.2938556496583589e-06	19.47145726213456
210.0996	641.204	0.11616726371674212	-1.862815956304525
175.0474	380.712	0.22357828253352982	1.5192572024025952
175.0474	318.103	0.6711871773269156	0.46810894670292347
240.0079	511.934	0.6821428765362125	0.43398394353654135
240.0127	315.133	0.11398684566730263	-1.8565644247724964
240.01	460.035	0.039452864398566524	2.68471804315908
240.0104	549.356	0.0006664887425186394	-6.4991324760390405
240.0078	483.881	0.21317665356128376	-1.3927665894170267
240.007	478.533	0.16241575115390483	-1.5927335139080157
240.0091	296.075	0.12954324252380267	2.008545945444356
240.0089	442.121	0.18179381749509566	-1.563965422479645
240.0089	260.997	0.0715932226942981	-2.4173329040317104
240.0102	479.883	0.11944032603164342	-1.8443446390091127
228.1359	533.47	0.15533685746922152	-1.6674112367845717
228.1355	617.076	0.014679830241198118	-4.59130112833618
212.1416	486.423	0.03205910857779658	-2.8458312136544843
212.142	520.992	0.025889641535617708	-3.6962460358796965
294.2191	601.555	0.8975149593672684	0.13502883796962464
292.2041	648.045	0.0014330954478878931	-10.120248973987117
172.1101	489.787	0.10440409650217726	-2.0626863078639803
153.0896	584.875	0.0018935234678029334	8.317713111607102
183.0639	545.702	0.03965024061568372	3.3168187361102093
302.0789	609.485	0.00010320893277329023	-10.694084017683691
199.0583	491.686	0.8602726168652758	-0.1847749282959221
209.0799	372.385	0.264277311743811	1.3654374307700354
158.0691	317.311	0.8725886636276899	-0.17334665732783963
183.0204	151.239	0.00993650199307249	3.7562918737545163
198.0282	563.899	0.0023455034206283903	7.623492745069913
268.081	691.339	0.020640218391193815	-3.592770432091887
146.0689	213.615	0.12691876758810475	-1.7739123381146096
146.0685	199.396	0.6332759607434676	-0.507296586145958
316.201	646.266	0.002948492735743758	-4.846385630413186
162.1012	418.344	0.0005992283804251595	6.977273464492575
189.1495	217.127	0.0005337114852352355	15.548943991147532
363.0557	341.852	0.001169591044030253	8.370783729961754
161.0471	508.67	5.348959356975234e-05	-11.027801730667631
166.0835	257.925	0.0002544648389250697	8.180325324412511
133.036	255.45	0.3472018336763937	1.095308073023806
312.23	486.891	0.03320657266954622	-2.9422868461120806
312.23	514.255	0.002085565087377186	-6.717817742703781
194.0423	244.928	0.0013117166045446427	11.303920543267417
87.0318	329.396	0.05992031878864368	2.832351384269738
87.0313	361.648	0.024333423829353447	3.297487159753601
160.0373	351.998	0.001011267783872934	-6.494448035424598
276.0957	212.914	0.04364090176740625	2.860663542773627
190.0945	192.565	0.0005530102765526579	8.841172903278004
190.0949	454.946	0.016911088909740003	4.738321940830208
198.0532	323.862	0.00027767995316309443	-9.58596985917182
136.0521	506.203	0.0061290867820543785	6.593062330294304
182.0254	368.633	0.3111399793371738	1.1763190431008839
173.068	250.601	0.5449732732389948	0.6524840338539628
180.063	196.105	0.31221678309462864	1.1878595850620495
180.0626	439.025	0.12035451516148735	2.0773881432213663
180.0642	261.312	0.006092943576393952	4.392694650869999
180.0625	415.829	8.699371653043741e-06	17.563208239825627
180.0625	203.059	0.6150833408400076	0.5545591268718281
180.0635	387.923	0.030641594579315305	-3.556854314608848
180.0631	240.423	0.0016861556345151472	8.606112594357416
180.0632	393.219	0.019130485947858558	-3.974438534908949
180.0625	401.073	0.33250358193739066	-1.1238644692142525
113.0467	374.756	0.01446275472893035	4.219909617034596
144.0409	489.33	0.07935634511973422	-2.235931569976472
172.0848	268.407	0.0010997153473466597	7.726227170475038
216.1362	614.527	0.01867529255507646	-4.230283558293912
153.0434	215.924	0.012523268159159743	-4.36767466984737
175.0942	286.118	0.02924908405632513	3.5965917493129056
218.0904	219.618	0.05907201572589214	2.635018329735246
228.148	395.484	0.0721884986807923	2.5061786840890306
262.1308	404.278	0.19746419367008022	1.45051035262146
172.0852	287.579	0.0034325857491004463	5.620956503080595
193.0732	388.141	0.01760581899880646	-3.7260658251578813
153.044	591.019	0.007616536749936415	6.044882432062796
160.0837	248.675	0.010082091517240205	5.664365631519536
204.0737	215.431	0.0060234446823038005	5.460756343513169
202.1312	370.059	0.051033295764812685	3.0150432190422514
202.1308	362.034	0.051033295764812685	3.0150432190422514
217.143	450.735	0.012573418545511032	5.2987627280384295
186.1006	292.285	0.03408706440636698	2.8974609589703273
188.1169	320.253	0.8359694711337988	-0.2164479664856839
246.1008	453.027	0.0231992934465131	-3.821825095788059
260.1125	165.462	0.12799057838286645	1.9461135426827931
219.0847	171.483	0.09918258878943169	2.0419817590034874
233.1002	174.247	0.053478797768645316	2.637583105085392
295.1179	492.54	0.9793831302869855	0.02709162500870035
231.1231	240.089	0.8943943909496116	-0.13865590346430093
246.1211	312.324	0.21707890629811968	1.4647667835401632
296.0995	499.412	0.1956563706799018	1.5662157394054212
232.1046	288.197	0.09615769001787591	2.2937161714547685
217.1046	201.341	0.0029889639146920216	4.898681281887941
274.1278	167.839	0.16051298234323946	1.7659810901086117
275.111	181.157	0.005221158285509906	4.338859590037896
203.09	187.029	0.019884950628700875	3.2788646856876023
274.164	392.703	0.08481586715792087	2.371077092953122
247.1159	185.612	0.10681156900072232	2.0980485155357806
261.0961	177.312	0.08190713558293018	2.309930310337599
276.0938	197.211	0.0365092321639267	3.4837202856073093
204.0733	198.16	0.5112947873688647	-0.7132763452667387
260.1365	319.177	0.17485188006709992	1.7305474663266336
234.0834	189.712	0.1410747989161172	1.8930519749439287
248.1002	201.978	0.014539223070012739	4.864167546432029
310.1162	501.645	0.10533617348991949	2.1838284134427934
246.1206	266.024	0.032738657450146626	3.559238091720333
354.0659	370.094	0.006232182488018189	6.724460519379616
212.0914	475.124	0.1550612590989962	1.753233949274279
203.1257	442.174	0.05044450905080934	3.0669192793426943
162.0644	202.655	0.064972681472008	2.61585796729715
176.0811	223.376	0.2775011891017145	1.3074413186339076
238.0961	538.672	0.0025372149535845922	-5.065420814058667
226.106	466.927	0.09579652592989789	2.065791884962063
270.0944	430.035	0.0002023376146537382	8.008173990907533
284.1126	433.608	0.0480782146673856	3.040587082989302
302.139	543.381	0.2468867214061567	1.3120258430040153
242.1003	429.644	0.14462200247823523	1.8478473434945484
202.1314	332.552	0.4717648332168928	0.7737946312060224
268.152	538.965	0.2639645439812921	1.3073292940201087
232.141	307.699	0.08867062713941366	-2.4627591078343443
246.1215	295.482	0.021714307291451667	3.7117967146363586
244.1778	444.006	0.4867170439939289	0.7631141523423534
218.1258	290.506	0.11147537060053372	2.0670937590160614
294.1571	586.933	0.5234981803414801	-0.688762196160227
217.1428	445.274	0.050471738911014814	3.1451853012555766
203.1259	432.799	0.09604153920702466	2.313148197560648
283.1637	585.798	0.1348704767682163	1.9440425663049061
259.19	518.061	0.15854476373397552	1.754061663436544
243.1568	478.243	0.0008641916612351623	6.814344619903561
245.1744	489.204	0.10447827638276648	2.079372565701348
220.0853	307.078	0.056493021057685396	-2.8611855033878864
264.1468	427.312	0.7653521748867526	-0.32640296437409705
186.1006	309.349	0.004272997719521048	6.187663548449311
271.1638	403.811	0.0650134444508349	2.8338082694722084
244.1053	270.541	0.08589217657619926	2.4436526984898137
252.1231	524.272	0.8709760754423219	0.17029746110516775
246.1052	378.783	0.01003868869073283	5.815595564317584
202.0942	258.073	0.8657025436237995	-0.17853309571408632
216.1107	279.196	0.010268478021376247	5.226934726978124
214.1311	382.185	0.009194989731743467	5.984948017733052
220.0683	183.059	0.6998536809662272	-0.40678231474549037
234.084	177.444	0.0014841624471254615	6.689788314251012
242.0999	446.851	0.3655214271363343	1.053827563770307
218.1268	307.481	0.04210578665164767	2.7903281766712134
218.1263	298.493	0.060309290216062676	2.676654704539135
233.1379	416.337	0.6189063905845837	0.5404861101367903
192.0743	180.946	0.18752646950750862	1.6280804384724064
206.0898	182.206	0.0009463195850345168	6.97931117699559
233.0996	184.315	0.0517402256220159	2.7347240197118152
222.0676	197.218	0.03183788681531025	-3.2724600153593038
232.1416	327.921	0.10211157802953752	1.9997145497627258
250.0968	298.069	0.34284289802875956	-1.0572073884055004
216.1111	258.373	4.6046922980279424e-05	16.704384883141042
206.0908	196.264	0.07953976810885045	2.108591598980104
220.1052	212.29	0.06138661381039141	2.8583458625304257
282.1201	530.653	0.5234044130614075	0.7026311361599891
238.0951	521.03	0.84227870044859	-0.20788208857114693
278.1259	560.768	0.7871259955429643	0.2824458019473933
282.1166	497.337	0.06812220369480591	-2.2874127854517976
280.1425	565.636	0.48896412650752247	0.7506738088093009
188.1165	295.936	0.4238159094979203	0.8813458585822594
232.1052	258.062	0.01194973701915054	4.930872622888479
230.1629	418.102	0.6956754829406844	-0.4165843510850013
216.1468	370.963	0.524087759819239	0.7088402608047837
294.1207	319.944	0.13338082781083785	2.032020475383865
151.0303	174.318	0.011324786574298999	3.8900526840200405
174.1003	317.132	0.08924145380904416	2.3526839728827644
146.0687	245.882	0.05970506287981545	2.841508114926502
259.0457	147.8	0.020883390994330158	-4.230190555888458
211.0358	149.3	0.021514882180628952	4.277503632425717
139.0398	150.0	0.4580971921058977	-0.7927969135720194
199.0246	150.0	0.041727560453457796	3.1915754591762777
153.0096	152.0	0.23698588858073336	1.4395624908937215
356.0733	153.1	0.004775463287221854	-5.504788960230487
229.0351	154.0	0.0012737068878709756	-6.1598134744401145
215.0559	154.7	0.00673601906958954	-6.323785832910779
537.0761	155.1	0.15728208785890788	-1.750138554720524
169.0045	156.0	0.027217053464285525	2.9208761819979365
141.0191	159.3	0.39568251663056797	-0.9796054005799053
246.097	161.409	0.11094442203789363	2.0952237910347375
261.0965	162.187	0.3032868591589963	1.190633381599672
195.0743	162.7	0.05890199574384167	-2.690909387986501
179.0794	164.0	0.8322880815075006	-0.22184931175885356
261.0307	164.0	0.7008990309146161	0.420289275035464
431.0131	164.7	0.06565259549857616	2.8085842885655423
307.0838	165.4	0.07811741229593605	-2.3936551926541374
347.0631	165.4	0.21980350264606954	-1.4508514501785161
302.1702	166.147	0.388199752655798	0.9468030191158125
167.0259	166.214	0.015365402669785831	3.8994476864447365
274.1277	168.0	0.12155125799097727	2.043150316800037
238.0605	170.329	0.8148207843380104	-0.25536405678227714
204.0734	170.75	0.5247801346423788	0.675092807511508
283.0917	173.1	0.1287103672130355	-1.8074878460655441
133.0487	173.2	0.7770610342747379	-0.2976212869485367
220.0684	174.069	0.16823280582749475	-1.681924849447552
169.0847	178.323	0.03213718751003614	3.230562988660493
290.1226	181.1	0.0014792401349517184	7.370175324501618
335.0631	181.9	0.01746146083789132	-3.261048102861576
162.0643	182.294	0.036078370080158906	3.4821907147531483
173.08	184.4	0.08320583380186909	2.245639086908871
174.1117	188.0	0.29738983349548975	1.140984267777774
248.0994	188.562	1.3956314635582731e-05	17.34022156977143
232.1166	189.143	0.01762194571831314	3.6447389607543834
190.0586	190.315	0.04849011312519706	-2.523523569296493
190.0954	192.7	0.0006546549918528282	8.264933174488638
160.0484	194.4	0.007507409906869273	-4.028385003737967
146.0691	194.6	0.5601877418253867	0.6166736079161531
275.1115	199.652	0.05473675159040013	3.0582796402000656
204.111	199.7	0.19517110741451904	-1.504078930774552
175.0957	200.7	0.026318902152262687	3.973189648626436
636.0963	202.6	0.34990660204426816	1.0994857340030477
119.0582	209.1	0.001339450576766925	9.081161297097108
202.1421	209.444	0.025193003110753384	3.1487421847699824
163.0593	209.5	0.27976381482235524	-1.2050453542634425
267.0968	210.0	0.02369815701016903	3.0169449342636576
165.046	211.7	0.00503548227127111	5.942015482166697
105.0426	211.8	0.15483277897667366	1.7198692216392082
190.0954	212.4	0.0008439425499567027	10.121555302763253
189.0637	216.7	0.0005184765321470232	11.476866732666283
605.0772	218.1	0.08529556598679326	2.325268537260234
218.0903	219.6	0.020337547253695413	4.030816974761382
147.0532	220.1	0.43663607508278807	-0.8368476810951879
383.1057	220.384	0.0018197876031995	8.971676042601846
133.0375	220.6	0.0005374152381869798	7.413525296645091
289.1274	222.2	0.0869809600519341	2.5073937825021027
230.1258	222.894	0.1594533572909973	1.834198311653661
237.0309	223.645	0.5801894004456094	0.5876110576653587
133.0741	223.773	0.007630808939135158	4.757777629096485
346.09	230.1	0.004189744084440142	-5.019317508383803
287.1123	231.282	0.01094589322020773	5.451734794766146
332.1332	233.2	0.005495001169403349	4.589192866068364
103.0273	234.256	0.013134808459438513	-4.958392450493671
332.0743	234.6	0.9346576759588876	-0.08844050495846281
141.0426	237.7	0.36331450356186457	1.0599682935883823
119.0582	237.9	0.0027970403557364804	6.4149357931586986
161.0688	238.8	0.22753980037922833	-1.3440470292690905
188.1161	238.9	0.02200732017107229	3.4959499472621958
273.1325	239.1	0.2277086604387242	1.4965290572215262
114.0429	239.3	0.2916301861028472	1.181896823272317
133.0731	239.769	0.01633498879195758	3.6369407898028
377.1335	241.7	0.00012362933420923333	10.2786149865005
61.0528	241.9	2.3634979585826264e-05	17.702149565095528
229.1066	242.776	0.0033915593750439097	6.9624201388691
174.1004	243.6	0.07841137603005638	2.329862791945857
199.0957	244.6	0.24950358751216886	1.4229091551436803
243.1205	244.978	0.0012909430870556948	7.189691788224973
131.1422	245.6	0.14316695788731748	-1.9564334201275668
363.058	247.1	1.0	0.0
160.0848	248.6	0.0003816647714890465	14.156390603103544
385.1274	249.0	0.01977787030175635	3.1614647354870375
384.1169	249.2	0.021070957517048534	3.614194550949267
515.1765	249.5	0.4356367493825055	0.8972750639586576
75.032	249.6	0.02319207224430278	3.5433798680969493
433.1362	249.7	0.15771324872637596	-1.8216701129463881
119.0582	250.3	0.25286769848551405	1.3394388388711294
188.0797	252.1	0.05092122885781749	3.045626547436944
204.111	252.6	0.5996250652464397	0.5650027847134411
125.0242	256.8	0.016214434326188194	4.883743056787851
297.0896	257.2	0.033541420307640187	3.3750529419139075
119.0577	257.928	0.00391582177983971	4.566374659880146
232.1059	258.1	0.014299248890539422	4.615236095373783
345.0474	258.6	0.07178486814156639	2.3514921963858173
346.09	260.7	0.01068079312611866	-4.611896549741693
244.142	261.208	0.1572154057121447	1.7408730783950528
216.111	261.9	0.0001639325509823861	20.326149309691154
434.2311	261.9	8.153497011514221e-05	20.152519906023674
231.1212	262.394	0.04565697697756307	3.0957447273887992
243.0855	264.6	0.0047497065544878005	4.640582305817584
230.09	264.642	0.01043843491007182	4.7666227742305605
89.0477	266.7	0.23784542438851608	1.3788297074473694
578.1636	267.0	0.6643545202253452	0.45638877567653696
218.0906	267.667	0.01649745857098652	3.7891961277544937
446.0604	268.3	0.44984723161505547	0.814085734828744
147.0895	268.8	0.007146576895131821	6.254971415734247
246.0848	269.025	0.03407696608201569	2.917708917449492
217.9885	269.7	0.13623374805107588	1.949530111067707
127.0382	269.9	0.11695432183615916	2.1831069728522743
174.0641	269.9	0.8925546510142128	0.1440685583511594
161.0688	270.3	0.006819169231574665	6.073227044030202
473.1659	270.5	0.12205804260988286	-1.8671897763049814
473.1659	270.5	0.12205804260988286	-1.8671897763049814
132.0059	272.7	0.0014150828399135528	-5.575335653285342
436.1369	275.1	0.5286732813681407	-0.7075024744953875
89.0477	276.5	0.008721754121750922	5.172886511785583
174.0632	277.508	0.5152514733798469	0.729033576951217
117.0426	280.5	0.11070278763348414	2.238214369135745
145.0739	280.5	0.21030816422509957	-1.511209980398331
149.0471	282.385	0.6286641132002342	-0.5202893177679916
73.0528	283.2	0.002175859191682761	5.265432230023752
202.0956	283.587	0.6972284314321668	0.4210739429523175
300.0852	284.961	0.2353866832052787	1.441511252231899
59.0371	285.9	0.7638727234726104	-0.3167120017603841
110.0476	287.177	0.6702437426057657	0.4503843406844476
459.1866	287.2	0.12883342795024183	2.075463482042693
692.2316	287.2	0.42972582936065845	0.9068473267376501
611.1607	287.4	0.052209283059514756	-2.4158637502942453
202.1311	287.952	0.052972040405081126	3.023432235398846
193.0375	288.1	0.06067382532538695	2.7717037233903605
232.1059	288.2	0.06012786517907671	2.868084412341965
114.0796	289.584	0.0012757849837743038	6.830203014698765
145.0739	289.7	0.6266987620526241	0.5350007479669983
176.0321	289.9	0.0012738603501991734	11.404611094281947
232.1407	290.631	0.33038030734466145	-1.113164265987211
147.0532	291.8	0.12531572648440392	2.0013357365557574
243.1204	293.71	0.022180115578724083	4.243902270589703
328.0794	294.1	0.00031976306452916986	-7.391189044023492
190.1066	295.3	0.02874650144301639	-3.6755503095826434
458.1203	296.3	0.036604428181569254	2.686220239805941
206.0428	296.909	0.06325137365176721	2.833962104240375
167.0582	297.2	0.7533695315442551	-0.3292073586956696
188.0797	297.4	0.30121172997913287	1.1821367917915904
232.1059	297.5	0.018202071077652832	4.701777534694554
75.0684	297.8	0.00022074033752359507	10.365152557937602
145.0739	298.0	0.20079450195903434	1.4375260202198825
306.074	302.5	0.013775508210074885	-4.468785931241798
175.0842	302.598	0.00020546291847633953	9.901218344295255
101.0477	304.0	0.0031891550072115434	7.010029839493645
165.0423	306.019	0.002123478030018898	6.396039577233814
151.0494	306.1	0.020315496252004163	4.022466730539034
360.1321	306.2	0.05059935756129352	3.1073207258309488
330.0951	306.5	0.664615629246375	-0.46902738014631945
127.0625	306.5	0.06497592615395476	-2.6415645366135565
282.0344	307.3	0.4221509313052434	-0.9227783580200446
117.079	307.4	0.02213609420075709	4.289309299356756
87.032	309.1	0.20583093596635715	1.4994917838241395
223.0481	310.5	0.5776223598888183	-0.588942821200255
245.1369	311.168	0.02218517495413886	3.8164875464853676
226.0582	313.187	0.07872312373011087	-2.2309928067240556
103.0633	315.1	0.00710235487428944	6.077887194906465
216.1113	315.16	0.004712903507809014	5.488675633108194
230.1259	316.57	0.0016873741707400798	10.457615028287773
174.1004	317.1	0.09561158892295636	2.35857341938144
129.0812	317.542	0.5161949671577828	-0.6924484296713997
129.0426	317.6	0.5790858127412777	-0.589666160160273
101.0472	318.468	5.143411787818209e-05	14.494996310202595
314.0638	320.3	0.15864567779797747	-1.640091825355557
136.0385	320.5	0.30000987644795907	-1.1382016393642729
135.0354	320.5	0.6599287954197627	0.4680380247990344
342.0951	321.8	0.14642363819288384	-1.9485844515321917
175.0847	321.972	0.005191020957207504	6.45975858158275
176.0909	322.1	0.01262436157688801	5.2656689184901575
244.1047	322.119	0.0006324023317520847	14.321202153288628
326.0979	322.694	0.23131056783938725	-1.451226170445003
259.1525	323.032	0.05068460370159639	3.1457812211425056
244.141	323.247	0.002075478432707075	5.169524356522548
254.0725	323.6	0.052666249721939916	-2.4500594787692864
293.1384	323.989	0.23779735552788475	1.4442268035984824
87.0684	325.6	0.01438859250994061	4.86172906974516
174.1004	326.4	0.36863813846249677	0.980071422619153
216.1112	326.487	0.013465862187800149	4.305407510810701
220.0848	328.7	0.02610623481792508	4.1010034359810605
73.0528	329.1	0.9089377083745155	0.12333842741084014
616.2241	329.1	0.05085294669643261	-3.1078440749818586
456.1626	329.5	0.9990514933488063	-0.0012819794802935963
232.0042	331.3	0.3026797388778273	-1.1341752266794292
236.0797	331.8	0.004685882123764732	-4.603973450933691
237.0862	331.8	0.0050402828127882795	-5.183720495619808
492.1115	332.458	0.6629474845512751	-0.46060077366701047
72.0687	333.6	0.126160416493111	-1.8587397970825614
175.0841	334.043	0.0057609526398168425	6.70472194174603
218.1262	334.201	0.24493825563409627	1.3972729321513198
115.0633	337.8	0.0010236717597925376	9.102136987976788
206.0427	340.382	0.012937180368970364	4.936245021881955
255.9984	340.5	0.5895853290371509	0.5819323242065187
230.1263	340.572	0.0011626124407435915	6.531504686649933
172.0856	341.09	0.5721636109144057	-0.6023450436901295
185.0324	341.4	0.964753789486534	0.04794114495785997
176.095	341.7	0.054825796519723045	3.0475309455675434
439.2392	342.4	0.15028141884939059	1.8983546796548243
216.1111	343.315	0.041548622117997605	3.011313180368445
181.0375	343.5	0.0030836751460627523	7.528449853914217
244.1046	345.245	0.06945794901544983	2.708539755338281
208.0841	346.203	0.8585270966802594	0.18679919161450664
325.0798	346.4	0.008462777360054876	4.973773246698055
325.0798	346.4	0.008462777360054876	4.973773246698055
260.1358	346.433	0.0696814974694038	2.6300924368027863
426.0879	347.1	0.4824922195038783	0.7626702374631796
125.0955	347.438	0.03744806955254852	3.5098505129419726
198.1368	348.5	0.0036182999513886967	7.9326112248772045
642.1432	350.2	0.010252836983663268	-3.698664867437263
640.1428	350.5	0.006207766921083943	-4.342304192377579
117.079	353.3	0.03329457962712541	3.6686911989792437
234.0852	353.4	0.02205193682633215	4.364075205370005
149.051	353.8	0.42196993836267216	0.9252385710300935
139.0382	356.6	0.18293640044641749	1.638311134589078
103.0633	357.4	0.18815467887171264	-1.6672568130536434
73.0535	357.803	0.005139434159910715	4.9134317425545255
112.0273	358.4	0.02646465263541247	3.618347817681683
216.1118	358.866	0.002863019191618512	5.620200170189032
214.1311	359.641	0.03311188823031265	3.1107520293328093
266.1263	360.662	0.4209769751556363	0.9047764426056618
131.0582	361.461	0.007138480638348445	4.311155202158649
110.048	361.729	0.028123736497484418	3.8575134560869633
188.1168	363.41	0.08485819044367254	2.4872485768392365
184.0736	364.1	0.28595902828374214	-1.177141259736792
230.1269	365.044	0.011979331141133613	3.849290163347724
166.0266	365.7	0.6578351819728792	-0.46794805448693405
204.0899	366.1	0.00018519488236632515	-8.618138081230509
220.0848	366.2	0.0003474079355017136	-8.302983799045467
355.1547	366.4	0.06130381205063234	-2.9188741179707725
433.1129	366.5	0.008984325570691504	-4.393979848483589
354.0577	368.8	0.15305943765821386	1.8960947029556652
381.9995	369.5	0.07384875472277118	2.2247189207272844
248.1161	369.7	0.5316923691002491	0.704341268590696
345.0421	369.729	0.5886939661034141	0.5738782170142206
114.0317	371.1	0.08071333340831181	2.4692828838836816
248.0562	371.7	0.5476385413068217	0.6440705301580422
70.0531	372.9	0.0009536613605243576	7.917561932421189
70.0531	373.1	0.0009536613605243576	7.917561932421189
300.0845	374.6	0.004596142702332762	7.493519375695079
222.1004	375.1	0.0018336240544034332	7.621014750373688
187.1208	375.4	0.00779051266514627	6.357892838084036
275.1474	375.473	0.3018741902257483	-1.2411319106130287
230.1257	376.257	0.20236851202825692	1.508505428098217
137.0841	376.8	0.21345280814626358	-1.5405300612095727
260.137	377.009	0.3874851230177856	-0.9773758155955788
281.0899	378.1	0.8703609026146641	0.17616564138624974
195.0895	378.8	0.01623797356575728	-4.272489937953946
117.0787	379.406	0.033966463321867625	3.667596425168142
128.0473	379.7	0.011419301253206096	5.2227662117875395
259.1208	379.7	0.38142198433092006	0.9444460577587032
163.0667	379.7	0.7361329110585052	0.36197896473226193
337.1147	379.811	0.018402723888374425	4.4765926737263815
167.0582	380.2	0.010956232266252641	5.076825638325036
205.0493	380.653	0.34436721519138025	1.0405540727313922
302.2067	381.699	0.22924842088423142	1.3533940288948743
381.0686	382.9	0.06890128278398573	-2.7749529611888004
300.0845	383.1	0.006013342547948629	6.6396542226196615
126.0317	389.5	0.6180019318038796	0.540976008361873
260.0467	391.0	0.020863113783428183	4.366811974593818
311.1718	391.265	0.9911230064869286	-0.011610284562291464
231.1324	392.1	0.36390401065092276	1.0271254377682435
165.0426	392.8	0.021323071108971203	3.8687352391052343
297.0449	394.318	0.04628356663855481	3.281851599959495
246.1328	395.7	0.14731238180179193	1.893516917255496
151.0633	397.7	0.9739281005674639	0.03537928124427422
72.0263	398.206	0.3529545481335385	1.095546224237813
212.1159	398.7	0.0026759688342343395	8.75317930911761
286.0477	399.0	0.0007150541099901561	-9.685915363908778
101.0835	400.073	0.00021294456447330334	13.657940436313968
142.0258	404.813	0.003870260918113355	7.805697063045679
228.1479	404.907	0.10603951350423398	2.0591472805594386
326.0988	405.567	0.03549256458488804	-3.314521605550816
131.0946	407.0	0.0546913001624039	3.0664839002894992
153.079	408.5	0.14325270435230067	1.9711045263960696
522.1373	414.6	0.00010250148815457481	-20.697840970327537
519.1133	414.8	0.05444804981850218	-3.0694130699675264
480.0904	415.9	0.1908457300232796	1.6585015002302743
126.0317	416.0	0.611927287567811	0.5643015794315545
340.0794	416.6	0.01254064304921756	-4.569860130782073
261.1327	417.541	0.03744320571900902	3.2170825951710307
101.084	417.963	2.5518025484671477e-08	38.407304307280384
240.0238	418.5	0.08320744732872055	2.5005976813643858
243.0855	418.7	0.06775665899897823	2.4407881531404234
275.1469	420.028	0.04909296769646938	3.1428841077307994
281.1124	420.6	0.18439344865414736	1.49965980474629
386.029	421.5	0.37834545335689534	-0.9521431141613048
228.1473	423.032	0.5385932111214912	0.6571157933725315
179.0946	423.1	0.7600998995641388	0.32791400605715915
286.0477	423.9	0.0012378505949204926	-6.27829313214683
286.0477	424.0	0.0001665313356419652	-9.30884392364823
283.1281	424.3	0.4918516325516655	0.7797204881160916
142.063	424.7	0.13098868723988713	-2.039410373321164
234.1368	426.1	0.20646856534618543	1.6056453191342597
149.0477	427.7	0.18584620935068627	-1.6841085259921016
179.0946	428.6	0.8049417638710904	0.2639492197681363
135.07	428.952	0.27236980228210594	1.2791638178984908
126.0317	429.0	0.0005807495634608423	8.273458990068557
127.0627	429.589	0.0005969659546418492	8.020833062686853
168.0423	429.8	0.15527882366999685	-1.6251669041828614
168.0424	429.865	0.2418139633875663	-1.304699476009512
304.1383	434.3	0.8210091503584626	-0.24548792947296086
117.0794	434.474	4.629552217449534e-05	-11.492217271387606
237.0862	434.6	0.04000203198145702	-2.6214413642485415
114.0308	434.715	0.006412119464980667	6.732005767328971
146.1055	435.6	0.6535642460173793	0.49028219487611435
638.1119	436.8	0.5034786974153413	-0.7331141383764372
143.0924	438.718	0.0037208728980960173	4.618468629549764
138.0317	440.3	0.00842406484267298	-3.964445539200902
149.0477	440.3	0.0027091085562814944	-4.90682912008962
180.0786	441.1	0.01165436705323208	5.511659797916494
320.0896	442.6	0.19051293031278052	1.6386587491329454
162.0351	443.0	0.13309147402447108	-1.9093295993387538
117.0795	443.646	0.0018040961380693054	-5.481302972176649
217.1426	445.3	0.06751067439361791	2.737687014408808
121.0528	446.8	0.25160707611825694	1.3966795859826044
181.0739	447.2	0.172265467424309	1.6579217817294918
228.1478	449.338	0.06978802130288413	2.6626374012727267
130.1218	449.4	0.021456366891882284	-3.1420105485197944
208.0736	449.6	0.022641339913270723	4.331444631440923
276.1586	450.3	0.12206086806786969	-1.8246137355905938
182.0579	450.6	0.04778215975225074	3.2417516861455717
217.1426	450.7	0.014109579734967407	4.728547142970661
245.1385	451.9	0.5747346100444275	-0.604455651581269
73.0888	452.519	0.14771728469375953	-1.7074770229623502
210.0528	452.6	0.8161503724517202	0.2535185171359469
346.1165	454.5	0.3055608318182756	-1.1211307461474291
320.0896	454.9	0.06639469546440084	2.2406683226491384
132.0899	455.6	0.034909082320792185	3.2601996111928306
321.15	458.254	0.0011342477968652078	5.854356631649736
167.0582	458.4	3.83803979059918e-05	11.760277127454195
33.0215	458.9	0.002901279662243319	-5.145590168802738
152.0473	459.0	0.28393248962157214	1.281219065891002
182.0579	459.1	0.30496459496477785	1.23404897007852
129.0541	459.586	0.13365838512787567	1.9825435062277328
351.1703	459.6	0.18684024296276577	1.7039955297432865
260.0321	459.8	0.6570252059600148	-0.4781056458631002
135.0677	460.236	0.1864817012567663	1.6076583863659333
161.0477	461.3	0.001622503162019002	7.780532073717954
165.0426	462.0	0.879782979450162	0.16090449825530115
370.0339	462.508	0.051497673339589586	2.9426987060998147
322.0689	462.9	0.035663581920312735	-3.6399090083115553
154.0266	464.3	0.09011169062960912	2.4469887947065114
320.0532	464.9	0.14951541339359922	1.9265988807028456
256.1099	466.1	0.2952329402306397	1.258014214342574
152.0473	466.8	0.0933570462629892	2.4065545132787247
153.0538	466.8	0.09836670298179506	2.351925713850135
144.1369	466.857	0.07604227757445096	-2.635548098182394
203.1255	467.146	0.32798942845251916	-1.0699911921209728
189.0424	468.206	0.002421579171858758	-9.548606657397519
114.0314	468.229	0.012605696389319115	-4.79857040830473
243.121	469.29	0.0854947672752566	2.5233363772558337
222.1004	470.7	0.012532085706768833	3.526984319650103
244.0695	472.6	0.7034178941219981	-0.40275131017526367
168.0423	475.2	0.5033464625863536	0.7554357542343841
375.1682	475.2	0.10506206620342473	2.2988675628740993
346.1165	476.0	0.003029869433783575	-7.480040038023938
146.0844	476.8	0.6048036022006622	-0.5503804118831419
268.0997	476.959	0.011004389495688454	-5.199999335073928
267.0968	477.2	0.008072994489601708	-4.880864386774736
253.0811	477.2	0.6429159385488599	-0.4900072993435703
252.0746	477.4	0.17925271443094407	-1.5299427139130248
328.1543	478.0	0.3758291366849086	1.032809177350262
180.0899	478.3	0.3348460085580879	1.1282644595929303
270.0528	479.5	0.009685330401146728	-3.837037556983633
207.0893	479.701	0.10624353624639958	2.1048385043406874
138.0317	480.0	0.6410997854989308	0.5004632121893737
141.0902	480.5	0.33457624579330625	-1.1096967273927048
175.0633	482.3	0.3104463695425757	1.1179178033491661
506.1002	482.9	0.2487439276681655	-1.2771976268779721
189.0425	483.125	0.055095792593002096	2.4971396283994007
218.1267	485.3	0.54843112965355	0.6726885771908651
187.1685	486.4	0.6663669974595374	0.4564264555266439
501.1972	487.7	0.016150124682527533	4.4403051552984545
251.1018	488.6	0.1785852928405802	1.7483326880082648
111.032	488.9	0.04765579246788414	2.502206556477192
133.0528	490.0	0.02092209757279399	3.187680654112485
170.0579	490.6	0.07700602926407185	2.63361685520181
232.1212	491.3	0.18284738604947484	1.7241010032461872
434.0767	494.23	0.6562266873864594	0.49227275650066393
194.0579	494.3	0.4443025857790466	-0.8683572529616951
168.0423	495.2	0.11182457519605102	2.231425748799045
564.1115	495.6	0.20988009821130402	1.5825169988864674
178.063	496.4	0.0004236226969439299	-7.2227983156644635
164.0473	497.6	0.07178371822640194	-2.5861858057363976
277.1161	498.193	0.031255500725660496	3.790981890277757
148.0524	499.6	0.20096449574431438	1.5424843729350595
175.0633	500.9	2.6675238069674297e-05	-12.331285535692139
356.1233	502.1	0.09553324291255375	-2.156289185765483
550.0959	504.1	3.138023303492769e-06	16.582877776343036
60.0688	504.438	0.2830759798524853	1.2541359101716483
188.1525	507.3	1.1580379847297422e-05	13.893991806945067
161.0477	508.7	6.67833797754709e-05	-9.76071834463517
195.0756	509.1	0.464398972120784	0.8326675239996911
109.0528	510.9	0.14122533726482261	1.98326867933387
74.0848	510.922	0.03661372440248784	3.0212835453291276
182.0579	514.928	0.03990240305563843	-3.445353713716994
336.0845	516.3	0.07815712728609485	2.293314407119018
99.105	516.567	0.009085879576005736	4.35045127169493
336.0861	516.692	0.03809054041203001	3.0143947244233584
281.1124	516.9	0.02646412422626644	-2.9739754118821886
272.1049	518.5	0.10519607227772208	-2.0173726941365695
288.0634	519.9	0.0007411835402497405	-8.728834790546674
288.0634	520.4	0.0007902957335759327	-9.583539991865528
175.0243	521.1	0.9694003191048017	0.041334754693195315
434.1213	521.3	0.0027232474562871563	-6.302352711318756
434.1213	521.3	0.0027232474562871563	-6.302352711318756
239.1018	521.6	0.18143601384711006	1.548540594511877
183.0354	521.7	0.0030374101408309657	-7.475694683476471
135.069	522.477	3.262631195913867e-07	26.12961970360738
222.0892	526.9	0.9101978808644666	0.1225331871379537
246.1011	527.335	0.523755969362299	0.6990176965613607
176.095	528.9	0.014426023716767357	4.846603853734495
325.0979	530.122	0.18141222528243892	1.5584475220410818
186.0681	531.0	0.006408224261575477	-4.501998657865778
138.0681	531.3	0.814074482386702	-0.2532804147583094
180.0886	531.634	0.0683039370907127	2.6335581645970922
180.0899	531.7	0.8861813611346887	-0.14935011978657056
252.1105	532.021	0.1141478859805482	-2.1307981901424196
318.0376	532.6	0.24935662897111613	1.4243838732158476
192.0786	532.6	0.20854631180753586	1.5960185115099639
580.1792	533.4	4.3342603421318574e-05	-24.999557126280983
128.0473	533.6	0.030787620323754105	-3.7639984836974394
239.1018	533.8	0.24038637493255266	-1.3074723212239945
504.0969	534.633	0.08087225246156166	2.4963690535815504
133.0528	534.7	1.2182711295667635e-06	20.133454350072892
210.0528	534.7	0.059677431627022125	2.6911426730874064
152.0473	536.7	0.0018107666843571494	-5.315370209523433
360.0845	536.7	0.3236086072877494	-1.175161476947747
346.0689	537.1	0.03954932721851919	3.427002088895525
184.0372	537.8	0.0001281160903738226	9.322110269728602
239.1018	539.9	0.18318521637757726	-1.6675971719352845
196.0736	540.1	0.22798917344077452	-1.4825163440412632
134.0732	540.5	0.19607482633293585	1.5571079702779596
208.0848	543.2	0.00046912859288207766	-6.991611648829517
135.067	544.288	0.09085069239354518	2.3883317121650562
154.063	546.6	0.3963606472403191	0.9855764019717094
274.0841	547.6	0.24053846992469463	-1.3124379640214594
164.0837	551.3	0.0030480836511061517	8.842876609459335
224.1036	551.355	0.0021265558763693	9.980194022738774
124.0524	551.4	0.6419961169940522	0.5038305283484082
274.0841	551.6	0.374116948452848	-1.0233008282897789
140.0473	553.9	0.006407966262665838	-6.1462325291483495
180.0423	554.5	0.2744589028964959	-1.2208500819847063
186.0681	555.1	0.6101152042280724	-0.5450266891065596
268.0736	555.6	0.6721001953412222	-0.4449803123129554
138.0681	558.0	0.06567140976052564	-2.8335790260512526
138.0681	558.0	0.06567140976052564	-2.8335790260512526
352.1787	560.3	0.31081894555162853	1.1093178589297261
181.0739	561.9	0.3873158578325335	-0.9324909046804505
111.0433	563.8	0.003024971155080499	-7.483878030466307
434.1213	566.4	0.01813776075168037	4.0631154863821575
328.0947	568.0	0.4939826601053162	0.7489301564286723
94.0419	569.0	7.465429645338018e-07	-21.21481285933299
182.0579	569.1	0.003027716790600144	-7.480511969987313
332.0532	570.5	0.09809052666150231	-2.12262702717223
418.1264	572.4	0.21163319230533045	-1.568561910717431
128.0473	574.7	0.14672550208998195	1.9463949098005036
208.0372	575.3	0.020096734957266865	3.317916871050379
418.1264	578.2	0.026505341732526402	-3.9343737542818293
154.0266	580.6	0.7385701292682052	-0.35356382022574795
390.129	584.336	0.028437140933456215	-3.6583233944288973
151.0633	587.1	0.05088084666389099	-2.4374866729082485
110.0467	590.127	0.4380410885330999	-0.8619661945789604
152.0837	591.287	0.1362596791107283	-1.99137935449589
153.0426	591.5	0.009339107183705526	5.713317864163851
152.0473	591.6	0.009241825050176268	5.59920274664903
322.1681	592.4	0.00029356298462892644	18.837966123571444
110.0476	601.167	0.6006391407808671	0.5523905621976617
166.099	602.479	0.018390833962976617	-4.003089915574641
154.0266	605.1	0.8954036358874409	0.1427460246471062
180.115	606.1	7.301768117842277e-05	12.042948413471258
234.0528	607.8	0.09533737218053227	-2.3744367818202443
221.0913	608.2	0.07443831354393182	2.689518648894635
278.1271	609.534	0.47286437166910433	0.7657546123628446
223.083	609.882	0.9096461900099582	-0.11837567579801275
222.1004	610.0	0.0415111499554714	-2.6646797518527228
336.0768	615.898	0.0017021299134837274	-9.281749863584933
164.0837	619.3	0.06734546889823882	-2.8020534355794777
180.0423	620.5	0.339495110161841	-1.0422604822554595
152.0837	620.7	0.039096099446171824	-3.1678037935170567
278.1258	623.391	0.02781268250621033	-3.3159611320574993
237.1003	625.505	0.032476956029802426	2.8090350380506037
288.0634	629.4	0.0030373501424596147	-7.4747397506558855
290.079	635.8	0.10133593000581999	2.3027764058532747
170.0732	638.8	0.004750394638938923	-6.289354755191257
204.0423	639.9	0.6991737971809371	-0.4250639241523779
178.0266	642.2	0.2903000557594013	1.1829577521088266
145.1579	644.5	0.4466099197701638	-0.8147093471272664
308.1049	645.2	0.6305506148828397	0.5175298955006427
330.074	655.3	0.00037016536963135226	-12.714578603042282
328.0573	655.338	0.001591673242443116	-9.783763808605167
244.0736	657.0	0.00987529985082661	-3.7824569465774993
179.0931	670.298	0.5696512851888653	0.6042018909568749
272.0685	679.0	0.002171451241623041	-6.106201549018556
272.0685	679.4	0.0562124754644216	-2.9871335875319613
140.0473	684.5	0.009579797421788015	-4.117322279309421
150.1045	686.7	0.055697072960672396	-2.913894224568835
234.162	686.7	6.355825500545767e-05	-11.025070300631745
110.0368	692.8	0.5044940289841295	0.7310224121659158
270.0892	698.8	0.5873951006211149	0.5959274763188134
136.0524	699.0	0.15534792217907195	-1.6287488698314438
168.0283	709.5	0.003627991619977166	-4.620106495298939
73.0164	212.6	0.17460065261740038	-1.5399283637072019
117.0426	212.6	0.001193323289253768	7.801017614683191
117.079	212.6	0.1939461644730966	1.6677743243166436
133.0739	212.6	0.0012377289602228507	-8.540675811450154
234.0852	212.6	0.001130880373796381	7.645611810512202
505.0846	212.7	0.34629871999507783	-1.0297110366965871
183.0532	212.8	0.6491037397766187	0.49340764951110916
155.0219	212.9	0.16705082724707068	1.637402214068834
190.059	212.9	0.037376508940246314	-3.554484592406587
191.0794	212.9	0.08014438722314593	-2.4697644461769497
188.0797	213.2	0.024639436051268445	-3.092774538048369
188.0797	213.3	0.02592314080685644	-3.044802627360537
268.1017	214.495	0.3623797504231159	1.0311489026393836
129.0781	214.654	0.006663052221569744	5.849584377424143
129.0426	214.7	0.5800425844082648	0.5891276063765295
195.0532	214.7	0.040061741392421815	-3.4744985635755583
230.0903	215.1	0.00697680090278338	-4.317400625947735
74.0004	215.4	0.0597864342312034	-2.7497846230971428
153.0426	216.2	0.005457177455085714	-5.5032741038449675
161.0691	216.657	0.00011327115848059024	9.456403681902499
188.0797	217.8	0.020554010815485826	-3.164721545745446
156.0535	217.9	0.006680737343826574	-4.11428946573515
106.0266	218.0	0.705027161088879	0.3982106668215049
235.0481	218.9	0.00449186055444393	-5.418585677279407
183.0532	219.3	0.9801048535625625	-0.02635827861173378
61.0164	220.0	0.027573837874391407	-3.185906671830238
239.0794	220.3	0.04216691642702166	-2.5742532801034965
89.0113	221.9	0.045694021618446976	-2.51361743393014
190.0477	222.1	0.10414201676941551	-2.2176937886989885
172.0372	222.2	0.9383924020954453	0.08274014545983588
123.032	222.5	0.009002837179102571	-4.506499184966368
104.011	223.9	0.11249477733367252	-1.9351984625945928
187.0481	226.5	0.6623232470013296	0.4807231995862635
147.0531	226.682	0.00790398809737309	5.199109840999689
174.0641	226.9	0.1604197096680427	-1.6775519687735705
195.0532	228.4	0.0011957035282741206	-7.844062494173456
156.0423	229.1	0.011739447919479153	-3.6193730059613367
253.0223	229.3	0.0012225025522590496	-6.150506526596116
175.0593	229.3	0.5803562729689753	-0.6037434513303757
188.1161	229.5	7.701622972181256e-05	-11.78735291416626
203.0794	229.6	0.41115642483047027	0.9358607211051265
158.0691	230.0	0.169190153799572	1.5687538751356729
197.0688	230.0	0.30396743823709094	-1.162562943160664
219.0883	230.79	0.000882031680592011	-6.731241411957204
306.144	230.8	0.1973088363011504	-1.4855998467862337
159.0532	230.9	0.7616329565070254	0.32902383677180386
187.0475	231.161	0.0001098804312005806	8.941639718630306
174.0164	231.3	0.02513693577636259	-2.9899233576116573
219.0743	231.3	0.36747666700755705	-0.9744559294445677
117.0426	231.5	0.00011911609167128833	8.805123584725083
127.0633	231.5	0.43387418470311423	0.8956976311372742
174.0164	231.7	0.4472631602363347	-0.816814653978414
322.1199	232.7	0.21375915394139008	-1.4061441067501042
212.0321	232.9	0.10985031210502726	-2.129309765884659
483.1502	233.1	0.18446999287523627	-1.5035674937905654
181.0739	233.2	0.01305858906797309	-4.238184395515496
149.0688	233.3	0.03720760818892672	-3.2845717272373314
202.059	233.6	0.0021302364001893415	-9.905902303037248
166.0477	234.2	0.051109131726974295	-2.459642870124608
145.0375	234.6	0.4762444946396834	0.7729226191858835
88.016	235.5	0.00015150176172431127	8.506049341460526
151.0628	235.627	0.010870049859650364	-4.977728402794638
134.0215	235.7	0.0026336953253521633	7.890806712065468
191.098	236.9	0.2040117961656778	1.5994675882936018
76.016	237.3	0.00022988547453881955	-8.727040448595591
223.061	239.7	0.0018840589381992042	-6.62529449938852
146.0215	240.8	0.11590189653863092	-2.1073879397274182
90.0317	243.0	0.3958902545974169	-0.9792001609605459
130.0266	243.6	0.0005007864976234774	-7.258475610280304
206.0427	244.6	0.6299772700451977	-0.5241183471027568
189.0637	244.7	0.12945422913645235	2.072697884424204
147.0532	245.08	0.005620240150070478	5.843331939250076
147.0532	245.3	0.011469811703712677	4.07008195581329
157.0375	245.3	0.0005732984309271569	7.85251565084387
192.027	245.9	0.12049017215028916	2.139698408063446
129.0426	246.0	0.6043791726896746	-0.5637240402359089
159.0895	247.8	0.006724219667825605	5.8471816786365824
183.0532	248.3	0.0012972737882825031	6.623921475567189
217.0586	249.7	0.004528575163301978	6.353804822055887
173.0688	251.1	0.016356369311610088	-4.405384891253763
139.0269	251.5	0.0071112006507979214	-6.400626493374641
90.0317	252.6	0.8675682030143806	0.18027013230793068
113.0477	252.7	0.09887962147975236	-2.296843445379698
163.0845	254.7	0.07310741922147498	2.243354602040492
268.1059	256.1	0.05471249875287613	2.4673796350250368
258.0852	256.3	0.06831330382502941	2.7365274228473395
198.0528	256.7	0.13281556279563944	-1.9700247577890033
143.0219	256.8	0.02369037315916449	3.6232059394933533
145.0375	257.0	0.0007108484874248307	10.491066452592209
189.0637	257.9	0.0018807401831216215	7.4382882082610315
172.0484	258.3	0.0062631941648483205	-4.115726543020833
192.027	258.9	0.06385934745471539	2.3609118781483875
216.0746	258.9	0.00561438913653922	4.6311439951323035
300.0845	259.1	0.38779850084163014	0.9321279672106954
248.0797	259.4	0.003375234994926972	-4.686051907654731
344.0743	259.9	0.12212657225052065	-1.8145929609683402
195.0532	260.3	0.07578431443640626	-2.1446611983490844
212.0321	260.9	0.038758437476213776	-3.4388195375176958
160.0372	261.5	0.09422896725647416	-2.1329506396226336
146.0691	261.6	0.07114979639655836	-2.6733192859829384
134.0328	261.7	0.12083542409651402	-2.005070598744628
132.0423	261.8	0.06105001677062447	-2.3282158925518788
171.0895	262.5	0.13819112019035545	-1.7530414015788225
131.0582	263.2	0.49054812187538277	0.7598326957344467
104.011	263.5	0.1440860053093462	1.688193526706713
131.0219	263.9	0.18361733493982768	-1.6779022526485659
143.0575	266.138	0.901251485011479	0.13404452353907886
134.0579	266.6	0.0014738192392427184	5.755281726805754
199.0845	266.8	0.009363818952642568	-4.358873929830828
103.0261	267.305	0.049575539186494516	-2.7634546336944075
226.0477	267.7	0.020591138348015875	-4.285854791837431
180.0423	268.2	0.0008624540112102228	-7.545551589231429
170.0215	268.5	0.3744922855429816	1.0040139756547937
104.0473	270.9	0.8826991071283441	-0.15902479766693434
206.0427	271.2	0.5694955610441372	-0.6240625039492712
104.0222	272.2	0.4919036494784967	-0.7512879007403632
270.0729	272.8	0.012490776841883815	-4.491773624852646
147.0895	272.8	9.189971618613494e-05	-9.305385085214747
171.0532	272.9	0.0068185722256645775	5.101969351389624
162.0528	273.5	0.7301525728895282	0.37416944558452464
206.0427	275.6	0.8424583780461705	-0.2124021817044945
201.1001	275.7	0.0006007807692378602	-6.819553595630572
159.0524	276.752	0.10924473446904089	1.9559171728264095
132.0059	276.9	0.3313816979612266	1.11911464159967
378.1274	277.0	0.5028172717335828	-0.7196052344669757
187.0845	277.1	0.10084357523615826	-1.957918334931499
143.0575	278.111	0.002653001576774094	-5.0270659946536425
198.0528	278.5	7.989386826859365e-05	-11.179233619126748
130.0266	279.1	0.6161691111623144	-0.5376658759282296
131.0582	280.8	0.5072326318973173	0.7447650790201475
148.0372	281.2	0.09363142834742141	2.309446752752152
88.0156	282.434	0.0907411743756966	-2.022062399990167
87.032	282.9	6.6389760751761e-05	-9.876354060930556
104.0473	284.2	0.004468411583273448	-5.152788327878511
102.0317	284.9	0.8910092684332829	-0.14428073546978182
268.0551	285.9	0.01951845358907175	-4.530427933595452
292.1019	286.0	0.0021325365601409627	6.01464423191525
130.0266	286.6	0.27913130840675493	-1.2217314537709356
143.0575	287.697	0.00024786537925592425	-8.1120390730211
146.0579	288.3	0.621760810545525	0.5239280472048756
165.0457	291.545	0.8158078902539121	-0.2537473009756814
294.0852	291.6	0.02776268638057639	-3.1430975349477555
104.0473	293.9	0.11071815786073035	-2.0410383821507043
234.0852	294.5	0.023335669645902536	-3.2335239607646806
173.0688	296.8	0.021679833425736664	4.313177360184814
778.3466	298.7	0.004547494376893789	6.3572864017618285
119.0582	302.0	0.1383443300907649	1.9542702523874043
87.032	303.0	0.4385356878020738	0.8651241560900381
60.0211	306.2	0.9205494478182107	-0.10793082194726117
147.0532	309.1	0.35436261483340337	1.028945042449118
88.016	310.0	0.027666707453491115	-3.724313248436452
130.0266	316.5	0.8285584452143295	-0.23450705355643128
118.063	317.3	0.069128554723145	-2.5549955365596966
123.032	319.1	0.027511376715333966	2.964158294633612
116.0473	319.8	0.011488703978129422	-5.086118936025613
130.0266	319.9	0.3464310219550007	1.054668350851696
146.0579	323.3	0.03716854305983392	-3.4660533571021794
244.1055	323.344	0.23230497050828064	-1.451340963489533
229.0586	323.9	0.5322155483050435	0.6979271369224329
163.0481	327.8	0.1285324257845761	-1.84959222184526
129.0426	329.5	0.23236074448184604	-1.3455651750519837
84.0211	332.5	0.047690609059265934	3.1034149335752415
145.0739	333.258	0.07402528022951241	2.4058593386687392
223.0481	333.6	0.22409713641169293	-1.3800333213729887
138.0429	333.7	0.0912962117665605	-2.0428567878001385
249.0601	334.706	0.027963537695411992	2.892312368273861
229.0586	335.1	0.25089002387083126	-1.363260804127221
175.0481	340.2	0.5140278240176522	-0.7372666670020356
625.3033	340.6	0.04216435763114081	-3.3876415343562294
177.0637	340.8	0.1648904409874119	-1.822541128949325
145.1103	340.9	0.04605153266757065	-3.2744996987240063
588.2948	345.3	0.0014427802519488655	-5.947123407774146
73.5253	346.853	0.024871334176690574	-3.536461386632571
153.0426	347.1	0.9440308220999584	-0.07408875551380123
132.0423	347.8	0.1955765111277565	1.4617716949425015
132.0418	347.951	0.7019127614575957	0.4015705380959962
179.0582	351.8	0.05912217786484209	-2.4847058721812942
160.0736	352.4	0.10413480226510911	1.9303135042471127
180.0423	353.8	0.0005762952559489779	-9.307178149399592
148.0008	354.4	0.0026587529296217714	-7.341926146564447
102.0317	354.5	0.5186330923640118	-0.7199103514989167
131.0219	357.2	0.9370232668171735	0.08370221713447493
564.2279	358.0	0.07115674463202315	-2.4298972310063855
72.0211	360.2	0.028941023445379084	-2.9878089366114966
176.0321	361.8	0.009666386303036631	-5.0210016362290215
237.0637	361.8	0.004024688693686587	-4.6396914625821974
74.0368	362.4	3.175030152975269e-05	-11.3135531285342
261.1209	370.239	0.0372210297746161	3.576077262783293
153.0426	370.6	0.18616765985270825	1.6678802516823747
172.0733	370.864	0.906187179571381	-0.1264531907189763
252.0602	373.9	0.5206049397925299	0.6823016867954464
191.0419	376.387	0.054790860147803634	2.405737103363743
153.0426	376.6	0.08704913573070568	2.436881780330842
132.0059	377.7	0.33558459712411454	1.1381428505448594
496.2607	377.8	0.0008508291207060307	6.249482509245873
138.0317	379.7	0.2339243980065253	-1.4788817041377569
278.075	379.7	0.0007978583213212541	-6.221629182369331
226.0954	381.2	0.14047751836459346	-1.700715932506708
368.2199	383.0	0.6830099075135367	0.42894573243956857
161.0343	383.251	0.5079210094858521	0.708490915268918
137.0469	383.392	0.026307080000264035	-3.968142793517788
161.0324	383.4	0.6586267501194253	0.46458952481420895
166.0266	390.9	0.0006307385577949601	-10.97458384100145
86.0368	391.1	0.0057616682307511345	-4.902414120803386
205.0572	397.684	0.272179511581806	-1.2834591901084726
161.0336	398.715	0.015830977377545127	4.358832090958159
134.0215	400.5	0.5337921286990844	-0.6861233896695905
166.0266	401.0	0.0026099058377876097	-4.987794212504231
151.0633	405.9	0.020342909975402296	-4.267734934889871
164.0473	407.0	0.8610088466698308	0.1878253568895324
187.0481	407.9	0.004772806181406463	-6.563806909371642
187.0464	411.959	0.011633444440516196	-5.043350279015831
584.2635	416.3	0.3717815941671696	-0.9653340856588529
88.0524	418.3	0.006629953860442356	-5.9341314816070305
176.0321	422.6	0.2044372138991859	-1.5677654148432543
146.069	440.554	0.0017772455410197193	-7.516841375177527
116.0473	440.7	0.00680503948459764	6.063369609300903
165.0431	442.268	0.010552738219649761	4.427348963732752
162.0528	442.3	0.24628156870319817	-1.2872649688275108
206.0427	442.8	0.20046119881829297	-1.6013414821704604
279.0742	444.605	0.053811396811072325	3.086319822536284
155.0695	444.8	0.009603653975670838	4.02627800916874
118.0266	454.2	0.0010776859139327776	7.005858289717086
264.1031	458.1	0.3887040129627325	-0.9356919605306702
122.0368	464.2	0.0013982274628989973	-5.686127973486958
150.0681	473.6	0.0002311027597034965	-8.469883778308688
209.0244	476.4	0.004040373462730674	-4.5249578538259385
114.0681	480.7	0.03804024033310386	-3.3576653044575955
130.063	482.5	0.20958204236122793	1.5509397910142684
144.0423	483.6	0.623841417257792	-0.5174562483513004
138.0317	484.0	0.11092546797535018	-1.8965487977164812
116.011	484.9	0.00826883215473133	5.135368376694016
144.0423	489.2	0.07095761976606145	-2.2487466631364663
114.0681	489.9	0.0022688248419318728	-8.06671353533866
328.225	490.9	0.9492019542780941	0.06835003807616967
251.078	490.933	0.6011477676394149	-0.5623327815221231
136.0524	499.3	0.05158930211966611	-2.8521844555546396
481.2312	499.3	0.000835052242203562	-7.299608481645771
186.1256	507.9	0.014126870506132313	-4.709037015306217
186.1256	510.0	0.008998215856839421	-4.058048983286997
222.0528	511.4	0.034488506524812605	-3.1118789595897582
210.1256	512.5	0.023797704526907822	4.211562062161153
160.0736	512.6	0.0030187856183729422	-7.333428880736906
172.0735	523.556	5.805418790319476e-05	-13.645100858716015
332.1624	531.0	0.12919588174330118	-1.8751628879368325
362.1729	531.9	0.49893631218301276	0.7654958229153297
323.2098	531.987	0.012329888018327954	5.2482536748308135
200.0321	532.8	0.17750496149890402	-1.7060155305519893
336.2301	533.8	0.02232849830178461	-3.1819878551398504
226.0477	533.9	7.530878437161496e-05	17.10883437015715
264.1362	535.2	0.002897243111056537	-5.609737459725218
163.0633	537.9	0.014028303471422482	-4.7210179088594595
216.1725	538.8	0.0036160708335693926	-7.7243490107185035
174.0892	539.2	0.00011419872826077516	-9.770966930170015
144.0423	549.8	0.004246542327703293	-7.421423429752453
212.1412	553.1	0.002387117527331366	-5.529718517926698
165.079	569.8	0.3611948854283222	1.0557185244511478
137.0477	577.0	0.5798770635925787	-0.5853062542924217
334.2144	580.5	0.8326234399831839	0.22288205256204802
258.1831	580.6	0.5506648223544572	-0.6360204176200008
490.2203	582.5	0.06415950213412941	-2.4390612495593142
166.0994	582.9	0.13866536109867783	-1.9930786998257088
332.1624	583.1	0.011219669422370508	-5.0245827694361545
294.2195	589.7	0.6922561583936363	-0.41550088405494695
144.115	590.6	0.0141245962162625	-3.490575555065624
367.2181	590.7	0.013894284236598707	-4.391076897074211
334.2144	590.9	0.41348646679666967	-0.9014062860487394
178.0985	593.897	0.00020815459449166315	-7.9794103770857845
330.1467	594.9	0.00796764296453097	-4.185190482005808
294.2195	602.5	0.7669659316814589	0.3103723207082387
334.2144	603.0	0.9898611691582867	-0.01372152418196066
313.2611	603.399	0.0804652698429943	-2.2268040767400326
312.2301	604.0	0.03764344202974655	-2.6757212650954734
144.115	605.1	0.0011197861118307706	-5.954254356560748
316.1675	605.1	0.0013940785553758488	-5.777155898298784
336.2301	607.5	0.9417916199296619	-0.07650846769095952
218.0977	608.3	0.4217694879453352	0.9135269112113106
332.1988	610.4	0.9732745719849143	0.034977242095076175
310.2144	610.5	0.9091338015220009	-0.11909205652263694
296.2351	611.1	0.005018490407226492	-4.317276880892473
336.2301	616.0	0.45565835273364363	0.7987754982273017
296.2351	617.3	0.4157417354621873	0.8751047944656737
250.1569	626.4	0.003539984971776634	-5.533508466151496
310.2144	627.5	0.8117771695233715	0.24968870817469743
312.2301	634.1	0.4471830689044586	0.8390939698117087
334.2144	634.2	0.4344327555094896	0.8638110161179097
292.2038	638.5	0.5854169819532706	0.5862342230807865
312.2301	641.3	0.23194960895599445	1.4923001043353867
338.2457	645.6	0.001910733402188644	-5.618866560875541
316.2614	647.9	0.05566525490537729	-2.3834376847914673
172.1463	655.0	0.005076185939423433	-4.342573827962055
292.2038	660.4	0.001623698373622436	-10.304700987863502
272.2351	663.8	0.00497324383771518	-4.62853237525812
172.1463	668.0	0.002011525394925196	-5.212926200470542
332.1988	669.9	0.03012318166606074	-3.5015139615000224
318.2195	672.1	0.0005163869215129407	-11.020925259974417
278.2246	672.2	0.0005498434403564452	-10.882236835683264
270.2195	680.0	0.001966795808515044	-5.671756537899725
294.2195	686.0	0.002143329062536311	-7.829494980290072
316.2038	691.7	2.283094303466179e-05	-14.403229875278935
298.2508	699.2	0.007078448736503772	-5.0068839213681695
320.2351	703.2	0.006685333015895539	-4.561936205008405
296.2351	705.7	0.05406069292550254	-2.734086702679026
292.2038	712.8	0.0018261117663399438	-5.377385549186731
318.2195	716.2	0.000693622587437763	-6.433891523452837
292.2038	726.8	0.0009260253079523163	-6.62626568671037
200.1776	727.5	0.002937129537097201	-5.175707938771462
250.1569	728.3	8.267516564377702e-05	-9.561167617185035
320.2351	729.0	0.0011138302917337512	-6.663849022887925
276.2089	738.7	0.0003159007234577846	-11.499436647858255
292.2038	740.1	0.0013058385613799219	-7.088455733943552
341.2927	752.153	0.009065912110751315	-4.867983794446601
327.2764	757.984	0.862345812053127	-0.1821958646139474
320.2351	760.4	0.0048932183321415005	-4.36180350638104
278.2246	760.5	0.0010084059654809374	-6.9700751621944175
302.2246	783.3	0.022828244944626343	-3.2582573193158697
254.2246	784.1	0.007102073747972995	-5.670947971156002
302.2246	787.6	0.05578719247254896	-2.6326374952351577
280.2402	791.6	0.011024770733352902	-4.042169532149366
264.2089	795.1	0.001069269777420904	-6.14906402877044
280.2402	796.2	0.0013276679879905223	-5.956060780827089
304.2402	819.4	2.9637607214352324e-05	-11.401416041298305
306.2559	861.7	8.697325385476526e-05	-11.160947491049571
256.2402	866.2	0.2098238356068104	-1.5426423436214591
356.329	920.1	0.2530549458181725	1.3047675425860614
284.2715	952.3	0.014417269352359213	-3.770581486500662
