m/z	retention_time	p_value	t_score
347.061	165.142	0.08464371661055758	-2.0699092676123296
384.12	368.227	0.13322193818827135	-2.0435783796765676
89.0478	241.494	0.3051645516630864	-1.146774767196369
146.109	195.207	0.3069360916812047	1.1200779531032332
146.1061	474.105	0.6152824785944842	-0.5587899479289872
323.0498	169.774	0.28623116860504894	-1.1912265057377982
176.0328	321.379	0.00014685516864551898	-12.729941814074456
204.0903	450.091	0.031448469002643045	-3.1384161830357904
116.0103	307.707	0.13165120711643635	-2.053255418950285
116.0103	408.121	0.0006914292045693316	-10.65421104097238
116.0103	257.207	0.11730258614513787	-2.1740024494896892
612.1487	302.036	0.0012519518380826853	-11.106764068009129
642.3001	458.493	0.012676876277281443	-5.346401563087871
88.0988	529.936	0.053297883860371084	-2.9772425212918865
135.0537	349.073	0.001008122820869978	-11.070417164653454
132.0531	184.874	0.9720601567113193	-0.03650993225048657
192.0272	215.905	0.04528921998802759	-2.9534220645259177
117.0786	325.426	0.021345695658495308	-3.879974152750496
89.0478	318.458	0.2749481295608068	1.2617580905955592
125.0146	169.461	0.004225939453928548	-4.990113358783344
119.0575	180.793	0.03995460587965058	-2.8652263196248478
192.0265	391.225	0.13563483695368056	-1.89079004754679
103.063	276.854	0.002029851673027596	-6.301005050812327
259.0459	147.818	0.04301277769919226	-3.135861696837561
104.0091	446.952	0.948681593311981	0.06765453384812971
152.0335	291.841	0.019997898608661843	4.02007002332538
131.0945	302.364	0.3126546693349083	-1.1025472961963032
131.0945	258.726	0.9708126646344599	-0.03871068036360552
129.079	400.318	0.10452342400722439	2.2773681258215834
129.0792	381.087	0.9838027614907627	0.02165062663733709
176.0425	375.97	0.012306523836448993	5.320932111740796
174.0531	229.259	0.29066872936203025	1.2659140793246297
87.0685	346.276	0.0491324162398687	-3.0818598286496566
251.1003	325.794	0.1186924949053492	-1.8888720510979105
137.0459	438.001	0.30960994705175204	-1.1187153486793087
153.0099	167.307	0.46989861782401354	0.7979667169225156
189.0634	413.443	0.003074679910966532	-6.226051808683301
154.0275	603.763	0.34209342695768424	1.0614797049969986
122.036	533.861	0.8460273914723089	-0.208601722434645
220.0838	496.852	0.11254969189861308	-1.9996351298707042
192.027	351.765	0.08474031480769731	-2.352011420781381
164.0475	497.662	0.009275705302184505	3.9072315250120515
139.027	574.103	0.3735935812795169	-1.042873790032016
119.0178	301.607	0.037396035030014985	-3.0942018363537285
119.0217	284.286	0.0024429140963444585	5.505128044161073
119.0176	319.687	0.017673848995639653	4.0183143840906395
175.0634	445.461	1.0107149983601393e-05	-26.184595259589404
116.0956	285.181	0.38384982803171175	1.0137046807108752
187.1679	484.934	0.38005540846984726	-0.9714106060053497
145.0848	181.825	0.3569309532677934	-1.050104845749599
145.085	377.725	0.4981241777447524	-0.7548382911703665
175.0478	412.274	0.0012196520672050027	-6.134284592632527
175.0477	418.537	0.05916837368452344	-2.4347683243785125
175.0472	393.025	0.0722996743757658	-2.682018344940506
161.0682	300.911	0.03134372869353654	3.5388295042426776
162.0161	261.963	0.005054795121915678	-4.308666187644009
194.0574	494.381	0.02903251318719773	3.448537699295287
115.0266	248.993	0.36344865097783646	-1.0550408021834399
117.0782	228.101	0.05471056773487135	2.4554033445968395
117.0788	318.327	0.17487037960688373	1.5400384829961289
117.0782	222.868	0.12327387417185781	1.8162678222343314
129.0418	314.468	0.000965606332309569	-8.772537533875422
188.1251	383.096	0.029460116071181756	-3.0277212085494143
131.0949	417.608	0.3253697807126619	-1.1719610252543873
118.0259	276.87	0.014395324399358941	-4.797297140157571
126.0296	677.115	0.09173753809684053	2.14818234510588
130.0267	470.686	0.3999766196918947	0.9057757405082107
103.0626	282.722	0.06880246582075493	-2.6795145945114243
214.1576	595.227	0.3636967858946512	0.9951020113683395
109.0522	432.572	0.291168004582651	1.210942032267904
189.1101	216.566	0.4727450865689321	0.8049802373125586
176.0676	493.587	0.005620728974721611	-5.454444885527423
172.0367	222.2	0.1316693478343695	-1.867522861124499
129.0899	237.666	0.49944110973462824	-0.7512076377648492
236.0782	244.953	0.7377374942116689	-0.35122711956813174
130.1116	345.557	0.06109536344995673	-2.7670861210353284
188.1173	267.889	0.6174628635911907	-0.5265883861230037
160.1219	524.398	0.5365217255333452	-0.6892170377413726
126.0431	344.456	0.49757226686313977	-0.7330925163565091
101.0473	333.43	1.702515327192948e-05	-13.433360776685936
243.086	253.086	0.00031084566885374737	11.717022869778571
154.038	274.02	0.44655962265124083	0.8269058055874423
118.0734	188.282	0.07502995010940566	-2.6793261752405533
118.0735	444.056	0.5931945028962349	-0.5868354083647568
169.0334	380.886	0.2865451581962027	1.1695283896986435
104.0575	443.316	0.0018661066639762012	7.614272280105103
148.0014	407.865	0.0030843638617433795	-5.684398186194564
113.0468	330.951	0.5848731163719352	-0.5775816869001875
147.0533	329.837	0.18882038743375867	-1.493042909838344
147.0537	339.696	0.07335206783492544	2.3265807102118
147.0535	284.895	0.14257607286399784	-1.7053125701246434
145.0737	360.501	0.0033124566062027305	-5.493353999991814
162.0526	447.914	0.9650777637086383	0.04630992312562072
188.1272	196.669	0.16212366202648706	-1.6939732328232686
145.0739	235.602	0.02299871763381767	-3.105770476747385
127.063	343.805	0.08451098712717602	2.535961654260381
155.0337	186.855	0.00028000059054205414	-8.88299047279352
134.0581	268.565	0.07531492449933896	-2.312078400837873
140.0083	259.037	0.014424047771405688	-4.838534599031897
256.1149	427.248	0.1669438925537575	-1.7136433742350576
335.1323	170.641	0.0035625563592510076	-5.355780863859522
297.1068	197.698	0.07763185229744997	-2.1995653707036746
192.027	233.079	0.08726789472647004	-2.3592314824498533
183.0711	561.755	0.3693662479952912	1.0402643179292848
294.2185	708.168	0.016925812308134832	-3.515670809752715
310.2142	646.605	0.7887973860441768	-0.28019340019223143
310.2152	623.667	0.016279931297522632	-3.316639130707962
149.0453	427.927	0.6862249103690057	0.42935760332693024
152.0471	458.943	0.06844532436537425	-2.2180264407550703
120.0576	610.837	0.0008994714554086469	7.235490685499095
191.0613	433.457	0.07305266783783909	-2.2237037442244065
191.0585	450.008	0.004524523619768376	-5.756510664211304
191.0598	463.838	0.03176649608449871	-3.7935440916374294
219.053	372.294	0.22977054151963486	-1.4986319180809402
165.0402	287.052	0.02270483104840205	3.5297556344878607
165.0431	335.335	0.013760096607039116	4.499299657675044
133.0519	534.425	0.0062803532922262005	-6.561873734835341
128.0581	289.502	0.1779893133331825	-1.5681289698968852
128.0577	263.583	0.4003290216522307	0.9149203161241385
132.0518	286.787	0.9469301116401685	0.06941810947342603
334.2124	601.825	0.3858839119804265	-0.9745175348837934
148.0365	280.894	0.003417416561570115	-5.04434147804249
146.0582	492.733	0.7083985929009295	-0.3924362915134062
272.0894	351.983	0.008308960172014032	-5.808718731030007
190.0478	471.428	0.4061782640336199	-0.9134075301330169
142.0738	286.608	0.16410323709875077	-1.804895263739813
161.0683	276.682	0.010362658198512086	4.364760321171698
161.0685	339.256	0.03885090623581128	-2.867838346585162
228.2096	761.042	0.07629763854957994	2.506660822149399
160.0833	210.228	0.020000560131634895	-3.142646442162405
267.0966	209.968	0.0002710654258910804	-10.485461081580326
153.0647	241.154	0.45512699443847204	-0.8186682510621657
163.0283	232.442	0.877196806688639	0.1674931819632295
345.0505	147.487	0.8193642963247068	0.23937723324980165
312.2301	529.817	0.3539393069862497	-1.0045939639579968
312.2297	577.777	0.019078731211256274	-4.220715453605732
250.0472	409.247	0.10566769430890341	-2.2644295685967126
202.122	510.331	0.18071270878758655	-1.518981365773932
210.1249	605.999	0.02491904702920861	-4.112927899413497
316.2007	666.317	0.009355946907217992	-5.061004790240669
148.0524	497.282	0.08592826292733298	2.2315405419356305
198.0526	463.791	0.8168699181828735	-0.2439946289954698
164.0502	562.443	0.23514728934094808	1.354629962194255
294.1211	346.826	0.04015282132946677	3.1978234051217798
105.0796	325.317	0.05280632362495164	-2.867813684827538
126.0312	505.589	0.807518745334376	-0.2612728868985118
126.0311	491.362	0.38158448066754996	-0.9626340629407362
306.0743	302.16	0.0012519518380826853	-11.106764068009129
147.0523	263.88	0.7731867255749736	0.3041322055223562
101.0835	347.282	0.9056953875936726	-0.12618695174495978
193.0411	288.097	0.026299033478743076	-3.127787092091214
122.0841	453.104	0.5265844821002149	-0.7129496637999071
87.0689	444.317	0.5455080041636089	0.6451484640912158
294.2203	685.859	0.6234554940451071	0.5188332937002371
320.233	728.554	0.1942416945871272	1.5414519948154046
314.2453	592.595	0.029049252471871515	-3.361732249191147
314.2455	615.87	0.7063928734494855	-0.40007440790817517
312.2299	651.162	0.746740982445657	0.3449757447456417
312.2309	679.528	0.5704025649486766	0.6067727768160928
330.2403	576.837	0.1186923546415449	-1.9558260748743599
330.2385	486.858	0.15500860836195993	-1.7275435312411958
330.2392	541.551	0.007675602907648247	-4.191937159189332
330.2395	515.144	0.01996002351508883	-4.442808681802124
232.1037	215.842	0.022061736872874896	-3.400033563160763
210.0996	641.204	0.6245827763908074	0.5186827672935885
175.0474	380.712	0.7437839978445365	-0.34235653619819756
175.0474	318.103	0.001582060115985861	-6.532295822524445
240.0079	511.934	0.9982377607582278	0.0023136466576545614
240.0127	315.133	0.5188499006446542	-0.7158152909225254
240.01	460.035	0.38552948525762754	0.9459810794688228
240.0104	549.356	0.829750233298643	-0.2245960610904253
240.0078	483.881	0.4841203223831859	-0.7464667678938794
240.007	478.533	0.4360554052488456	-0.8397381796043207
240.0091	296.075	0.4627976020220746	-0.8175574127869152
240.0089	442.121	0.5832719272621342	-0.5830045218492039
240.0089	260.997	0.000882942070353513	-7.335161027709755
240.0102	479.883	0.5399159743622302	-0.6504637333289758
228.1359	533.47	0.12375909783223248	2.0554975597039276
228.1355	617.076	0.00786625123839442	-3.9197586273616474
212.1416	486.423	0.002533988318126843	-5.28714855028011
212.142	520.992	0.07351823816116372	-2.1655947629240773
294.2191	601.555	0.07264064896568	-2.343700698612025
292.2041	648.045	0.08880200457704264	-2.28816040249721
172.1101	489.787	0.7402754239089682	0.3550030786688755
153.0896	584.875	0.8280040473098064	0.22733572733209476
183.0639	545.702	0.06153823868689011	2.37505738684698
302.0789	609.485	0.12934164849204072	-1.790627260408893
199.0583	491.686	0.5163343404626978	-0.7251689021069283
209.0799	372.385	0.16439552357522746	-1.831590543228466
158.0691	317.311	0.4244097701170049	-0.8654590317473735
183.0204	151.239	0.0019654680219488873	-5.22595105274738
198.0282	563.899	0.5235313892212963	0.6833971888742216
268.081	691.339	0.001758647309731567	-6.037102074943239
146.0689	213.615	0.07588227006844352	2.2031503866849405
146.0685	199.396	0.07307420672511794	2.176410114793176
316.201	646.266	0.09501511996916233	-2.0484824440180436
162.1012	418.344	0.4840318177145269	-0.7784203232648786
189.1495	217.127	0.611416536561543	0.5542666437616321
363.0557	341.852	0.6946264078888214	-0.4238756388661988
161.0471	508.67	0.15063032458942763	-1.8485969201977321
166.0835	257.925	0.054465271201208816	-3.012759352309487
133.036	255.45	0.7078711359725243	0.39363734975599707
312.23	486.891	0.17197154128121503	1.661622539353068
312.23	514.255	0.30417087783472735	1.2358907427417658
194.0423	244.928	0.3498834244466366	-1.021564200419071
87.0318	329.396	0.765718536200036	-0.31626222460965325
87.0313	361.648	0.335370189434117	-1.0471502924555294
160.0373	351.998	0.08886973538304814	-2.310889003415708
276.0957	212.914	0.20215072407277357	1.5331828178959157
190.0945	192.565	0.0006381845574992678	-9.451010462316678
190.0949	454.946	0.0025856790434785047	-6.225018602666287
198.0532	323.862	0.16161699327544526	-1.6815402642451331
136.0521	506.203	0.6067300640120262	-0.5431988136346866
182.0254	368.633	0.5762265732600989	0.5914478986827924
173.068	250.601	0.0076605161388661625	-6.109535573396292
180.063	196.105	0.8869397191551731	0.14837698969798005
180.0626	439.025	0.21514108010180263	-1.484711515120032
180.0642	261.312	0.3805326480836981	-0.9616631544735554
180.0625	415.829	0.0125458530121781	-4.2434820674913265
180.0625	203.059	0.7475512532719715	0.33706049449306646
180.0635	387.923	0.0644542110758639	2.533455133380293
180.0631	240.423	0.9084881610891145	0.11995833651639812
180.0632	393.219	0.06467641881365248	2.543808125097951
180.0625	401.073	0.220540535964453	1.4659631013516758
113.0467	374.756	0.8317107959350365	-0.2222077365611615
144.0409	489.33	0.897517506496878	-0.13447447525524084
172.0848	268.407	0.00960039336168432	-5.743498925111794
216.1362	614.527	0.8765614584814172	0.16230773208187113
153.0434	215.924	0.3498642398947827	1.030336424594947
175.0942	286.118	0.26014926211113776	1.2451623697212657
218.0904	219.618	0.1022923536260254	-2.245234015485704
228.148	395.484	0.06504930032379484	-2.3531871525981796
262.1308	404.278	0.2757066492407472	-1.327694551531862
172.0852	287.579	0.7671877420201327	0.3109690936248732
193.0732	388.141	0.0003597382500889539	13.928026401354424
153.044	591.019	0.005347289650443444	4.451003865153022
160.0837	248.675	0.5154688612305085	0.6913792468547646
204.0737	215.431	0.018924388522718633	-4.191364575783224
202.1312	370.059	0.07691671159170038	2.4689846883500444
202.1308	362.034	0.0815512629793774	2.478786052517408
217.143	450.735	0.2831258867923024	1.2155124650144922
186.1006	292.285	0.010102630406870863	-3.801503071455151
188.1169	320.253	0.8979325770446733	-0.13562042705014307
246.1008	453.027	0.1512408961875651	-1.7846112758254822
260.1125	165.462	0.0005686408400814259	-8.384609369537618
219.0847	171.483	0.0007989149461377341	-6.608914721982081
233.1002	174.247	0.01334169073626264	-4.677955895913493
295.1179	492.54	0.9923595411051382	0.010259427146939745
231.1231	240.089	0.4096621936963447	0.8866963679220077
246.1211	312.324	0.5004847463219617	-0.7170953133181754
296.0995	499.412	0.005030393056502324	-4.40170469703545
232.1046	288.197	0.1938850226115417	-1.5515444811775259
217.1046	201.341	0.2613444440114447	1.2436380369059206
274.1278	167.839	0.06746961394968327	-2.5466010319243
275.111	181.157	0.7594545201959806	-0.32102001877110753
203.09	187.029	0.004440778795937527	-7.517205594462929
274.164	392.703	0.3196026762286185	-1.0944641599390956
247.1159	185.612	0.05009014023512263	-3.1447667178328365
261.0961	177.312	0.029222268843417807	-3.75077347825782
276.0938	197.211	0.028793579894379587	-3.2974895897255196
204.0733	198.16	0.047319954999764165	-3.1012320783318854
260.1365	319.177	0.026382796063879978	-3.198898181887431
234.0834	189.712	0.027045618299625294	-3.903603174242803
248.1002	201.978	0.006886722566487623	-4.249307823179704
310.1162	501.645	0.23355251920345058	-1.4389238931356185
246.1206	266.024	0.015088854600058531	-4.014216958351104
354.0659	370.094	0.00450260580323185	-4.9739577105276
212.0914	475.124	0.2602833576864062	-1.323969374623342
203.1257	442.174	0.17996430377451095	-1.7409743184761832
162.0644	202.655	0.004602013935518063	-6.1130596888792095
176.0811	223.376	0.009377489041441036	-4.240000169045781
238.0961	538.672	0.5183420390712614	-0.7272176013241876
226.106	466.927	0.6648608227850904	0.45871373391973314
270.0944	430.035	1.986131981629791e-05	-12.366892349397823
284.1126	433.608	0.053027508543722054	-2.680489204777163
302.139	543.381	0.15825340876220972	1.674447319593652
242.1003	429.644	0.037691550477325926	-3.0415913793756335
202.1314	332.552	0.40571008686050886	0.9484363965637238
268.152	538.965	0.33940735843469505	1.0717892580402426
232.141	307.699	0.000665549682756211	-8.18915324659771
246.1215	295.482	0.02298221850358749	-3.5419371708555425
244.1778	444.006	0.03866615396418143	2.685424940190278
218.1258	290.506	0.4108884854458668	0.8970674406818504
294.1571	586.933	0.032891894581044266	2.763471472017701
217.1428	445.274	0.3740229702592241	0.9932128186470356
203.1259	432.799	0.3424619765542471	-1.1158025384682333
283.1637	585.798	0.822956399694238	0.24138878123226884
259.19	518.061	0.021169326961292086	3.153629093109778
243.1568	478.243	0.35527441077164706	1.01640049064646
245.1744	489.204	0.026337464408121916	2.9751842966969324
220.0853	307.078	0.0647580352390626	-2.7707417312242133
264.1468	427.312	0.0760164361967963	2.4137072878682484
186.1006	309.349	0.5175011209185127	0.7006375822622408
271.1638	403.811	0.15290185122780434	-1.871665238399766
244.1053	270.541	0.015407044407853048	-4.032455073704404
252.1231	524.272	0.44029547629334764	0.8288158704164524
246.1052	378.783	0.12061863113971466	-2.0333753327304915
202.0942	258.073	0.9991589756883841	0.001123494805507157
216.1107	279.196	0.3370073708876244	-1.0473290939568287
214.1311	382.185	0.8384308175188753	-0.2185115064661418
220.0683	183.059	0.010161584618183948	-4.253739518512133
234.084	177.444	0.06353217010545041	-2.7137904307966187
242.0999	446.851	0.1392562602212402	-1.9113457139426995
218.1268	307.481	0.15709664936982506	1.646077746570783
218.1263	298.493	0.9396034137753873	0.07911372396023802
233.1379	416.337	0.2792714319902874	-1.289700325885792
192.0743	180.946	0.002193983440132808	-5.117324235876111
206.0898	182.206	0.003649999084636001	-6.819814131096009
233.0996	184.315	0.004008847560675956	-6.774042352151133
222.0676	197.218	0.15408702170858488	-1.7217343080523562
232.1416	327.921	0.06778479737532797	2.52637259007828
250.0968	298.069	0.9768308122643776	-0.031381478507680735
216.1111	258.373	0.0019206191041560244	-5.766991841744035
206.0908	196.264	0.005015851799684542	-5.147649406060411
220.1052	212.29	0.014069535294627818	-4.404653792484505
282.1201	530.653	0.6138464412202164	0.5457519089665906
238.0951	521.03	0.20220593935568598	-1.6029836625564977
278.1259	560.768	0.896561215887961	-0.140311870390076
282.1166	497.337	0.24889821225046593	-1.3030030221950053
280.1425	565.636	0.037336328739315416	2.7052454405583766
188.1165	295.936	0.06477815126756667	2.3225908858344275
232.1052	258.062	0.010192177089219986	-4.428348360250799
230.1629	418.102	0.015600669871236863	3.685285717122244
216.1468	370.963	0.6836636518497292	-0.4472676260492437
294.1207	319.944	0.8341520042833083	-0.22416374782921483
151.0303	174.318	0.026515929055765785	-3.52609132946018
174.1003	317.132	0.02761787024710686	-3.269520976279843
146.0687	245.882	0.07829751334369708	-2.626715237145328
259.0457	147.8	0.001573830431647218	-6.427653257970653
211.0358	149.3	4.597910784199782e-05	-10.561244679324851
139.0398	150.0	0.5192685500405926	0.686864416233562
199.0246	150.0	0.00503008687727099	-7.254160207603439
153.0096	152.0	0.016217022061786705	-4.600443985684006
356.0733	153.1	0.0008747996526003069	-8.916793283125257
229.0351	154.0	0.6656823034033623	-0.4561138940708395
215.0559	154.7	0.030261693484763423	-3.223278474246594
537.0761	155.1	0.3860618156494604	0.9561236071754219
169.0045	156.0	0.0003013656971623356	-10.903522058266189
141.0191	159.3	0.0025020798858702504	-7.47188135386035
246.097	161.409	0.0052786553668586625	-4.866273824426777
261.0965	162.187	0.22505520232081536	-1.3911099743335589
195.0743	162.7	0.011653329458118157	-4.647671138215296
179.0794	164.0	0.5290954741238036	-0.6723414229819606
261.0307	164.0	0.03744470220981463	-3.468794389306101
431.0131	164.7	0.5937015069191127	0.563925592146564
307.0838	165.4	0.01854219473268485	-4.126174382100585
347.0631	165.4	0.7435873491201284	0.34498679658222325
302.1702	166.147	0.042942321673415274	2.608221196711723
167.0259	166.214	0.20400395151990358	-1.5023220810986162
274.1277	168.0	0.07710360893955939	-2.389415686945436
238.0605	170.329	0.7029474598964043	-0.4126703637230684
204.0734	170.75	0.11872911492639804	1.932457284022212
283.0917	173.1	0.9208106581445209	0.1067014491044369
133.0487	173.2	0.8032052708981794	-0.2611540422435483
220.0684	174.069	0.008899437202302577	-4.993974299718579
169.0847	178.323	0.27085908038105927	1.2909708790540646
290.1226	181.1	0.04504622407379321	-3.2194946863480656
335.0631	181.9	0.0012946761308159685	-9.578706123085896
162.0643	182.294	0.025240782774382475	-3.971878773938142
173.08	184.4	0.17636622380143055	-1.535777581913184
174.1117	188.0	0.6566165380164427	0.4910376427657152
248.0994	188.562	0.0031323863008987153	-4.758680604583584
232.1166	189.143	0.01598984794248667	3.9701862853627756
190.0586	190.315	0.8564603940055774	0.19167388360470716
190.0954	192.7	0.11010430539241603	-2.2017931885936974
160.0484	194.4	0.1747588711711983	-1.7643989885612905
146.0691	194.6	0.325834409595509	1.0723512296347193
275.1115	199.652	0.13669284100402496	-1.8797788935547866
204.111	199.7	0.03856567279891867	-2.6490387805778446
175.0957	200.7	0.28194248978531833	1.2001526762476418
636.0963	202.6	0.0320659282253133	-3.400596877079634
119.0582	209.1	0.0022721225644971995	-6.557701453387553
202.1421	209.444	0.0005803428291731904	-6.9525013249324035
163.0593	209.5	0.2912263867235575	1.2765935454142951
267.0968	210.0	0.0004012489576276821	-10.874134418632671
165.046	211.7	0.04926032565417518	-3.0204663185146696
105.0426	211.8	0.15289710100744805	1.8719506529370817
190.0954	212.4	0.0005680395601072046	-6.784992296962601
189.0637	216.7	0.7046473375462301	0.41090830295530073
605.0772	218.1	0.03656600209539988	-3.0182406430680846
218.0903	219.6	0.06456280646490464	-2.3995249440336064
147.0532	220.1	0.021305076799844405	-4.076738321229843
383.1057	220.384	0.00022094576282366706	-11.7836079476699
133.0375	220.6	0.0015804572071056661	-7.376193185479015
289.1274	222.2	0.0036833277573028508	-6.070414438664014
230.1258	222.894	0.004282504790340977	-5.619678367382813
237.0309	223.645	5.98969966082347e-06	-20.450937774644174
133.0741	223.773	0.04305968824887048	-2.5949462255993256
346.09	230.1	0.0703745163203151	2.755256464461478
287.1123	231.282	0.2590608430027071	-1.3681139983742148
332.1332	233.2	0.1292098406501492	-1.7912862940605998
103.0273	234.256	0.16039435798448606	-1.7118429350311417
332.0743	234.6	0.00813540298291125	-5.572581113223657
141.0426	237.7	0.23638786798197298	1.3888984602668606
119.0582	237.9	0.00495870750726579	5.208696119364378
161.0688	238.8	0.986375105029207	-0.017814588639399526
188.1161	238.9	0.2819913201627249	-1.282503422360502
273.1325	239.1	0.08028662261264827	-2.102648507421787
114.0429	239.3	0.19601990486333834	-1.45600536742808
133.0731	239.769	0.45817247456208665	-0.7929807306496521
377.1335	241.7	0.09812139693840768	-2.160541766539136
61.0528	241.9	0.3884380677083029	-0.9988107187042234
229.1066	242.776	0.9818916258603616	0.0238218538645699
174.1004	243.6	4.375486711090249e-05	-16.567134345518504
199.0957	244.6	0.7654254822899431	-0.3147316323621167
243.1205	244.978	0.5030361760520745	0.7184553757056491
131.1422	245.6	0.891150076386318	0.14823530069745763
363.058	247.1	0.0007864873782204976	-7.26577048266551
160.0848	248.6	0.36172726629077345	0.9907218119479245
385.1274	249.0	0.06370602767105042	-2.3978463455936314
384.1169	249.2	0.817323864140908	0.2490192738530449
515.1765	249.5	0.03126659437436178	-3.589265641335813
75.032	249.6	0.7549779424765218	-0.33660973685463635
433.1362	249.7	0.0842630712443004	-2.517124062095964
119.0582	250.3	0.19999327530387664	-1.6153995687941256
188.0797	252.1	0.06808340409220288	2.2774813859617002
204.111	252.6	0.06820800425550765	2.2333635311903035
125.0242	256.8	0.0005430795292890574	-7.790851269519185
297.0896	257.2	0.38760281842251254	0.9786605340134551
119.0577	257.928	0.01621968920320807	-3.3268472568348093
232.1059	258.1	0.008293495579932078	-4.62411504904954
345.0474	258.6	0.1252341551480771	-1.805381137351743
346.09	260.7	0.06817731028226942	2.6168471050870052
244.142	261.208	0.0009531084359646393	-7.859150759244223
216.111	261.9	0.0007613839001536463	-6.275135346174177
434.2311	261.9	0.0006458100650032648	-6.537162563361705
231.1212	262.394	0.0554788671125414	-2.4550545858453985
243.0855	264.6	0.00013797911942377923	11.173694296225442
230.09	264.642	0.032126152770918334	-3.591450380681273
89.0477	266.7	0.00034815426612317454	8.24953993289491
578.1636	267.0	0.00055162284355981	11.397813913332042
218.0906	267.667	0.5885755535609396	-0.5886800445590755
446.0604	268.3	0.011415524866027356	-5.47924722167108
147.0895	268.8	0.4929305526033847	-0.732299742854182
246.0848	269.025	0.04162110575454111	-2.7050591076846264
217.9885	269.7	0.5126566150906262	0.6957013795764925
127.0382	269.9	0.3286562711827384	-1.1268712203738651
174.0641	269.9	0.4788251280775002	0.7557557409835115
161.0688	270.3	0.05974050727460187	-2.505908227938829
473.1659	270.5	0.09927224095111369	-2.0894473879869504
473.1659	270.5	0.09927224095111369	-2.0894473879869504
132.0059	272.7	0.0007444828137477243	-7.052687167301701
436.1369	275.1	0.6217655084207379	-0.523056939350109
89.0477	276.5	0.47930947941458446	0.7918555511797065
174.0632	277.508	0.21433810002276615	1.5450689913455433
117.0426	280.5	0.45375723005953394	-0.8428679188400124
145.0739	280.5	0.12338903633098763	2.10435036516439
149.0471	282.385	0.012463271467847937	3.7558091124886746
73.0528	283.2	0.19093799544625256	-1.672522402389478
202.0956	283.587	0.0018307316313724436	5.333727913679884
300.0852	284.961	0.010365134883990526	-3.8222029790532828
59.0371	285.9	0.7126360757641041	-0.38625542236678373
110.0476	287.177	0.13854134319946634	1.8357521000240438
459.1866	287.2	0.2643122772804502	1.3695878545290352
692.2316	287.2	0.3945972783027422	0.9766526061746028
611.1607	287.4	0.041430520724727034	3.03869149954647
202.1311	287.952	0.04956101751605783	-3.0564632090857025
193.0375	288.1	0.13817155390122857	-1.7108775992733167
232.1059	288.2	0.045446379247734627	-2.517736481162567
114.0796	289.584	0.07973906897680966	-2.1973251183148377
145.0739	289.7	0.09385969017350465	-2.338859493132518
176.0321	289.9	0.03862573595261462	-3.077575604676709
232.1407	290.631	0.005055783781185509	-5.4934598852384635
147.0532	291.8	0.11944788691115868	1.9993468996348516
243.1204	293.71	5.908123205670737e-05	11.022387548062548
328.0794	294.1	0.11709917866158197	2.108238421710813
190.1066	295.3	0.062260181318973186	-2.427971727058541
458.1203	296.3	0.003775978912505068	5.217525776008525
206.0428	296.909	0.9994138366250549	0.0007702176446553176
167.0582	297.2	0.23245753534941202	-1.3769111136612404
188.0797	297.4	0.0032618620133935583	-8.618802416834614
232.1059	297.5	0.27304407419721854	-1.2405407245345554
75.0684	297.8	0.050338501522405196	-2.994658803638064
145.0739	298.0	0.03117489099302475	-2.821150761976913
306.074	302.5	0.0014826642899245157	-9.025136062711919
175.0842	302.598	0.7490986539021592	-0.3399671011473327
101.0477	304.0	0.006182319167856322	-6.145614625073288
165.0423	306.019	0.019635871507345592	-4.514252570219293
151.0494	306.1	0.01883607176408814	3.9789544246262762
360.1321	306.2	0.5595084379180677	-0.6301659137770862
330.0951	306.5	0.6045979400517216	-0.5658334834041396
127.0625	306.5	0.4153340532362418	-0.91961790249779
282.0344	307.3	0.40779853694625323	-0.912491745008363
117.079	307.4	0.6044437820023778	-0.5493991689249338
87.032	309.1	0.11956274297579317	1.855729764827081
223.0481	310.5	0.9913607589833842	-0.011336658989174698
245.1369	311.168	0.24111001906381077	1.4457652641297558
226.0582	313.187	0.03771326431173004	3.12107929566423
103.0633	315.1	0.1743932096250441	-1.772419517856413
216.1113	315.16	0.027808183139922334	3.803131493000111
230.1259	316.57	0.633841207844766	-0.5078151018164745
174.1004	317.1	0.04843859158083201	-2.6111106819779515
129.0812	317.542	0.014616343910847495	-4.506067414902717
129.0426	317.6	0.01094113022292316	-5.448338783502562
101.0472	318.468	3.843791488875279e-06	-16.045201792071325
314.0638	320.3	0.054285815104966995	-2.937240137659846
136.0385	320.5	0.19327410027400385	-1.6201750242021882
135.0354	320.5	0.18716782335038937	-1.6563701798034034
342.0951	321.8	0.17922607754407163	1.743377664563321
175.0847	321.972	0.2106566882559511	1.526783246605579
176.0909	322.1	0.3259712537261114	1.1449551206271245
244.1047	322.119	0.29482025443784976	1.2316368631650645
326.0979	322.694	0.12970630400549682	-1.788542755327726
259.1525	323.032	0.6419177765699191	0.5055030365803894
244.141	323.247	0.2405448935774396	1.4126255919439015
254.0725	323.6	0.5653528845516919	-0.6082000495005625
293.1384	323.989	0.05484478462352329	2.3800608593707153
87.0684	325.6	0.0271413017621562	-3.4738953959844685
174.1004	326.4	0.12499989539757676	-1.8376452883035135
216.1112	326.487	0.03868037329991582	3.2447595108107072
220.0848	328.7	0.006148559520347811	-4.9812554147930115
73.0528	329.1	0.02074266084843597	-3.7647168858122493
616.2241	329.1	0.25112029509383726	-1.3000239189730334
456.1626	329.5	0.2711412684889237	-1.21200486050315
232.0042	331.3	0.18551932816527167	-1.6023441456166574
236.0797	331.8	0.21021135128605412	-1.5511287084124443
237.0862	331.8	0.1596667284317509	-1.8333473924250083
492.1115	332.458	0.9684380678157682	-0.04127981598372675
72.0687	333.6	0.3337460806213984	1.1330067262742909
175.0841	334.043	0.025085049551168415	4.014485756921034
218.1262	334.201	0.3862274672080089	-0.9771946169599973
115.0633	337.8	0.0434953548237219	-2.5503346135725664
206.0427	340.382	0.9625435797336271	-0.04906900350945015
255.9984	340.5	0.8051670142462823	-0.2629285019361077
230.1263	340.572	0.06688945431520577	2.679521742961719
172.0856	341.09	0.0018948124150795654	-5.448776417188207
185.0324	341.4	0.0009512694903074336	-6.023848741698934
176.095	341.7	0.006932431629126471	-4.278534862383435
439.2392	342.4	0.05635511631983527	-3.015344143267865
216.1111	343.315	0.024529330833106582	3.6907000563973402
181.0375	343.5	0.0035419639423419176	-7.420198561482198
244.1046	345.245	0.08407722986183795	-2.406399577671965
208.0841	346.203	5.146910614765952e-05	-11.268497534534045
325.0798	346.4	6.54273355839424e-06	-14.996484436511953
325.0798	346.4	6.54273355839424e-06	-14.996484436511953
260.1358	346.433	0.040176051535422745	2.7616568591606416
426.0879	347.1	0.04732141778837489	-3.2398221689387046
125.0955	347.438	0.20603607196115836	-1.5270289416614624
198.1368	348.5	0.8700326742782101	-0.1765939171991627
642.1432	350.2	0.12940168886687498	-1.7903540976499117
640.1428	350.5	0.23022048593826538	-1.5009246025935015
117.079	353.3	0.39808431150967405	0.9806902077692329
234.0852	353.4	0.6362663095511176	-0.49829227769089995
149.051	353.8	0.2658572989326758	-1.3442034351313066
139.0382	356.6	0.3323569210912003	1.111150572275677
103.0633	357.4	0.24473107671492397	-1.3044171684616832
73.0535	357.803	0.9646494357885677	0.047211534968198944
112.0273	358.4	0.1424826949366702	-1.7454169619663624
216.1118	358.866	0.06291718769747871	2.625087652960922
214.1311	359.641	0.8075176363997393	-0.2556777400252928
266.1263	360.662	0.9999999999999994	-7.449632761335575e-16
131.0582	361.461	0.03720885335475172	2.6788429353796404
110.048	361.729	0.3001639322178963	-1.1410626692166943
188.1168	363.41	0.1682361176730206	-1.733797637576692
184.0736	364.1	0.3462961795903641	1.1118643789569058
230.1269	365.044	0.020672872880106063	-3.2975147635977167
166.0266	365.7	0.25431520151619524	1.3220442045001124
204.0899	366.1	0.2648717999895102	-1.3673355291145128
220.0848	366.2	0.2308891024666672	-1.4943986769625806
355.1547	366.4	0.38010508475541027	-0.97987839723552
433.1129	366.5	0.5269895683550982	0.7105213694412676
354.0577	368.8	0.0013466675831325687	-7.935709908092141
381.9995	369.5	0.8106787481748654	0.25514164382539345
248.1161	369.7	0.027160346542116458	2.941291723258404
345.0421	369.729	0.4270788369614463	0.8522874458335891
114.0317	371.1	0.21689836492253187	1.4129307044332977
248.0562	371.7	0.0002480168412314233	-11.418679421534204
70.0531	372.9	0.0987364290669011	-2.0324340933255463
70.0531	373.1	0.27034996043504017	-1.3071516871202096
300.0845	374.6	0.023097558959704993	-4.221774435358111
222.1004	375.1	0.01801457501751662	3.2815104652552876
187.1208	375.4	0.0005451647407263347	-8.65201356424156
275.1474	375.473	0.7043145266144236	-0.41051416344263847
230.1257	376.257	0.03760234499398582	-2.7868138847761785
137.0841	376.8	0.022702816998852696	3.8526611442829743
260.137	377.009	0.04027515779028848	-2.6982103222358815
281.0899	378.1	0.1873436852065173	-1.6513077686926243
195.0895	378.8	0.47052031614600354	-0.779500649397259
117.0787	379.406	0.2984992857832871	1.2477125450471573
128.0473	379.7	0.30781564209451784	1.1595366227325545
259.1208	379.7	0.41442317669573764	-0.9375138631984385
163.0667	379.7	0.245210322349039	-1.4327150400232571
337.1147	379.811	0.016429254072578597	-4.881158430141023
167.0582	380.2	1.4356641076865922e-05	-13.508286306942981
205.0493	380.653	0.07452441840019351	2.2572578775370222
302.2067	381.699	0.1253012787230052	1.8357244541391833
381.0686	382.9	0.0011293503474806938	-6.272575501531294
300.0845	383.1	0.032344666899441904	-3.4767258943394057
126.0317	389.5	0.005783206613676921	-7.043261396942934
260.0467	391.0	0.000509608289306611	6.924264364108729
311.1718	391.265	0.013637830158845494	4.5592925161115145
231.1324	392.1	0.9549754809915836	0.05954957317072596
165.0426	392.8	0.002376694633310911	5.048476552438707
297.0449	394.318	0.07618153947326586	-2.467833551937377
246.1328	395.7	0.8335251588944971	0.22005161798843323
151.0633	397.7	0.1243381832258211	2.1072572518098682
72.0263	398.206	0.6036892839035626	0.56343819324009
212.1159	398.7	0.12604350297966613	-1.9292830441779751
286.0477	399.0	0.009982486070587776	-4.128499014879426
101.0835	400.073	0.9790637076079052	0.028024110230529704
142.0258	404.813	0.5652941386193805	0.6217910927300115
228.1479	404.907	0.13297791883390878	-1.7630080723578054
326.0988	405.567	0.04563422162201085	2.7076449365998085
131.0946	407.0	0.3648426686327037	-1.0633039485824423
153.079	408.5	0.23475220496478763	-1.481014752418748
522.1373	414.6	0.23971906239556198	1.3164907563861354
519.1133	414.8	0.41164087119306886	0.8833611379631892
480.0904	415.9	0.7903933452910503	-0.2786622121213169
126.0317	416.0	0.8078438962382128	-0.25453210858096154
340.0794	416.6	0.4798173732252683	-0.7532228638512443
261.1327	417.541	0.4370590257950317	-0.8600582082465906
101.084	417.963	0.022958243493447498	-3.3977671147294295
240.0238	418.5	0.4250194963290512	-0.8824990902411596
243.0855	418.7	5.3968080765076636e-05	14.879321877169655
275.1469	420.028	0.8851600916250106	-0.15531479466504514
281.1124	420.6	0.09073385150486718	-2.1147840035078747
386.029	421.5	0.02845167760929845	-3.2992570992006867
228.1473	423.032	0.03253476251033546	-3.1522312325306023
179.0946	423.1	0.5078485151995189	0.735722801171509
286.0477	423.9	0.01210024274269501	-3.6208764293801567
286.0477	424.0	0.009247240537078141	-3.7877209651566286
283.1281	424.3	0.12859513122206442	-2.0075931163389247
142.063	424.7	0.6510864662832432	-0.49761369342044115
234.1368	426.1	0.33622672380833885	1.1383029716658015
149.0477	427.7	0.6357356242314645	0.5054580601666097
179.0946	428.6	0.045553392165641096	-3.042255873419618
135.07	428.952	0.06880990369634175	2.3640355655779155
126.0317	429.0	0.35109186166295164	1.0938815073325094
127.0627	429.589	0.273440050232149	1.310611809879183
168.0423	429.8	0.03037306169977873	-2.9525146121894084
168.0424	429.865	0.018964453465192304	-3.4524047867004763
304.1383	434.3	0.8551801579471192	-0.19793818710343625
117.0794	434.474	0.33893635534929584	1.132059144036702
237.0862	434.6	0.9856989800019073	0.018860133491587164
114.0308	434.715	0.4826964997683568	-0.7521873881076193
146.1055	435.6	0.09043703728165185	2.4512495103248724
638.1119	436.8	0.13129533795898224	1.9011974291083986
143.0924	438.718	0.19409153395550194	1.6519378002795873
138.0317	440.3	0.8817445379327133	-0.15614546887578365
149.0477	440.3	0.8122711500039836	0.2569084795117387
180.0786	441.1	0.535981012483342	-0.6721713319623882
320.0896	442.6	0.8155979392465071	0.24834152811299334
162.0351	443.0	0.0686241864876095	2.7403102924949985
117.0795	443.646	0.3200057201990319	1.18120972997033
217.1426	445.3	0.6026577419030896	0.5632489670730786
121.0528	446.8	0.12181344638483231	-1.9946521368005816
181.0739	447.2	0.036759366297361235	3.4393470024361887
228.1478	449.338	0.012445579090668225	4.199963499253273
130.1218	449.4	0.02554273774727504	-4.130931708848391
208.0736	449.6	0.20341042715308222	-1.4603194288486268
276.1586	450.3	0.39172065983997345	-0.9397512355157099
182.0579	450.6	0.22836495962108883	-1.4558778554559
217.1426	450.7	0.08377739032641267	2.1888810543076573
245.1385	451.9	0.055942873697274596	-2.697671883451794
73.0888	452.519	0.8043955841781352	-0.26683311430202233
210.0528	452.6	0.6103226750065665	-0.5433332155098664
346.1165	454.5	0.1767834624724648	1.7425349929234986
320.0896	454.9	0.006399930915797841	4.09500966325858
132.0899	455.6	0.7224463098569566	-0.38607968712996765
321.15	458.254	0.012676876277281443	-5.346401563087871
167.0582	458.4	0.31960284354632706	1.0857980796994728
33.0215	458.9	0.05915323271947042	-2.641921524556691
152.0473	459.0	0.8929161979429084	0.1461129126230095
182.0579	459.1	0.016797643074835274	-4.615955228148005
129.0541	459.586	0.1651346664557114	-1.8133583120415966
351.1703	459.6	8.519884331065447e-05	-9.41852250345176
260.0321	459.8	0.01130955492686238	4.0608939314267065
135.0677	460.236	0.016590244310561067	-4.683547139927012
161.0477	461.3	0.004948176815579902	-6.758612984033864
165.0426	462.0	0.8144179997144927	0.2452840709964772
370.0339	462.508	0.06867031691366465	2.379825355176277
322.0689	462.9	0.11027543412493405	-2.2411979111249702
154.0266	464.3	0.21892151250507394	1.5497959905044385
320.0532	464.9	0.18534310499874398	1.5696124780351115
256.1099	466.1	0.3638200704092681	1.0652212396964684
152.0473	466.8	0.01262525992577223	-4.136710116145609
153.0538	466.8	0.004608559840851288	-4.591768744839372
144.1369	466.857	0.08984262278827289	-2.1873805940334443
203.1255	467.146	0.027263444780020928	-3.123784533158373
189.0424	468.206	0.12012988317930798	-2.1009134649739774
114.0314	468.229	0.004164780781334379	-6.080060050272352
243.121	469.29	0.3501441274627385	-1.0707306885833994
222.1004	470.7	0.2417497013293468	-1.4540759324083106
244.0695	472.6	0.2107352766650875	1.4031296751482747
168.0423	475.2	0.18577871663607343	-1.6814700670412501
375.1682	475.2	0.7311915450521476	0.35999315680464694
346.1165	476.0	0.005447207693464288	5.121248574710997
146.0844	476.8	0.040847574694184645	2.789297663994115
268.0997	476.959	0.0022811240143009726	-9.266685330264705
267.0968	477.2	0.0042100082664972205	-7.775151505541667
253.0811	477.2	0.42532735288458456	-0.89569043613304
252.0746	477.4	0.003180982538672606	-4.778533552810416
328.1543	478.0	0.15918917288138268	-1.8243590276481134
180.0899	478.3	0.004601290793051266	5.454274902214027
270.0528	479.5	0.15092682045899683	1.897528027943841
207.0893	479.701	0.015344109325952133	4.963376605688319
138.0317	480.0	0.8734972069326252	-0.16986220326621979
141.0902	480.5	0.0013719471218655542	6.002804925197279
175.0633	482.3	0.5628053111040092	0.6416587141129274
506.1002	482.9	0.38313529549359504	-0.9440311759572786
189.0425	483.125	0.0005144784444728494	-10.900544810397566
218.1267	485.3	0.1143944482602063	-2.1502332934798836
187.1685	486.4	0.027216411876467735	2.9409261069047603
501.1972	487.7	0.05798701388488223	2.3431325449299845
251.1018	488.6	0.04298874462781659	3.1234922858242617
111.032	488.9	0.13858836892747803	1.8162275923986007
133.0528	490.0	0.1679443510644244	1.7502794912164534
170.0579	490.6	0.0036861045486533055	4.944797015386319
232.1212	491.3	0.9745718625059618	-0.03419428507939997
434.0767	494.23	0.912533829036527	-0.11481917529755345
194.0579	494.3	0.029630306239556484	3.446874829009246
168.0423	495.2	0.005242970914452978	-4.413105418346177
564.1115	495.6	0.22201962198831407	1.3623149165300268
178.063	496.4	0.23477267831894855	-1.348091755519293
164.0473	497.6	0.03244559635093123	3.016617374134532
277.1161	498.193	0.07890016270916471	-2.1363564420237218
148.0524	499.6	0.01166860352557185	-3.930463064591544
175.0633	500.9	0.038118188921651815	-3.3929092511842884
356.1233	502.1	0.07496637638588342	-2.6682019802105246
550.0959	504.1	0.06093254410315914	-2.4677844036588055
60.0688	504.438	0.6394638713399786	0.4999546209124846
188.1525	507.3	0.6796671140629755	-0.4337010362987366
161.0477	508.7	0.1432591167797232	-1.8913721071755394
195.0756	509.1	0.00011698935852394953	-8.974696271749412
109.0528	510.9	0.015566031071246522	-4.663009277068427
74.0848	510.922	0.1116411479835175	-1.908195476797836
182.0579	514.928	0.4350337006418535	0.8413728644512044
336.0845	516.3	0.13795166484416027	1.946024940461018
99.105	516.567	0.010965889588975378	-4.184233818004864
336.0861	516.692	0.17447439882182333	1.7278116239288703
281.1124	516.9	0.1522168619290305	-1.8801639220534383
272.1049	518.5	0.5859489976980587	0.6046807834138781
288.0634	519.9	0.10208946248246718	-2.1818217421644523
288.0634	520.4	0.7754420946837586	0.30029933929369146
175.0243	521.1	0.07771040412761479	-2.3094832465646777
434.1213	521.3	0.15829480249598482	-1.7822619494173548
434.1213	521.3	0.15829480249598482	-1.7822619494173548
239.1018	521.6	0.2642484456970074	-1.338927207942056
183.0354	521.7	0.07905357119581731	-2.53203231949205
135.069	522.477	0.0076637352363068826	-6.237635596185723
222.0892	526.9	0.292209567914096	1.241916331575434
246.1011	527.335	0.010646664562747061	-3.6962560719384077
176.095	528.9	0.8382178759309581	-0.22087795493516596
325.0979	530.122	0.6019626642784537	-0.5586913531104972
186.0681	531.0	0.18407010964361997	-1.6809393833418234
138.0681	531.3	0.34352138166793744	-1.1016871820277627
180.0886	531.634	0.6018266434713171	-0.56299758652482
180.0899	531.7	0.3991217895694726	-0.9633494888742734
252.1105	532.021	0.7733547284171238	0.3055622226481625
318.0376	532.6	0.09258986441195478	2.178826067851704
192.0786	532.6	0.20807597815602233	1.5002109873620615
580.1792	533.4	0.29968896377029147	-1.1861108398442126
128.0473	533.6	0.5288831965650583	-0.67449887175628
239.1018	533.8	0.12931539028119815	-1.7907043434685983
504.0969	534.633	0.15426173249031022	-1.704654021089563
133.0528	534.7	0.009102456575886283	-5.8221561635815515
210.0528	534.7	0.48936254792866374	0.7368173241627267
152.0473	536.7	0.8388891751358936	0.21354580552857105
360.0845	536.7	0.14292229434045642	-1.6852626478771047
346.0689	537.1	0.7617565906533421	0.32457507967444615
184.0372	537.8	0.25154010792907533	-1.2881561006153184
239.1018	539.9	0.0020998992314066457	9.937224319468188
196.0736	540.1	0.47582552582893417	0.8083517752585847
134.0732	540.5	0.941601825795696	-0.07674047706519067
208.0848	543.2	0.1294804408928623	-1.9204008757645488
135.067	544.288	0.07242332342024861	2.5052586827571632
154.063	546.6	0.13508001023452937	-1.9037763984482146
274.0841	547.6	0.03632016057059239	-3.2133618750388573
164.0837	551.3	8.077477794029417e-05	-29.534727538658263
224.1036	551.355	2.301904135212149e-05	-27.64217334737735
124.0524	551.4	0.37769874548970467	0.9545542070386993
274.0841	551.6	0.5530357662491315	0.6606497902408773
140.0473	553.9	0.421789612126599	-0.8800275387076061
180.0423	554.5	0.09668714375933558	2.3743522459856643
186.0681	555.1	0.09403907873429192	-2.0703693313848883
268.0736	555.6	0.28323907165024076	1.1879036026321137
138.0681	558.0	0.8915698123587873	0.14220929109770014
138.0681	558.0	0.8313792756599497	-0.2237882964300997
352.1787	560.3	0.000502552288756091	-7.802283320799442
181.0739	561.9	0.3568138769729098	1.0652882599898648
111.0433	563.8	0.17615837772953666	1.5807177507208168
434.1213	566.4	0.1471854957846756	-1.9305953386574644
328.0947	568.0	0.3024665064631426	-1.1343004465096904
94.0419	569.0	0.3815376226656113	0.9443313822311843
182.0579	569.1	0.12545378595892973	-1.8118924526386206
332.0532	570.5	0.06476222794540155	2.6258405180456106
418.1264	572.4	0.22392930973988573	-1.4626658077159886
128.0473	574.7	0.07969634071462604	2.584938277040374
208.0372	575.3	0.8333742382342708	0.21981111136393447
418.1264	578.2	0.8406762457634188	-0.21828998741258626
154.0266	580.6	0.7943715493970734	-0.27413461914414927
390.129	584.336	0.22685397410488126	1.4393376315042226
151.0633	587.1	0.9073656493220291	0.12337190972078582
110.0467	590.127	0.6149080674832686	0.5308251253021865
152.0837	591.287	0.2095211621682314	-1.5145133390778511
153.0426	591.5	0.003584368587310213	4.747776869369792
152.0473	591.6	0.00407397904739581	4.508848834997891
322.1681	592.4	0.001447742108384477	-10.760286078303825
110.0476	601.167	0.8171386834959452	-0.24669317525874773
166.099	602.479	0.011008611704781643	-4.837451924409558
154.0266	605.1	0.28974611273470285	1.1705947712465692
180.115	606.1	0.1970643187275675	1.6326251375036718
234.0528	607.8	0.33643029541406716	-1.0744047200923825
221.0913	608.2	0.004310723253821147	-5.821056045618736
278.1271	609.534	0.025609944121569778	2.9505429199836515
223.083	609.882	0.05027780250564288	2.5133815478771178
222.1004	610.0	0.702269701013414	0.4017616160773944
336.0768	615.898	0.6194899077050442	-0.5246103345047081
164.0837	619.3	0.18571714162755668	-1.5766236294085874
180.0423	620.5	0.23232006265332683	-1.3422685429590038
152.0837	620.7	0.10782328183252124	-2.168796037939939
278.1258	623.391	0.34222203783883015	1.087078141497713
237.1003	625.505	0.008889634100992493	4.803352432894614
288.0634	629.4	0.20678499006977735	1.5010632708193892
290.079	635.8	0.2790394400391949	-1.2966637488577373
170.0732	638.8	0.4525624411709811	-0.8352210576290233
204.0423	639.9	0.07501237906721892	-2.4853261793544847
178.0266	642.2	0.1089634688640415	-2.1550305983131874
145.1579	644.5	0.10500729134134727	-2.286649802029194
308.1049	645.2	0.2562333981564875	1.3990652598379512
330.074	655.3	0.12829943459638746	-1.796284341331759
328.0573	655.338	0.28399367124746117	-1.2981192035359002
244.0736	657.0	0.00838290031836904	5.4158240003947125
179.0931	670.298	0.5959368145263776	-0.5772944188093709
272.0685	679.0	0.12088069366906252	2.142893977746775
272.0685	679.4	0.7963581303180565	-0.2698815487016743
140.0473	684.5	0.1277310181955595	-2.0611599267607676
150.1045	686.7	0.9618332387467583	-0.05009186881149382
234.162	686.7	0.23637544889048753	-1.3625323891595098
110.0368	692.8	0.26530519902226984	-1.3603347606095517
270.0892	698.8	0.11909760507557879	2.1636712430069966
136.0524	699.0	0.536296349877776	0.6639704994164598
168.0283	709.5	0.030162222041784148	-2.825329358023309
73.0164	212.6	0.37208952072651824	1.0036436797201969
117.0426	212.6	0.4052740537260521	0.9633846761998317
117.079	212.6	0.04062884761383812	2.837687409296679
133.0739	212.6	0.37164485072160286	0.9800804540225319
234.0852	212.6	0.40480500333716574	0.9644739213036845
505.0846	212.7	0.5789908494007789	-0.5893863891849033
183.0532	212.8	0.029029810784969697	3.011705840346123
155.0219	212.9	0.026092731956044696	3.5765250716357695
190.059	212.9	0.265270894111632	-1.3333877407299919
191.0794	212.9	0.2866403291782813	1.252722652799165
188.0797	213.2	0.15030565031717577	1.831040425941805
188.0797	213.3	0.15029568924059675	1.82964284773704
268.1017	214.495	0.32662407190343834	1.0680753172940027
129.0781	214.654	0.8530214342395728	0.1996735366177845
129.0426	214.7	0.8355962328830933	0.21723819438981773
195.0532	214.7	0.3926085507101985	-0.9216262743020209
230.0903	215.1	0.6879447770836833	0.42314389054604007
74.0004	215.4	0.019334433272717	3.5367816471008195
153.0426	216.2	0.0901336735656591	2.09867261196813
161.0691	216.657	0.27559518646913833	-1.2723786805562742
188.0797	217.8	0.35240908749873634	1.0189871927445395
156.0535	217.9	0.052632289027394856	2.853937860457936
106.0266	218.0	0.02407025994240561	-3.00637344944724
235.0481	218.9	0.5793899686859577	-0.5907265472261015
183.0532	219.3	0.7948619798613915	0.27214873679665097
61.0164	220.0	0.8025237866895792	-0.271228745963584
239.0794	220.3	0.08205622348908873	2.5415105627230727
89.0113	221.9	0.976972711183974	0.030194306420984758
190.0477	222.1	0.4061112170952262	-0.9136830960046244
172.0372	222.2	0.23023211656983983	-1.3374736822771132
123.032	222.5	0.06338195319338293	-2.3403925753937194
104.011	223.9	0.14486326499350702	-1.866703058303034
187.0481	226.5	0.8285044235933332	-0.22642449319775745
147.0531	226.682	0.02345337049582165	3.6091574186718978
174.0641	226.9	0.7671490513502044	0.31189624350031186
195.0532	228.4	0.8007117307494512	-0.2658803847289679
156.0423	229.1	0.30402789724178075	1.2018831183096779
253.0223	229.3	0.7304514514609524	0.3625503176073761
175.0593	229.3	0.2765616253704013	1.2724312625044323
188.1161	229.5	0.892082655140375	-0.14555632671559607
203.0794	229.6	0.4328261839637768	-0.8509746371988405
158.0691	230.0	0.10106585016650307	1.9357648223312351
197.0688	230.0	0.5146440105991392	-0.6938404271342374
219.0883	230.79	0.6475048448214662	0.4891898764029561
306.144	230.8	0.16890549935786855	-1.6902829802969666
159.0532	230.9	0.9582797287588811	0.05630101714710887
187.0475	231.161	0.4544544844876316	0.7995588049563043
174.0164	231.3	0.0014097491080722587	9.30220758924576
219.0743	231.3	0.09196371994401062	-2.058267467230718
117.0426	231.5	0.006157698776343522	6.421497128433536
127.0633	231.5	0.06774787086598552	2.801504314783141
174.0164	231.7	0.5088952344427992	-0.7031935455615592
322.1199	232.7	0.14296623773071446	1.746461621806672
212.0321	232.9	0.946292497905441	0.07029192104946531
483.1502	233.1	0.3574998667071843	-1.0127741571574196
181.0739	233.2	0.4188418690630577	0.8692657894659531
149.0688	233.3	0.28738520600664247	1.2109803654100542
202.059	233.6	0.08694650594404749	-2.210762988616579
166.0477	234.2	0.21232239361564176	-1.5441533967875394
145.0375	234.6	0.00940684656896241	5.897084022025825
88.016	235.5	0.13177086942464053	-1.9570280442084342
151.0628	235.627	0.6864313954855492	0.4438749048044172
134.0215	235.7	0.01241049826099003	-4.936732500157944
191.098	236.9	0.8231734585988346	0.23822624576611479
76.016	237.3	0.00033023163955625074	7.582253332818758
223.061	239.7	0.27154993340664424	-1.3098801056647291
146.0215	240.8	0.3397016153948521	-1.1106310912563941
90.0317	243.0	0.4830427913197009	0.7580319785620468
130.0266	243.6	0.006926863894308391	-6.187202798744061
206.0427	244.6	0.14076408546922278	-1.8549739609355362
189.0637	244.7	0.358180405893325	1.0197097528500996
147.0532	245.08	0.004062104091796919	6.887401149650517
147.0532	245.3	0.00362944260074268	7.151298240001457
157.0375	245.3	0.5185065075129986	-0.6899647475472367
192.027	245.9	0.8662951996590068	0.18293542364664728
129.0426	246.0	0.4153804319476816	0.8755215665288162
159.0895	247.8	0.3951253038720545	0.923519791192617
183.0532	248.3	0.0009985262576073784	8.101867565562415
217.0586	249.7	2.3195558121844765e-05	-11.940941986312945
173.0688	251.1	0.4280735480549555	0.8885229115690938
139.0269	251.5	0.19661587598143784	1.5645487070938227
90.0317	252.6	0.6929528507061473	0.43194904835282766
113.0477	252.7	0.025101424295898078	3.194906983839432
163.0845	254.7	0.014240938394188359	4.163238860961051
268.1059	256.1	0.6854823378878834	0.4269718125947814
258.0852	256.3	0.30100428554924125	1.1349489044252068
198.0528	256.7	0.8115314155465754	0.2554184566707226
143.0219	256.8	0.8418299830990774	0.20839195454385853
145.0375	257.0	0.0657129852418489	-2.254006906064316
189.0637	257.9	0.5469130291107678	-0.6464223429873587
172.0484	258.3	0.20366904795188656	-1.6090392235472437
192.027	258.9	0.021429177262159437	-3.3108754454837586
216.0746	258.9	0.017252413660385695	-4.614600779883558
300.0845	259.1	0.29961205125561946	-1.1779925523329922
248.0797	259.4	0.14127543336793907	-1.8043712940553738
344.0743	259.9	0.7040949794740735	0.40245803907433103
195.0532	260.3	0.14318559652895033	-1.9040872416392793
212.0321	260.9	0.10765849402309101	-2.1841496870617347
160.0372	261.5	0.5056326238886756	-0.7500371475445597
146.0691	261.6	0.7630859674259564	0.3211689430535835
134.0328	261.7	0.4056142782606464	-0.9147238417280166
132.0423	261.8	0.49726206378264604	0.7305577220390259
171.0895	262.5	0.5446955851869204	-0.64456599805461
131.0582	263.2	0.0663446961830533	2.8149192249112964
104.011	263.5	0.2001218811451189	-1.4842039521187627
131.0219	263.9	0.029925228780526055	3.6704385533533843
143.0575	266.138	0.013102945050874715	3.706831103514404
134.0579	266.6	0.018461649246910457	-3.2429434640118817
199.0845	266.8	0.07578476537126345	-2.6529038960302067
103.0261	267.305	0.005469219940468765	5.433654825921999
226.0477	267.7	0.12822879055581496	-2.03136062969083
180.0423	268.2	0.8435967836753845	0.20974579443168517
170.0215	268.5	0.04589843443190804	-3.0240051677523088
104.0473	270.9	0.05503089675539765	-3.0077416532041554
206.0427	271.2	0.2535004447295781	-1.4042388500205176
104.0222	272.2	0.11828004840682867	-2.05399765940918
270.0729	272.8	0.07975474827044926	-2.5719763729907354
147.0895	272.8	0.003541696350291013	6.312006699254098
171.0532	272.9	0.39374396931466943	0.9191219022332436
162.0528	273.5	0.41457197629462533	0.8986075855145766
206.0427	275.6	0.28945566213532337	-1.283399737963219
201.1001	275.7	0.06514231093806973	2.835005326824538
159.0524	276.752	0.23518422458770574	-1.4158033008960564
132.0059	276.9	0.08428202025077508	-2.5386064373853707
378.1274	277.0	0.7343482180906372	0.35763230345056646
187.0845	277.1	0.7594616369504705	-0.32067900400955685
143.0575	278.111	0.02501929925165728	3.192649053782396
198.0528	278.5	0.2560790989112961	-1.3884156701273387
130.0266	279.1	0.19558740486807186	-1.6434173768287819
131.0582	280.8	0.7645977623422401	-0.3160365742756589
148.0372	281.2	0.0028627093173816515	-5.484054584345365
88.0156	282.434	0.31224644659624134	1.1031355228806645
87.032	282.9	0.060007082491513576	2.8587890263572646
104.0473	284.2	0.004795099680538656	-4.662988538050786
102.0317	284.9	0.040913295387336374	-2.602501536099555
268.0551	285.9	0.5939061515255042	0.5708685084434265
292.1019	286.0	0.3286103937807378	1.1244461551119656
130.0266	286.6	0.15041194960343932	-1.7645601195039269
143.0575	287.697	6.58486572055438e-05	11.367291868184962
146.0579	288.3	0.16790871208821626	-1.5775378278918344
165.0457	291.545	0.06598198681997938	-2.2545167895428198
294.0852	291.6	0.3799370295687576	1.0066690398807805
104.0473	293.9	0.5299482504069727	0.7028393350156484
234.0852	294.5	0.25222134511226335	1.3147290845189872
173.0688	296.8	2.001245957541218e-05	-13.211168295124502
778.3466	298.7	0.05870848667775474	-2.948218511831773
119.0582	302.0	0.7159604469043919	0.3827956215114209
87.032	303.0	0.01731908646998902	-3.300451655795172
60.0211	306.2	0.17518894680038413	-1.6893771221588758
147.0532	309.1	0.0026361437763084052	-9.226412369932719
88.016	310.0	0.8587237237555828	-0.18716812529323604
130.0266	316.5	0.8394506850542558	-0.21381301230539546
118.063	317.3	0.0093762985072526	3.7620701600196065
123.032	319.1	0.006846813352604171	-6.2306467106167664
116.0473	319.8	0.6805567698369952	0.4520332158956628
130.0266	319.9	0.023264556434611984	3.1222485469281387
146.0579	323.3	0.20809622120437563	-1.595075489894417
244.1055	323.344	0.03041836603835227	-3.1359017239296176
229.0586	323.9	0.5019785129279508	0.7200371153647261
163.0481	327.8	0.013682352753952815	3.4762134850654127
129.0426	329.5	0.08324895518084711	-2.230688519848925
84.0211	332.5	0.17066865301298337	-1.7654169134956281
145.0739	333.258	0.005063982507959318	7.361180836952745
223.0481	333.6	0.2440411426715105	1.291791208220196
138.0429	333.7	0.6498333054090598	0.4834297322843216
249.0601	334.706	0.3515380363626997	-1.010330044119005
229.0586	335.1	0.015847008346042427	-3.4334814953837425
175.0481	340.2	0.002214597455928637	-5.149378033268512
625.3033	340.6	2.507045896863449e-05	-11.57247607568833
177.0637	340.8	0.006382924625191859	-4.369047858587622
145.1103	340.9	0.0005568196880932663	-7.854707039513057
588.2948	345.3	0.7132430522935636	-0.3855413062859128
73.5253	346.853	0.0012593207787679843	-8.685461790620321
153.0426	347.1	0.2989300733526769	1.1641528319661583
132.0423	347.8	0.004770994670085683	-5.086762398523163
132.0418	347.951	0.002115702306155518	-5.874309671977343
179.0582	351.8	0.021179446588646997	4.444406972268855
160.0736	352.4	0.1371652213724611	-1.71573219539456
180.0423	353.8	0.18654434895937183	-1.5400108541015154
148.0008	354.4	0.10347598121846847	-2.1270337747884236
102.0317	354.5	0.8847058412615014	0.1537497332612804
131.0219	357.2	0.40350039356255274	-0.9193095793310293
564.2279	358.0	0.40622270730703586	-0.9134695920222479
72.0211	360.2	0.0625376365814337	2.7475973982953015
176.0321	361.8	0.45714727351138384	0.8478913121279605
237.0637	361.8	4.267209260205996e-05	11.55767424698348
74.0368	362.4	0.8750644435615024	0.17018715381809335
261.1209	370.239	0.15844976609938216	-1.7442216497523724
153.0426	370.6	0.8334185138361518	0.21967481312543113
172.0733	370.864	0.0988987470146759	-2.1205716660496177
252.0602	373.9	0.0032734627440321224	-4.72388669625948
191.0419	376.387	0.005171782811996289	-4.296954101403287
153.0426	376.6	0.3394406457786294	1.0669760342157073
132.0059	377.7	0.39331295912387215	0.9857620677447705
496.2607	377.8	0.12317341331166229	-2.104881103574491
138.0317	379.7	0.016466301479432198	3.4128059993468236
278.075	379.7	0.027359739221885972	3.6071905809845686
226.0954	381.2	0.5415398356710753	0.6551812099124529
368.2199	383.0	0.03865367612690343	-3.2520634044801087
161.0343	383.251	0.36928682471196855	-0.9875839029195107
137.0469	383.392	0.3989390239984255	0.9749362377090499
161.0324	383.4	0.0014707129572247655	-5.831535732145127
166.0266	390.9	0.14377617702024229	1.834502339441836
86.0368	391.1	0.2381378691975444	1.4140326605886155
205.0572	397.684	0.14431749764055105	-1.8946331213195409
161.0336	398.715	0.2793955545877307	1.1971573699310445
134.0215	400.5	0.9990326223667555	0.0012881992876178528
166.0266	401.0	0.16397254154925273	1.6400456980131677
151.0633	405.9	0.9394966926353561	-0.08035216296907662
164.0473	407.0	0.07008672949702979	2.418293583633217
187.0481	407.9	0.04641623111127359	-2.80445316456439
187.0464	411.959	0.06520680915336552	-2.6268948529139267
584.2635	416.3	0.06734885846104155	2.4035998685602724
88.0524	418.3	0.3939757773450116	-0.9239443774519808
176.0321	422.6	0.2873049108316364	1.2841809136597082
146.069	440.554	0.11952681912417895	1.8394528115351267
116.0473	440.7	0.5127026196473667	0.7011627170195548
165.0431	442.268	0.4663868289621742	0.7917563016003348
162.0528	442.3	0.52048476677956	0.7069720109970998
206.0427	442.8	0.06887239352710452	-2.231576984939539
279.0742	444.605	0.9123980700979686	-0.11629573691189017
155.0695	444.8	0.9474987139841717	0.06866359608327281
118.0266	454.2	0.001766224014869042	-7.39854422261164
264.1031	458.1	0.5224044139500429	-0.6792728927697963
122.0368	464.2	0.5098389574709197	0.7288199381244866
150.0681	473.6	0.9283869841905155	0.09437569364789104
209.0244	476.4	0.01854914158132354	3.5395015828914893
114.0681	480.7	0.0022520585745151507	-5.300744984694795
130.063	482.5	0.40789591702253053	0.8899639387657098
144.0423	483.6	0.3241665738799788	-1.1466470122106127
138.0317	484.0	0.49513988032699996	0.7266673599388218
116.011	484.9	0.04065152594162266	-2.728617240376357
144.0423	489.2	0.9170308060124904	0.10865429564405933
114.0681	489.9	0.01864191550689363	-4.066964155399877
328.225	490.9	0.017560292470435078	-4.756571367695313
251.078	490.933	0.032249346869254555	3.4246704226659457
136.0524	499.3	0.6435288545864184	-0.492225819738605
481.2312	499.3	0.06969376343935536	-2.7113089923824027
186.1256	507.9	0.831424075071671	0.22942167723112028
186.1256	510.0	0.1593268279176381	1.7689674068622478
222.0528	511.4	0.40646323173320276	-0.912959430577946
210.1256	512.5	0.004805571459392288	-7.32942894453247
160.0736	512.6	0.4061115126431636	-0.9136579805547542
172.0735	523.556	0.1317998072212494	-2.0545239600184955
332.1624	531.0	0.3958797590326631	-0.9536842453986184
362.1729	531.9	0.652538861923178	-0.48746602268970063
323.2098	531.987	6.6731777444906104e-06	-15.857214732834482
200.0321	532.8	0.0025305740433373843	8.251091452556079
336.2301	533.8	0.02098887581159004	-4.214673524081394
226.0477	533.9	0.0005462601677058085	-7.064883204990342
264.1362	535.2	0.1590710955373048	-1.841944803265975
163.0633	537.9	0.10199766790653865	-1.9643371786591624
216.1725	538.8	0.0005183042289187039	-6.769516392657011
174.0892	539.2	0.11052137853002321	1.9715296973104643
144.0423	549.8	0.5006425692158385	0.7563784660381501
212.1412	553.1	0.40783287377738314	-0.909979022500623
165.079	569.8	5.114308070878419e-06	15.976923130175669
137.0477	577.0	0.23932457182797173	-1.341627806592184
334.2144	580.5	0.11419498551939253	-2.0013661424616638
258.1831	580.6	0.16542514471905825	1.8171069366962123
490.2203	582.5	0.9232866432019831	0.1016902845612
166.0994	582.9	0.05194929847649386	-3.040401455864946
332.1624	583.1	0.917323075648278	0.10908582586889512
294.2195	589.7	0.00449512211500487	-5.7905371160746615
144.115	590.6	0.2685554377128211	-1.265406467140814
367.2181	590.7	0.467645992276969	-0.7784852644731021
334.2144	590.9	0.007579898088970904	-5.144586200199843
178.0985	593.897	0.34136548275019957	1.1063868846817368
330.1467	594.9	0.6181074255200996	0.5517967875784511
294.2195	602.5	0.15868146782943057	-1.7867107776397062
334.2144	603.0	0.49942398631800233	-0.7452700703514041
313.2611	603.399	0.2793909357221476	-1.3161679786415703
312.2301	604.0	0.060486845274910356	2.892720197839897
144.115	605.1	0.1674053521239434	1.8069458308756468
316.1675	605.1	0.6508560022460821	0.4760873315204673
336.2301	607.5	0.5284389584498445	-0.6768892699382373
218.0977	608.3	0.003104894064740444	-8.051848412254325
332.1988	610.4	0.021347589156691875	-3.4228565734259915
310.2144	610.5	0.025120934103074238	-3.3026326632000536
296.2351	611.1	0.71836759171636	0.3784694395563577
336.2301	616.0	0.9495538167417131	-0.0659673206139801
296.2351	617.3	0.6523640603016978	-0.4947312092930039
250.1569	626.4	0.767860985211555	-0.3132196768824024
310.2144	627.5	0.075841903760537	-2.1929876319563255
312.2301	634.1	0.8463772134595284	-0.20908515967812127
334.2144	634.2	0.789001599873689	0.28110926335768593
292.2038	638.5	0.18350552609351845	1.6545745945516455
312.2301	641.3	0.11932795586002834	2.0263008554408595
338.2457	645.6	0.022913990942293256	-3.463893098510761
316.2614	647.9	0.7177173775050787	0.3791137973838277
172.1463	655.0	0.3394807470612032	1.0962980843867831
292.2038	660.4	0.29988427940767076	-1.1645543775766518
272.2351	663.8	0.3452972534033246	-1.0614961264770444
172.1463	668.0	0.6756733609186871	0.457717107496596
332.1988	669.9	0.03957957030281519	-2.6214585504718917
318.2195	672.1	0.8207842123611168	-0.23685350971062374
278.2246	672.2	0.7902594757326223	-0.278115203285154
270.2195	680.0	0.8435040307754765	-0.20891788306373182
294.2195	686.0	0.8748975800057254	-0.16432559489665202
316.2038	691.7	0.29617361449760693	1.2481786859897133
298.2508	699.2	0.10430952209133551	-1.91313914916196
320.2351	703.2	0.03741556823796424	-2.9905350123149437
296.2351	705.7	0.06888887192882506	-2.616474956179801
292.2038	712.8	0.15851653479884514	-1.6283033458276723
318.2195	716.2	0.6310751743899582	-0.5164803368795245
292.2038	726.8	0.9619446069052557	0.050519207906449884
200.1776	727.5	0.2978680905784542	1.2178927821306227
250.1569	728.3	0.8809555417576421	-0.15952088070572643
320.2351	729.0	0.521880505477189	0.6946447997461612
276.2089	738.7	9.98408369175122e-05	9.08685364088746
292.2038	740.1	0.001572950400579331	6.061120853655175
341.2927	752.153	0.015595458838498333	-3.578448555284873
327.2764	757.984	0.13518782430531406	1.7458496922928095
320.2351	760.4	0.40646350566205364	-0.9129525352327016
278.2246	760.5	0.2574579642678929	1.3727773987730545
302.2246	783.3	0.3877290441556759	0.9862131228294541
254.2246	784.1	0.13387337211854813	2.0189057519058142
302.2246	787.6	0.09891248977470825	1.9510976480946784
280.2402	791.6	0.643142708501256	0.49756096348596096
264.2089	795.1	0.022780347796323732	4.018687875307718
280.2402	796.2	0.8137395228805911	0.25002415326195887
304.2402	819.4	0.0063509082587611615	4.179721027533829
306.2559	861.7	0.22448012173598722	1.3606058233741776
256.2402	866.2	0.05575607543145397	2.601522331224829
356.329	920.1	0.40659952464766747	-0.9126232265712372
284.2715	952.3	0.42925916838800493	0.8851404429086548
