m/z	retention_time	p_value	t_score
247.0252	307.728	0.007558031682417065	-4.348572177248347
384.1214	368.504	0.07881107628949062	2.2053666614166105
384.1286	427.875	0.25220169133561493	1.5205805060746584
147.0527	220.128	0.4095715967184935	0.9236797056326193
118.0267	237.245	0.13181203240684283	2.0555710194663415
118.0266	243.828	0.14416920186890925	1.9772259185603054
176.0317	321.949	0.008241387754695764	-5.541303340177299
176.0314	291.779	2.2734203073943152e-05	-15.31524795136
149.0505	354.097	0.7166981931697018	0.38714880467281715
204.0898	366.692	0.6522675699719735	-0.48114488338718353
89.0476	267.097	0.1254858364752077	1.934249333575711
116.0101	407.228	0.48730621951424713	-0.8366672286219414
116.0106	396.899	0.5943673274144513	-0.6264352208201388
88.1004	561.866	0.2618306952195486	-1.3264805004633629
88.1	525.708	0.2833417198561065	-1.3218434809755653
363.056	372.889	0.12179979671221706	-1.8687392055267706
135.0541	349.355	0.6899024822677369	0.42675492930915637
134.0219	402.531	0.33884980521708546	-1.2268716707556249
132.0534	185.46	0.09584915272612807	2.5908378868647817
74.0364	361.279	0.01952351066886072	-3.77671203237951
297.0887	271.05	0.5121289058792257	0.763677999422949
130.1216	233.356	0.9120344413361585	0.11902357574838857
117.0791	325.935	0.4324106821127098	-0.8750353194634227
119.0583	180.515	0.53492811779319	-0.6830133042233177
119.0582	207.274	0.04726730017213586	-2.779750834191209
244.0697	472.973	0.010875807734956795	4.424978941001392
488.1075	170.006	0.13474203850871183	-1.7826356859229504
192.0259	390.072	0.40337779172437377	1.0270445478035017
267.0961	477.661	0.27350342939063593	1.4085544941408747
102.0313	305.941	0.22842551061111738	1.4608507226093776
347.0621	197.474	0.0031421680916132694	-6.4800816324236
129.0793	380.95	0.4000083894728649	1.016183544649406
129.0786	399.66	0.01176074522539786	4.505662263165542
117.0785	292.978	0.003481425146564064	8.79607009119959
131.1055	247.956	0.6609765880400851	-0.47654248253221737
276.1324	215.112	0.016362705840805822	-3.634445531188513
174.0528	228.465	0.7147007715646096	-0.4048344139737535
87.0675	346.36	0.5041234755020959	0.7459163215897083
251.1008	325.559	0.9568310497968698	0.05750057573048166
189.0628	412.503	0.26266933021705485	1.2904250288616523
154.0278	464.819	0.2554972430329252	1.558333028783032
220.0853	497.195	0.2756568810216417	1.3679808857582625
300.2057	759.595	0.006213162384434277	4.54075006073667
138.0321	483.492	0.7027705881334272	-0.40500250967338325
117.9865	451.46	0.4671250086960594	0.8605181031962087
345.0486	258.598	0.5318192960634515	0.6986865626723404
165.0434	462.28	0.15847966165455352	1.9374956707547804
116.0956	285.437	0.3993816130042619	0.9564642220335402
146.105	492.951	0.10009718974229181	2.7711215832568072
62.0004	243.814	0.7224417832938075	-0.3775896327617622
116.011	306.607	0.006833190522399278	4.496115757081843
194.0583	494.809	0.2933983824325936	1.3134491777585608
158.1302	644.843	0.678496345591316	-0.4398757414323511
117.079	367.117	0.30044653694549	-1.1800655433726444
129.0429	324.487	0.3580219779183443	1.0132040791356483
129.0426	314.245	0.14974588820655496	1.7979005247482451
188.127	383.617	0.18869073720097104	-1.6847141380072013
131.0949	407.601	0.9050696787937726	0.12546003726970859
188.1162	359.069	0.48789728665693	0.7906225036486365
175.0633	501.725	0.6215848007804855	0.5657684485286886
109.0526	426.664	0.03221421096369376	3.561325990572981
189.111	216.805	0.4667769979744816	-0.7875371634206512
176.0685	493.268	0.16716257136470952	-1.623991814548511
148.0373	428.816	0.25377275459104676	-1.5124366014160473
129.0899	238.278	0.025854122391051452	5.389350640001611
236.0797	332.279	0.09308245097568282	-2.1449324244750874
130.1114	345.929	0.6077495682262087	-0.5953394317211546
160.1201	525.72	0.827356881218958	-0.2369856516837175
101.0484	335.117	0.14849292616655954	-1.7742556806711016
229.0354	154.747	0.1284945014023261	2.0666339875925765
75.0683	255.08	0.009935605226496341	-4.647432151741405
169.0363	418.712	0.051267486820699086	-2.934842445316062
278.1512	664.021	0.0575121974290789	-2.619922858528925
104.0585	443.444	0.21668292007660025	1.5315688514456738
131.0574	257.622	0.12831140674702235	2.47903927426342
113.0475	328.966	0.7174932815943551	0.3971897592729458
147.0533	330.532	0.11203804865288282	2.088422324166994
498.1185	423.185	0.18501972701671623	-1.8305727520868715
188.1276	199.745	0.206380846078745	1.6026215671190511
132.0897	443.48	0.6623287604483926	-0.4781298635362952
145.0733	236.638	0.041576029483187955	4.557645168968669
127.0629	328.346	0.7109725962791907	-0.39297325140937844
212.0311	229.126	0.03226761754544417	-4.952234771032961
149.0458	428.543	0.04528339177693204	3.117187738776711
191.0592	464.338	0.06980242083054125	-2.301880008189454
191.0624	434.554	0.41592145575512146	0.9493804939989414
243.0846	197.246	0.0326644370027141	4.276511567000989
128.0584	264.006	0.21373132296724737	1.6720822731638059
111.0315	383.065	0.4302694277416461	0.9592385056862601
334.2129	580.061	0.5513280018165875	0.671070300237974
87.0503	514.098	0.010241291646601005	8.252144850443752
334.213	601.84	0.27901783432287547	-1.283793203443796
148.0373	270.623	0.61215331106891	-0.5915788978571419
148.037	259.946	0.6084708156056857	-0.5981653099736708
272.0903	352.131	0.9162216402727223	-0.1109471286693236
142.0739	361.137	0.07454957492797706	3.0695501194802377
142.0745	287.186	0.9022776200466984	0.12926982474480456
228.21	747.27	0.24499900873622005	-1.5925916549201409
160.0844	210.68	0.31052833546844577	-1.1343842518746214
267.0951	173.154	0.2782833992572695	-1.250330520092829
267.0957	209.554	0.018824261498935724	3.5802218813385487
312.2303	531.665	0.04432183242630711	3.9129849853096723
101.1206	552.538	0.6421686995214058	0.5335386569583069
316.2006	665.147	0.20217001262004936	-1.4675600670401774
162.0352	463.355	0.1671009361746582	-1.6546179117146764
198.0533	464.808	0.44313240995349995	0.9479301305402814
278.1631	453.27	0.9447407379193444	-0.07373669246484872
126.0313	505.375	0.09834186635143838	2.150101549401439
147.0528	264.236	0.0028637604817701823	-5.476956538087127
193.0402	288.389	0.08745301185795772	-2.25190034633971
332.056	297.763	0.13776013403472528	-1.9500482109675494
166.026	362.039	0.0096151515321169	4.520523018421336
73.0893	491.772	0.09479210055538966	-2.181681060339297
294.2199	687.517	0.04607353454300169	3.7870457846782477
314.2458	591.852	0.014063171619622233	4.66714937277894
314.2453	615.341	0.3006469888596807	-1.2398531287475973
312.2307	680.638	0.3846681898220122	1.0992053604400598
330.2403	514.1	0.4490591725263153	0.8212758054216421
175.0479	318.294	0.033110279529447936	-2.9447505533371707
240.0091	296.401	0.05153916269859839	-2.6663665607467117
240.0088	248.944	0.37892428796178473	-1.0286360564966068
240.0105	315.305	0.7246189045816234	-0.3820690600899238
240.0088	514.043	0.7834908428453847	0.2983807701833375
240.0085	260.414	0.7447466427574777	0.36761810671579465
146.0583	287.416	0.9526251142506329	0.06319552950777013
292.2037	637.688	0.07811455009344322	-2.4267941829735657
294.2199	614.682	0.02524076548084597	3.46223005112589
264.2095	743.435	0.21932046684906917	-1.4354474685445173
183.0649	546.375	0.05089352870000351	-2.561903181091275
199.0596	492.45	0.03133885363497023	-3.0492140198846904
168.1141	617.026	0.5079044971746595	-0.7834452533055704
242.2241	788.308	0.7022135312573432	-0.4050250805356595
263.115	265.311	0.08964298472228525	2.6781561445366773
146.0691	194.544	0.08550061958850484	2.986794015663137
252.0629	372.701	0.5280822719476311	0.7441675388560841
170.1306	645.841	0.21174725015793575	-1.660838816001346
296.236	659.36	0.12357715797593372	-2.109121221113235
312.2262	599.016	0.2919720886204911	1.3267287078829526
312.2293	632.764	0.38075318893397975	-0.9982683969692434
133.0371	255.457	0.13593571846137997	-1.9989055945107383
87.032	362.361	0.10803853316309747	2.649681090089838
160.037	350.468	0.1731783057065081	1.985784170361569
173.0686	250.964	0.6605447384068988	-0.47240912074321295
180.0636	416.177	0.06198395913025941	2.4881019694782127
180.0642	388.88	0.20105634806796663	1.7064423635502166
180.0639	401.395	0.13641314262173287	2.350652938929587
180.063	240.714	0.9375735816821129	-0.08717106534482266
180.0642	416.97	0.14109896239901015	2.2580705648044703
180.0644	261.946	0.5413533374624436	0.7089264667637211
113.0472	375.723	0.15054719583339862	1.7313204978833032
100.0523	440.466	0.4176112479083139	-0.8839666828988748
280.1055	219.612	0.476316640866685	0.8150362897050273
172.0844	270.426	0.06983680981201824	3.5339370246825554
147.0532	311.418	0.15593678396785401	2.105833116015023
175.096	289.241	0.19828612936061987	-1.7612469954159604
228.1473	379.45	0.05209905265182559	-3.1017348273775163
262.1317	404.522	0.7655029531171555	-0.3166950713841966
172.0844	288.056	0.17563722062075568	1.6944531398655343
262.1299	439.87	0.6855519306818159	0.42947598000213527
212.1162	324.223	0.042795380882448705	3.561175975980508
160.0846	249.203	0.22030473878976778	1.4004686145058296
217.1431	451.459	0.9471523105612083	0.06976142477782224
186.1001	294.329	0.05551971504543556	2.5773674896673913
188.1167	320.387	0.9697318078466257	-0.040464709019412494
246.1011	453.706	0.6203363793884555	-0.5390116066853936
279.1199	289.392	0.15780770509147254	1.9552252458591421
295.1157	483.684	0.36016733789023164	1.1203064911952867
262.0783	201.873	0.8321283529249917	0.2251824706714945
246.1213	328.732	0.1533164283942289	-1.6904025111540069
296.1014	499.58	0.1602810388115719	1.7934417084181957
566.1461	340.553	0.8239823526872703	-0.23713903562983762
217.1062	201.98	0.18059144149114106	1.5667313241711134
275.1107	182.191	0.9999999999999993	8.690385959969469e-16
203.0908	187.229	0.19025578721020434	1.528647396836601
274.1646	393.375	0.06810962447341647	2.639066579884073
247.117	172.858	0.5013379082536381	0.8134264431097556
276.0951	197.392	0.39562914647119524	0.9288017820776551
260.1371	319.847	0.3840863697473967	0.9555419172062739
234.0846	190.048	0.02994010373561977	3.186459463108727
246.1209	266.449	0.017735097643890564	3.5960523201001138
203.127	442.529	0.5112144690886731	0.7377257848053825
222.1016	331.209	0.4994147332469746	0.7917031698349174
162.0657	202.337	0.9154274586596971	0.11622041810843874
176.0805	222.875	0.27585319773970396	1.3876383072019614
226.1066	467.957	0.772048783874771	0.31190779320913825
284.1115	434.892	0.49033488528650665	0.8239198104179601
252.1204	503.684	0.9176407731821867	0.1104395451351248
242.101	430.596	0.533040116552425	0.6737077951076166
256.1171	445.093	0.6679118174454938	0.46817097326032214
244.1785	451.214	0.672742806329686	-0.4482353299727849
232.142	308.406	0.5914198848610173	0.5904940375058608
246.121	296.154	0.007449340340389758	5.783577475073732
244.1785	445.065	0.6479520129032181	-0.48534865791644155
218.1268	290.52	0.5604444106603568	-0.638243866387681
217.1428	445.77	0.9711802110283542	-0.03799719330333322
203.1271	433.201	0.331288656767731	1.1598880538105725
259.1898	518.802	0.4978189551144439	-0.7375762275922064
243.1587	467.84	0.11679593570463724	2.2611891486115283
245.174	488.298	0.4986829673335975	-0.747519961385488
220.0853	307.526	0.046069250849999015	2.8570745327961373
278.163	462.606	0.9355646490135852	-0.08554706903044751
266.1258	323.779	0.27752539301513757	1.433714723296353
186.1001	310.003	0.3783378581478409	0.9744094162391721
271.1646	392.553	0.43021034322273816	0.9760284454858782
229.1056	230.502	0.022928876913088515	5.126351107957839
230.0913	263.123	0.1294160428251517	1.9124473211517872
244.1056	272.538	0.2315905678619931	1.3885679146489072
252.121	518.224	0.015009013938207602	4.1153238828530965
243.1591	485.581	0.20028742699135121	1.574791024735583
246.1043	379.444	0.7129394194613476	0.39621227663470926
202.0944	258.482	0.059221790301493445	2.432180903629409
216.1106	262.377	0.6587964578367391	-0.46952129650570495
214.1319	382.805	0.7373607442527008	-0.3587257671161938
176.0787	217.029	0.28866103393246245	1.3139216127540843
242.0997	447.287	0.3024095785160922	1.2733432372829743
233.1369	416.749	0.3734432652512789	1.0509370098404391
236.0793	245.4	0.0004705925371216026	22.172145013790537
233.101	184.447	0.25740478335897093	1.4062585689502225
234.0849	196.734	0.11621325004658908	2.0912604337863923
232.1422	328.61	0.8461556623906602	0.20747772836088652
247.1537	431.156	0.44562463636180333	0.8707490075996729
250.0988	298.323	0.4346555611219939	0.8496686009628022
216.1105	258.699	0.23089945402533074	-1.3674335616379547
220.1063	212.793	0.9871923282956971	0.01687448297969449
317.1735	435.585	0.24349742440265945	1.412774313446241
268.107	500.043	0.699171501389525	-0.4140511804237743
204.1122	252.931	0.6514449208386541	0.4951089035549642
216.1475	371.468	0.5812943439718781	0.6015819074951928
116.0838	503.912	0.14027993871129965	-2.0493847079214746
146.0692	246.387	0.2911204673650138	1.2464193551373457
259.0457	148.0	0.45747283873111017	0.875782906680283
211.0358	149.6	0.04806897376554978	-2.643583208736865
199.0246	150.0	0.04749377414864739	-3.3877222623803407
153.0096	152.0	0.05669068583752695	-2.739855678939857
215.0559	155.0	0.10717090749885838	2.456148981380767
169.0045	156.0	0.1540023107474922	-1.8836566345336732
246.0959	162.033	0.18569744928704895	1.795514062720263
195.0743	163.0	0.14165434350261397	2.141979972304658
178.0412	163.4	0.9305552694381451	-0.09309816102763466
261.0307	164.3	0.559333038890355	0.6787188821732676
332.1332	164.9	0.32965025084984895	1.240865315477088
307.0838	165.4	0.2731131677673639	-1.2313653671077047
302.1701	166.215	0.9302251556897678	-0.09206431302757165
167.0255	167.021	0.5246433817961237	0.7413710518123633
274.1277	168.7	0.15944183084186142	1.676954918865315
323.0519	170.0	0.14999113939036815	-1.8304556527068663
238.0627	170.401	0.8067194050263242	-0.25810761067052546
283.0917	173.4	0.03952797923047374	3.2223814975226577
380.0733	177.1	0.7396559406463135	-0.3798503894598534
335.0631	181.8	0.4981854493416163	-0.7532833899584571
162.064	183.219	0.0753471475682383	-2.245520780630211
231.1349	183.34	0.413208350567743	0.9824270855859749
275.1593	184.118	0.042540960557917104	2.9811788157678674
173.08	184.3	0.03570428341325843	3.151164370450185
284.0773	187.1	0.13780126773215456	2.3053668408354913
163.0481	188.0	0.08229939414603489	-2.52348531596926
174.1117	189.0	0.08602182046179599	2.5024574238296315
190.0954	192.9	0.16009760704846612	-1.66919957945636
151.0303	196.2	0.20018599213128282	-1.6324121143343129
177.0637	196.3	0.452871386020438	0.8136774255319121
87.032	196.5	0.15399465346981925	-1.8475317929243091
727.208	196.8	0.07476192059653368	2.363538366541201
347.0631	197.1	0.007734986740067996	-5.979127216646761
276.0958	197.3	0.006861973227660276	4.50392113965935
163.0593	198.3	0.07750630700250488	2.3388306732869606
204.111	199.8	0.36859688550215375	-0.9878365939452962
188.079	199.851	0.17186110773333038	-1.6148548653457084
146.0691	200.0	0.05692731383774534	3.7774722574748165
175.0957	200.7	0.5827415622326864	0.6287529514643978
267.0968	209.6	0.04969719076047217	2.642860585946935
105.0426	211.2	0.6600292926121649	0.4684415065945438
165.046	212.0	0.08892948709523917	-2.4246358382524344
234.0852	212.4	0.9345255829961826	0.08647729433083873
190.0954	212.5	0.25958130510339095	-1.3759511401915219
232.1059	216.3	0.928914742270981	0.09618170451259736
147.0532	220.1	0.4840937204398622	0.7572082986213589
218.0903	220.3	0.07571568836264474	2.9983005791549284
133.0375	220.7	0.2793313408722915	1.2225362169724894
289.1274	222.1	0.04554664732522449	3.5438529682864823
131.0582	224.6	0.07391202816500858	-2.25851637012151
147.0532	229.8	0.5623504933335213	-0.6497345295881392
427.0294	230.7	0.4163039662090841	-0.8979041114379466
287.1107	231.462	0.0585770263461848	2.920027641506422
271.1646	236.148	0.09098098483223188	2.104007591880403
245.1747	236.459	0.8862016263356834	-0.15291541162980796
119.0582	238.3	0.4819466262284549	0.7855546656468989
141.0426	238.3	0.7172624253842796	0.3879119618709127
161.0688	239.3	0.15096737750849187	1.701664092926385
188.1161	239.3	0.24924067194559274	-1.5681733300182767
114.0429	239.7	0.1214364374068553	2.5966684817292096
147.0905	239.877	0.2654279178532177	-1.2562226499814815
133.0739	240.115	0.7132528487812597	-0.39257749902221994
61.0528	242.2	0.056498781175096685	2.473349703135704
377.1335	242.3	0.0373910659632238	2.8224577575185967
144.1375	243.289	0.11452672713158583	-1.952768571826808
229.1058	243.379	0.02318037810197649	5.499982347559074
174.1004	243.9	0.04907392233413019	-3.012979072738071
197.0688	244.8	0.24733150358576653	-1.4282602193836675
199.0957	244.9	0.5982360946229865	0.6110523129299157
243.1217	245.545	0.13145932319421502	1.8667065724170313
237.0862	245.6	0.36863780050581363	1.0986347810041317
105.079	246.4	0.8264076142999478	-0.2312271745380588
346.09	246.5	0.0954443051844153	2.227580927626478
427.0294	247.0	0.1853613284463968	-1.7097698173516926
363.058	247.7	0.35065569798005336	-1.063207923779018
160.0848	249.3	0.2350786854547652	1.3568184047983316
433.1362	250.2	0.9797804186324077	-0.027098885190800445
119.0582	250.8	0.2434045396968368	1.528055172996202
204.111	253.3	0.7120124083682131	0.40853394722458364
103.0633	255.4	0.7825142504312737	-0.30389335474579143
131.0582	257.6	0.16511354724799468	2.131267338050919
119.0584	258.352	0.05063579775052607	-2.56026243567451
224.0797	258.5	0.1510335713024596	1.8372152454278559
232.1059	258.6	0.009661960899070718	4.72500391666695
174.1004	260.7	0.8588907831558257	0.18836224645120758
346.0863	260.756	0.1919172637312594	1.791886087449253
216.111	262.2	0.18709076703244623	-1.5291062733987237
434.2311	262.2	0.03699304497652686	-2.825459553983992
230.1265	268.759	0.10756344407820372	-1.9602598821035864
246.0861	269.362	0.615123781207158	-0.5887864565428905
147.0904	269.499	0.361458104466112	-1.0169697902548767
217.9885	270.4	0.3859759881848881	1.0045254976169988
174.0641	270.6	0.3632761359652875	1.156550350065512
180.0899	271.4	0.07740926889028592	3.0146454055857443
119.0582	271.7	0.5522173341368528	0.6386196391826662
132.0059	272.4	0.7595751467368442	-0.33424632130204496
266.0903	272.6	0.4377692531524449	0.8584351672899474
131.0582	274.3	0.6182946467040376	0.5446613463181422
89.0477	276.3	0.9953470792156867	-0.006168864387650829
259.1532	278.8	0.47131174306356466	-0.7871164695533703
127.0382	280.3	0.274076691238947	-1.3644662301000006
254.078	281.1	0.09933734983205557	2.338634211022505
117.0426	282.4	0.44140009895801435	0.9518805937768711
283.0913	283.135	0.05916201105324946	2.8368849790939947
158.0691	283.4	0.8590029616169632	0.18705493915076382
161.0688	283.8	0.02512752002037846	-5.227962132459672
244.1426	283.917	0.06885062351986213	2.4816477123313336
183.0532	284.0	0.034803542850017195	-4.890447189757273
119.0582	284.1	0.7434965308272201	-0.34818904183589516
300.0845	285.2	0.5557667920710976	0.6314897511974404
278.1271	285.718	0.8341929051816717	-0.22277687846727778
59.0371	286.3	0.532622622352655	-0.7072457622691445
200.1527	286.942	0.054249519420142896	2.718843183574885
155.0219	287.3	0.4696685865002064	-0.7964048468780753
110.0484	287.527	0.7981596212584643	-0.2813848113643089
193.0375	288.5	0.4698690648764857	-0.8057940379094612
252.1211	288.933	0.036136124026758906	4.719266673366674
194.044	289.1	0.9503548763689798	0.06545382695690713
114.0799	289.155	0.6446509050671769	-0.49117286093587376
218.1267	290.6	0.20077293837756818	-1.477346793136188
175.0837	291.551	0.03990724130497331	-2.8140999651977996
147.0532	292.4	0.4235655258388445	-0.9528679956715316
189.0637	293.0	0.19404239955771102	1.5002848535931244
328.1543	293.2	0.7819066855569989	0.299732287533873
243.1217	294.53	0.06823611779337413	2.9364967840810454
638.1119	294.6	0.7038320920789208	-0.4044350167100299
328.0794	294.7	0.06646550410048375	2.496267830216303
329.0747	295.2	0.8044911919643589	0.2705933734163437
188.0797	297.7	0.6773439100720688	0.4519119790941381
75.0684	298.4	0.009052121075333916	9.541989098836137
282.0344	299.5	0.27672948470606484	-1.2506290037446377
146.1055	300.3	0.023304297309776796	-4.3925837841046835
145.0739	301.7	0.24931543922946914	-1.5901394155737008
306.074	303.1	0.38221032821000617	-1.0029621502903077
252.1213	303.872	0.03796107482894455	4.690176335644027
101.0477	304.0	0.006661087549518848	-4.485750534607166
73.0528	305.8	0.7960385601782813	0.2784945157036424
145.0739	306.0	0.9330074537602169	0.09015193142365531
151.0494	306.2	0.10816429945824566	2.54438129232062
165.0426	306.3	0.021875785267893057	-4.015698693527805
360.1321	306.4	0.012860869373420644	-5.409546715129957
330.0951	306.8	0.34205276412409985	-1.0702581577641517
286.0735	306.877	0.02994815050345782	-3.295144601471044
446.0604	307.3	0.2821642619297608	-1.2763130016910968
221.0913	307.6	0.7695277826662777	0.3100708714821656
117.079	308.1	0.15312348195473535	2.2439823253299376
87.032	309.7	0.317556364742229	1.1394876779269902
245.1377	311.609	0.26100971699970005	1.40353459980769
226.0589	313.318	0.0013645212494987186	9.74872356215734
103.0633	315.6	0.0878233307142521	-2.3412467990670076
216.1103	315.81	0.058763603276142155	3.8262058168688027
89.0477	317.0	0.399755926970318	0.9386241161461759
230.1268	317.067	0.20810075790242336	-1.46363852962172
129.0426	318.0	0.16053988117325835	1.826526040827749
101.0476	320.194	0.002383430042251565	-5.692452840719547
314.0686	320.754	0.20429491946248712	-1.7492809468387316
136.0385	320.9	0.6281431114290112	0.5217090686932139
135.0354	321.1	0.6429608362348017	0.4949096029771764
244.1059	322.706	0.0002545272338452809	9.583828169331571
259.1528	323.789	0.24245087592959927	1.416076997261343
293.1384	324.546	0.9247157365006614	0.09942157953058608
87.0684	326.3	0.9265140965496126	-0.09744470053122646
259.1208	327.6	0.2301001081895433	-1.501915742000723
187.1689	327.776	0.7792191199637128	-0.2982951170983801
243.1567	329.378	0.034631075073052346	-4.935053609874817
153.0426	331.1	0.18645161289093037	-1.6615760629124896
222.1004	331.1	0.4899961104421788	0.8050380884615543
131.0582	331.4	0.17332389278320856	-1.735628980194399
232.0042	331.9	0.9407736904949926	0.08000646075615907
237.0862	332.4	0.176242354284824	-1.7567170567474484
115.0633	338.4	0.30354654727471914	1.1787681917512733
230.1267	341.371	0.03302190550411058	3.0444032040321347
206.0412	341.472	0.49753040775189	-0.7399029393851756
279.1206	342.566	0.16275480691340977	2.0946164504755727
562.2144	343.7	0.2238288276227216	-1.5285161927689088
260.1376	346.806	0.22977649655274013	-1.4064017876278285
101.0841	347.0	0.00017133906976798198	11.731293453585533
426.0879	347.7	0.015505411637134165	-4.534463077480961
125.0951	348.287	0.05340475826095756	-2.5728234595963375
198.1368	350.3	0.7454571648435722	0.3672939937339601
640.1428	351.3	0.3129123094484514	-1.2484491150139982
642.1432	351.4	0.8937172834357712	0.14406432868582042
70.0531	353.3	0.6274249617174803	0.5173322604080535
117.079	353.8	0.2836459624815019	-1.2031804593689954
234.0852	353.8	0.15100405389828864	-1.6948084076511147
139.0382	357.1	0.040997775760201714	2.7605308240928923
103.0638	357.806	0.13431988240707407	2.1447054956884077
73.0523	358.34	0.7640792938537038	0.3210435705566218
112.0273	358.5	0.020194413806248417	6.292789829917575
433.1129	360.5	0.015826943101134618	3.8296509452472276
302.0427	360.7	0.3464972453181277	-1.0693231771386087
214.1319	360.794	0.007973034632854283	5.125252730368699
266.1273	361.149	0.6008379991657941	-0.56039768800834
208.0848	362.0	0.31012254425632446	-1.2106310521757913
153.0426	362.1	0.03099497324868266	2.9777033117764096
246.1328	363.4	3.397679217493045e-05	14.630781882753206
188.116	366.038	0.43173563240755536	0.9053249485067593
304.1383	369.5	0.8760025184342699	-0.16586688520494888
210.1004	370.6	0.777253082569382	-0.3086020681308649
114.0317	371.2	0.18978853682885305	-1.6298060877807896
248.0562	372.5	0.7101373261273465	-0.3969397056510213
279.0968	373.1	0.1423884353442163	-2.2875122178619205
70.0531	373.2	0.2250503637975104	-1.5076815086092366
70.0531	373.9	0.31040106630317366	-1.2098903179425982
222.1004	374.9	0.29719276282479096	1.2590253835390173
300.0845	375.1	0.9839339656147977	0.021681392530140887
228.1107	375.207	0.10227233164362382	-2.2520104897584403
187.1208	376.1	0.2225899498920942	-1.5337484553966727
212.1161	376.849	0.2919940953180105	-1.194200304291665
230.1273	376.909	0.47882294302242684	0.82252494408738
195.0895	379.8	0.05501951825588229	4.053285757920733
300.0841	379.841	0.3191227793175047	-1.1891745410678276
337.1162	380.091	0.09669258292586051	-2.28376845528907
167.0582	380.6	0.7553780500595945	0.3408661673659694
151.0633	382.9	0.6706341293843139	0.4835915894963928
381.0686	384.3	0.643760512543791	-0.49175140241361964
186.1005	384.541	0.8119488733312188	-0.2706593001457642
126.0317	385.5	0.6710771262483634	-0.4527860007308626
231.1337	390.266	0.5647759438114396	0.6742213421264283
208.0736	390.5	0.6207741142291361	0.5375041217929344
190.0954	390.9	0.39354850488229326	-0.9535945267637811
593.1461	393.361	0.29874204127618204	1.3789141620404883
165.0426	393.4	0.36003603747761087	1.1741750764166812
594.1585	394.2	0.005978206692243439	5.270777055380221
73.0528	396.0	0.6472434666768228	-0.49492556806112076
123.0661	397.698	2.9704133710136634e-05	14.371368508233944
212.1162	398.97	0.06689720210169255	-2.341838666789747
151.0633	400.0	0.0274389359062915	3.6837514666543205
286.0477	400.2	0.9428855799892746	-0.07638067365244433
101.0841	400.353	0.00022832839978726948	13.589654546567356
142.0263	404.841	0.5149147748709619	0.7419502875659424
228.1469	405.602	0.15439447320367303	1.6883289735986038
396.0151	406.2	0.016251477627788048	6.392043016600618
326.0994	406.288	0.36137817923325394	-1.1461110102742589
131.0946	407.6	0.5698834066378156	0.6084688815222352
126.0317	409.3	0.04791396637195629	3.0065305043633037
275.1486	414.09	0.4733339615319079	0.8153345666070454
159.1259	418.8	0.7364406134106445	0.36796573659888454
240.0238	419.0	0.04901832863233469	-3.166979931428802
162.1004	419.2	0.17683099857828202	-1.7515600219432401
243.0855	419.2	0.5661935776711498	-0.630284348003272
340.0794	419.2	0.37839961129502586	1.023583324110469
480.0904	419.4	0.4403871692813953	-0.8379699091302675
281.1111	419.433	0.12584711798592665	-1.9766306480589555
255.9984	419.9	0.3240783404732203	1.2101183411632435
523.2054	420.1	0.14618560900971825	2.109292417955986
139.0746	420.4	0.4701556387565508	0.7965458675146808
259.1169	420.8	0.1129781323515614	-2.6491338315829913
277.1487	420.82	0.5361474715711667	0.7102300385295698
203.0903	422.138	0.13255853544024493	1.8212782759900472
228.1466	423.384	0.27302412642258833	1.2564359774739196
179.0946	423.5	0.06153860710104931	3.228572337366629
286.0477	425.4	0.1113777383916467	-1.9336977211377566
283.1281	425.4	0.1855335762705732	1.59957510536117
286.0477	425.6	0.31023734061641767	-1.210377167474396
126.0317	428.4	0.04467010525173902	2.8881846385590424
135.0694	428.631	0.04611749072018799	3.195917689296935
127.0633	429.743	0.06702274258113036	2.5604134085844326
168.0415	430.087	0.15286188585183633	1.8269038797954649
168.0423	430.1	0.15844984966088554	1.835841884207832
121.0528	430.7	0.9262853099528272	-0.10143285342687597
284.0768	433.078	0.33971842724306633	1.216990236817094
114.0315	433.713	0.9739651163851513	0.03492629596759537
151.0633	434.7	0.02728153275787934	-3.7143712003764064
162.0351	443.2	0.29679887937668437	-1.1829516740225605
217.1426	445.8	0.6760872591280095	-0.4447121811425874
114.0315	448.277	0.22991844434087572	-1.3690785859183119
228.1471	449.883	0.9155370853091715	0.1122061174168813
217.1426	451.5	0.8698763599080179	0.17323089106097264
245.1379	451.706	0.3400992547542098	1.1956915669331796
73.0892	452.983	0.6953897385112696	-0.43682117178040675
132.0899	456.2	0.7190780990487062	0.41297439650001766
151.0997	456.4	0.71266506734049	0.39610070748827286
124.0524	458.4	0.938452515670082	0.08321390463122029
195.0895	459.5	0.683089202153964	-0.4363041492342846
413.2626	461.935	0.04589536598660315	3.6060229958763594
246.1029	463.556	0.920349219687101	0.10522038834814856
154.0266	464.8	0.3008637936681003	1.3503597554357318
153.0538	467.2	0.8994942295954234	0.13634902784601272
203.1273	467.577	0.24145331553676752	1.572059190928759
256.1099	467.6	0.23916950404759935	-1.4649188370416715
189.0427	468.679	0.9110478493462715	-0.11896085191443759
576.1479	469.4	0.28000505159939826	1.4059974819076617
243.1223	469.9	0.229283118411832	1.6280333752615923
146.1055	474.7	0.08774378902519066	2.9759173936980963
146.0844	477.1	0.299150117063637	1.1876465704139938
328.1543	479.0	0.1020989383706986	-2.082344060845784
329.1627	479.2	0.2143460442465735	-1.5699917276978508
207.0896	480.155	0.18333690810927683	1.9333774481466077
138.0317	480.2	0.1516157956928123	1.8219222532357682
224.0685	483.5	0.3705420232501725	-1.0035288418386359
187.1689	486.22	0.30364058574545627	-1.2974586375734676
133.0528	490.0	0.10485908598585914	1.9784779508593662
194.0579	494.8	0.7474680410658551	-0.3413875307477622
266.0903	495.4	0.41943013954383496	0.9889176378231076
268.0808	495.647	0.5407122618645462	0.6852810185443783
564.1115	496.8	0.23584786802675448	-1.4782894085707097
130.0744	497.032	0.8659401224947054	0.178520261455213
244.1782	497.102	0.14610938469807486	1.9302146464030598
128.0473	497.6	0.3103472191718646	-1.2100947500755292
148.0524	499.9	0.09146938934775944	2.2066776610759136
161.0477	509.4	0.5340677046676018	0.667564437832636
257.1052	511.0	0.0067350520578271745	-4.565539586078127
109.0528	511.2	0.8723110067704241	-0.17065545421862346
182.0577	515.709	0.5034873629833648	0.8087908985208897
209.0244	515.9	0.7313682490738013	0.3821585543698131
99.1045	516.111	0.9606217375089356	0.05525131453760842
121.0891	517.7	0.23251517687881124	-1.488050964015594
336.0845	518.9	0.00663094303556711	6.413418562109268
175.0243	521.4	0.8369235633616323	-0.21730124590534838
239.1018	522.0	0.2498111921443974	1.4782715297381726
214.0994	524.7	0.30979358958781	-1.2116399313230277
130.0733	527.362	0.7896370395226728	-0.28246492569627574
176.095	529.4	0.42539173633243593	0.9928820344932733
152.0473	529.6	0.6937801147918368	0.4507853736355721
149.0477	530.5	0.3090703466589374	-1.2135106025511682
87.1042	530.883	0.7820154577977295	-0.3059005859170758
343.1749	531.178	0.7717437256140246	-0.3130354305725292
138.0681	531.5	0.24153163225854163	-1.4555137671626663
152.0473	537.0	0.7537751094855816	-0.33190893911433367
136.0524	538.2	0.8655049818901486	-0.17860850166864212
184.0372	538.6	0.9014707825695468	0.13181412466029446
580.1792	546.4	0.06479596390386722	2.5648762758736834
111.0796	547.2	0.19790063112685355	-1.5791853524841437
224.1049	552.5	0.31104025220811915	-1.20809635065024
138.0681	559.0	0.3101721069503643	-1.210550291693153
164.0473	562.0	0.9833109945667663	-0.02229200836849007
181.0739	562.3	0.2897995350865587	1.338168563116117
124.0524	567.2	0.613442371005388	-0.5602266776415123
418.1264	573.1	0.04063391019437083	3.2857038249060917
154.0266	605.5	0.8071302694905986	0.267004436885873
120.0575	607.0	0.311461299504566	-1.207428411679323
152.0837	621.3	0.24950646518860045	-1.4245089367336312
145.1579	644.8	0.32346029475250015	1.2969840668116681
61.0164	212.6	0.9819352643028576	0.023967124532879844
73.0164	212.6	0.7526204307484519	0.33876956392862173
74.0004	212.6	0.9583034294601263	-0.05517209684287657
118.0742	212.6	0.8940484945199074	-0.1422587326409719
181.0739	212.6	0.3251384893185891	1.153227605345369
183.0532	212.6	0.7814506410330823	0.3046740554350642
187.0481	212.6	0.09791846457961575	2.0349525690195076
191.0794	212.6	0.3720650048731125	-0.9901993867097126
222.0674	212.6	0.10653727254252748	-2.0922657912751883
197.0688	212.6	0.9453688348054476	0.07261154651276425
133.0739	212.9	0.8519344033385745	-0.19876548695443969
161.0695	212.968	0.16785133045225517	1.8191149048157387
161.0688	213.0	0.020604633229434482	3.345696274122143
306.144	213.5	0.20444903131505596	1.832115477922328
141.0426	213.7	0.6820002990155316	-0.44542297560499855
145.0739	214.2	0.3249170761605641	1.2874209156990986
192.027	214.8	0.07856408384066708	-2.569511880744116
235.0481	216.2	0.4340713353938717	0.9660876417710716
195.0532	216.6	0.6757605652946819	-0.4533856064574332
106.0266	217.3	0.6468684437536072	0.48700411701765145
239.0794	219.7	0.649192814154575	-0.5209161042789849
89.0113	221.1	0.239225989487967	1.5947349089949647
188.0797	223.3	0.7248815929148387	0.3785060978293942
76.016	227.4	0.5453480023626223	0.6749014329448936
175.0593	228.2	0.5155589307311826	0.71025500913649
206.0427	229.4	0.46232848163375795	0.8991715913034878
195.0532	229.6	0.9793894349746534	-0.02722364201707059
351.0954	229.6	0.19377228928908233	-1.5157999681176952
174.0164	230.0	0.5476988102210405	-0.6861608367914017
117.0426	230.6	0.2776954244587387	1.3724404726573463
253.0223	230.9	0.3212316374424705	-1.119449816102277
117.079	232.2	0.07430981205897658	-2.3868906817727145
192.027	232.2	0.3277449260399058	1.262698928062269
191.0219	232.5	0.9788239240343176	0.02928118551378829
166.0477	232.9	0.3426149244659559	1.1875347374763816
175.0481	233.4	0.5219290015604298	0.743107056447209
168.0423	233.7	0.0848203577423301	-2.4227934768873003
134.0215	235.0	0.33064834490809414	-1.1903091074856649
282.1328	235.0	0.5015808159714222	-0.7458160973484705
117.0426	235.4	0.3894378717292998	1.0009707984241079
234.0852	235.5	0.9312499688566903	-0.09149377983141643
304.0907	235.7	0.9930682421557762	0.009139725811639719
180.0634	235.8	0.4441886830024288	-0.8787397158930816
253.0947	240.739	0.8579608040990043	0.19017349061591643
174.0164	240.8	0.6408093764971096	0.49751383757802675
132.0059	241.3	0.9555820070331764	-0.062488242990171576
130.0266	242.9	0.7265046481745996	-0.3706685707544933
169.0487	243.4	0.3030896238990801	1.1542550755738679
104.011	244.0	0.3767281983827571	1.126294992414595
206.0427	244.0	0.3961420455162421	1.0410300138323847
189.0637	244.4	0.28811447692442776	1.1881927052975145
145.0375	244.6	0.09764989389378582	-2.8938209735318736
198.0528	245.9	0.037847217886041534	-4.026007540706751
90.0317	246.1	0.3099825032405895	1.1487394824284884
145.0739	246.2	0.4026175782444106	-0.9144636875818843
113.0477	247.0	0.46910928236061383	-0.7952636362174558
139.0269	249.0	0.7185859635673799	0.38144043759294854
157.0375	250.0	0.3650651937395553	1.1209366349553596
90.0317	252.1	0.0862706395446289	2.1542982695262287
163.0845	254.5	0.5499133214009535	-0.64114163889346
205.0586	254.5	0.275394862467503	1.486151782495053
115.0269	255.9	0.07695889179356219	-2.628853026786451
145.0375	256.2	0.000491538294651382	-8.159540519244182
246.1218	257.474	0.5725936197014604	0.6416094144920319
172.0372	258.1	0.9058347952083337	-0.1329897663783569
156.0535	259.9	0.4227242244427783	-0.9882069496393249
219.0743	260.4	0.7256585523900245	0.39357820316700354
143.058	260.748	0.18341740498698134	1.7402882300868414
162.0164	261.2	0.054425752141797214	-3.049963828747503
187.0476	261.615	0.15631390437414136	-1.667462778052405
132.0423	261.9	0.3836041966259341	1.019274069080309
300.0845	262.7	0.8179134131803097	0.25715773105397544
104.011	262.8	0.46242742870527787	0.8816843091316542
158.0691	265.2	0.4000728587885931	1.011728016114602
88.016	265.7	0.030115335692446604	3.036511417151759
134.0579	266.0	0.015293529690851517	-3.846292497835259
365.1352	266.2	0.4625101492064978	0.826304729356319
160.0372	266.4	0.506708178893751	0.7907449722205029
129.0426	268.3	0.06233536070425513	-2.777946734924146
226.0477	269.0	0.13888777902290547	1.8778523744791096
104.0473	269.8	0.9100579990278163	-0.12230190295219812
206.0427	270.3	0.3502565763888359	-1.0640143307028218
87.032	271.8	0.3960114823973918	0.9675486043717046
171.0895	272.1	0.24467576834003532	-1.4206204997931267
133.0739	272.2	0.256725772652721	-1.5599419144314384
143.0582	273.543	0.15901302789341218	1.879285482054663
189.0637	274.7	0.2015530576015955	1.8625754842617508
206.0427	274.9	0.3897292580256068	1.055503793660789
131.0582	275.5	0.6642659126947983	-0.4611168376751433
130.0266	275.6	0.36093770512080525	1.1732066852991938
118.0266	276.2	0.18939962020123405	1.7279727396618592
198.0528	276.9	0.15523675546479104	-2.1710387386766863
160.0484	278.9	0.4357331382768973	0.9543833938789454
244.1054	279.673	0.10564326468360138	-2.364993923072987
88.016	279.973	0.7677973347081652	-0.3360556390188667
148.0372	280.3	0.6223558942192554	-0.5736168694927394
102.0317	283.1	0.20317356236718276	1.5224627556443573
104.0473	283.5	0.726346667957922	-0.40075179220776364
104.011	284.2	0.5757239361178936	-0.5983871680223903
159.0532	285.3	0.8468000099422713	-0.20478274992014306
148.0372	285.6	0.5734058754960392	-0.6648514774826779
168.0423	287.2	0.11511911393320476	-1.9128629041307454
160.0372	290.3	0.03538541309655201	3.5205775718117103
190.0954	291.4	0.019327016072292483	-3.459956638335287
104.0473	292.9	0.023934434434618873	-3.219984891394378
165.0455	295.029	0.9794444587676633	0.027934452869687938
143.0582	295.345	0.9375829272452976	0.0840039949516412
173.0688	295.8	0.19035075795749204	-1.8242334610756032
234.0852	298.8	0.2333155312727601	-1.636570592290168
378.1274	299.6	0.26430067280428654	-1.3641431951299392
157.0738	300.209	0.8090678929296818	-0.2616730036438953
182.0579	306.8	0.3031252849103325	-1.268835324853893
88.016	310.2	0.867270263705774	0.18132153895228578
60.0211	311.1	0.4072425551263892	1.0407838515843464
123.032	311.2	0.5042159711862907	0.7728322492517099
147.0895	311.2	0.299764052231335	1.2320304031510276
303.1675	313.779	0.06135709480180653	-2.4100595193575973
130.0266	315.2	0.26554478776974993	-1.2845168096815616
345.1081	315.8	0.5834183943217138	0.6421109012410029
118.063	316.9	0.49199740801671316	-0.7573058168604795
590.3104	318.4	0.9575461746121521	-0.05742198201006662
116.0473	319.1	0.1622708090539372	-1.8033271336966135
130.0266	319.6	0.2795432632217189	-1.2799676643401006
180.0423	320.0	0.16242450705849099	-1.761456115254976
268.0551	320.3	0.2212546723240594	-1.5910158741785148
586.2791	320.9	0.19263398350571428	1.5054005976551375
146.0579	322.6	0.04600348374815617	-2.856883761680413
472.1819	324.9	0.4808445582210387	-0.7758394855820808
143.058	328.741	0.28677691956625273	-1.2032884915865747
174.1004	329.1	0.06871184303155031	-2.7680827913642907
115.063	329.157	0.3898506904258166	0.9669911645150983
161.0688	329.5	0.785803103164118	0.29672174664036544
127.0633	330.2	0.2487740684063687	-1.4228600329738423
129.0426	330.8	0.7977838994780801	-0.2902738431684771
258.0852	330.9	0.9665048180862521	-0.044856051565709876
198.0528	335.0	0.03252752290669509	-3.9571012264496384
314.0638	335.7	0.33082052401724094	-1.094880228025336
276.078	338.0	0.12615499830778154	-1.8348500396748006
321.0696	339.2	0.2671238294991184	-1.342852397724042
212.0321	342.2	0.8482272218316734	-0.20328908344061472
161.0324	343.1	0.9196319079961547	-0.10614682339281578
145.1103	344.3	0.4007221732819115	-0.9196883735291366
588.2948	344.8	0.03644534415403144	3.157081880731076
183.0532	345.1	0.016705431415246746	-4.5912403713623275
127.0633	347.5	0.08408642366205646	2.6909765746647145
73.5253	347.741	0.3156735074423136	1.1151574498051908
159.0532	347.9	0.11429597016522258	-2.167213859923763
151.0633	349.4	0.8352407342016172	0.22264932715379893
160.0736	351.1	0.35712885587725457	1.1236525522214633
102.0317	354.4	0.7698369020748649	0.3238070254150801
148.0008	354.5	0.8758698749742945	-0.16932506299511493
180.0423	354.6	0.03393030036505793	-3.2270838499417414
166.0267	355.053	0.2857170506456867	-1.355320697164313
152.0473	356.7	0.37126440258111965	-0.9985717482947437
72.0211	359.6	0.9763728062584761	0.033322227774693916
180.0423	361.2	0.692479406106959	0.4200569873365883
152.0473	362.0	0.32696656647547717	-1.2250391558153986
281.0899	366.1	0.2808263192450261	1.3577016592990503
137.0477	371.9	0.271348263524706	-1.2770465110336282
280.1042	375.349	0.46105413682986374	0.878912393247189
191.0436	375.401	0.32038662212824126	-1.306732055527841
210.0892	378.0	0.14881509362125206	-1.705631154821895
138.0317	379.0	0.4499549867213209	-0.8536010966657377
278.075	379.0	0.2971177104826471	-1.203793953555899
180.0423	380.8	0.5944922022379755	-0.5897931607101035
152.0473	383.6	0.2650967305304041	-1.3534411132256408
166.0266	384.7	0.24398335064265708	1.4173824803118624
165.0426	386.1	0.259338117244866	-1.3828958440460832
84.0211	388.8	0.9683503193129701	0.041890856157256545
180.0423	389.5	0.13995723218625558	-1.7626045087094695
86.0368	390.8	0.053714592429367575	-2.6078706757729977
161.034	398.338	0.01942629503715021	-4.326228382939171
166.0266	400.3	0.9268256474467796	-0.09745986356474512
176.0321	400.8	0.4491994140271182	0.8315603276971459
226.0954	402.3	0.11466388489978392	-2.08903175628243
352.0642	406.2	0.0797920236068161	-2.6043845342848932
148.0008	407.5	0.14095101924866407	-2.239939724489693
172.0372	410.0	0.18238545677387666	-1.5476438262423322
187.0481	411.4	0.021868123386607808	-4.226390908647778
268.1059	415.5	0.338614638299986	1.1328645673555944
584.2635	415.6	0.20929086211236878	1.5081668623601492
175.0481	416.9	0.060213132140998375	-2.6676573970162183
88.0524	417.6	0.05695720798851589	-2.629803077944414
197.0324	418.0	0.051078802043903096	-2.55762620356433
176.0321	428.0	0.9139419470360026	0.11368610944208359
131.0219	429.5	0.6996756568692819	0.4255349782877723
100.0524	440.1	0.2515761556434137	-1.3083392452520168
165.0421	440.7	0.5377302101124801	0.732947786232405
137.0477	441.4	0.44758355513308123	0.9245158947510372
146.0692	442.11	0.42228000120884807	0.9685620742617332
162.0528	447.8	0.4109651482527902	-0.9105368813680508
164.0473	447.9	0.7848817251054	0.3097889075441514
210.0531	449.239	0.019702880688111272	-3.8082476787165036
155.0695	452.9	0.875322236043624	0.175189000213525
118.0266	453.3	0.4520030560884972	-0.8846009754178422
122.0368	463.4	0.26010088822018085	-1.323717216929194
144.0423	466.6	0.42400237197758694	-0.8713133421809085
146.0215	467.3	0.27406479081172863	-1.3070545136645897
188.1412	467.7	0.6781736525079349	-0.47668573335206466
490.2203	468.9	0.9224350838105044	-0.10238600258251769
172.1099	470.1	0.9077463370773615	0.12248673007705932
130.0266	471.9	0.4971234648762858	-0.8017055499843104
132.0423	475.9	0.18601404180380135	-1.5406722953670053
186.1256	480.1	0.06540661698142208	-2.3830805368657892
114.0681	480.1	0.004648761098146018	-4.903112057234966
116.011	484.1	0.017370640325762087	5.617312131795676
312.2301	484.7	0.9786759995593366	-0.02933280952930256
212.1412	486.5	0.06603315504069172	-2.8208717696564527
148.0524	487.4	0.18836030879153381	1.8209567009922536
192.0423	487.8	0.5615178966523674	-0.6330394519679171
114.0681	489.2	0.2662564517517599	-1.3473938606360556
168.0423	492.0	0.11593356721697935	-1.941059475763088
264.1031	494.5	0.9873387802373275	0.016708486746742687
481.2312	499.3	0.7583915569506688	-0.34760378836746714
136.0524	502.6	0.29335384204308373	-1.2188652596555731
186.1256	506.5	0.8024468263080232	0.26633571715372983
160.0736	511.8	0.16777064241292203	-2.03175975718782
210.1256	512.1	0.005786073890454588	-6.976739828615947
116.0837	513.1	0.016639482060442665	-3.6739147129063254
278.1154	514.4	0.8035668597556032	0.2632478522256467
144.0423	520.8	0.19906157402632133	1.8887128398138
172.0723	522.704	0.10639871128799194	-2.730060073319739
116.0837	523.1	0.8291561843598471	0.2340496573697054
162.0681	531.1	0.08120305375172206	-2.5284613543956875
323.2093	531.176	0.019717077891570504	-3.8610768391535277
128.0837	532.5	0.16290490156711535	-1.727597970767331
158.0579	536.7	0.22512314114235427	1.7326970251114373
216.1725	538.0	0.4987790150863851	-0.7423691545044973
174.0892	538.3	0.14814228763753273	-1.7248452450033305
278.1188	540.3	0.5345468221463554	0.7075462605082867
144.0423	550.5	0.06379950497990841	-2.4165201401484318
212.1412	552.8	0.21003916741739717	-1.529372186760649
308.1974	554.783	0.051307869973065835	-3.138369988097134
130.0994	556.0	0.17111660404202292	-1.7796638995057668
312.2301	569.0	0.03049697259520718	4.77184314914241
165.079	569.4	0.11395354317553263	2.145884070169806
166.0994	574.8	0.6733746773048234	0.4658550388516926
332.1624	581.1	0.4781683728924806	0.7968926589075863
332.1624	588.9	0.7638014713036367	0.3270833967760968
144.115	589.7	0.07444672797440581	-3.0119164744371703
336.2301	592.1	0.04210024158291367	3.6818040925400775
166.0994	594.8	0.0888348140084527	2.380244342373809
330.1467	595.1	0.09420384795026404	2.1009092476794935
144.115	596.0	0.02428701859027818	-3.285546660058709
334.2144	602.5	0.15008274950200085	1.743774306008762
313.2627	602.523	0.44620780206801863	-0.8296325695088393
248.1412	603.2	0.27940305523549663	-1.2962796754275567
316.1675	604.1	0.9802525099316485	0.026054053811105017
214.1569	606.3	0.17274997022794875	-1.7285598797115542
336.2269	606.553	0.2082706764896835	1.7502926673006602
314.2457	606.7	0.3423247440928456	1.218271255211912
336.2301	606.9	0.1544719048574123	2.021817276416257
332.1954	608.071	0.7628557171144411	0.3424669148164213
310.2144	609.8	0.7189642988626854	0.4102897474001812
296.2351	610.1	0.2539112468111429	1.4753710211909614
294.2195	614.3	0.004447940580146322	9.271230972554404
168.115	616.7	0.3644570533710676	-1.1425157933300552
228.1362	619.2	0.4319826883974024	0.9165885134486503
294.2195	621.5	0.38491746119641723	1.0289466190666359
158.1307	622.8	0.10599227334700208	-2.0712541507210123
257.2005	623.189	0.3084474245894012	-1.2230191816878473
250.1569	626.0	0.7444354935814654	-0.3449228685086242
316.2614	632.3	0.23268952042944732	-1.3593824322690944
334.2144	633.1	0.697319020279126	-0.42841179618861386
312.2301	633.7	0.8899060568705744	-0.15111091313272018
286.2144	640.1	0.6707671566728223	0.4758225770564975
334.2144	640.9	0.18499583907464578	-1.5389956516663437
312.2301	641.0	0.6177922428297355	-0.5330337233177976
338.2457	645.6	0.9822503414249623	-0.023420738681719434
184.1462	646.621	0.39631512583296513	-0.960682424968226
172.1463	650.6	0.7601735987858761	-0.32270370817913374
332.1988	651.4	0.2552859406242321	-1.401697750623812
292.2038	659.6	0.3045986458290419	1.1895336874310285
272.2351	663.1	0.2133186796748419	-1.6557707604625584
172.1463	667.3	0.36582923773616416	-1.011259354429088
346.2124	667.427	0.01820682600841944	3.535163368266046
332.1988	669.5	0.26460197788441847	-1.356038372168047
318.2195	671.8	0.08149471151633979	2.906322830536488
278.2246	671.9	0.06500668131399664	3.066143730528022
334.2144	677.3	0.7663825241854174	0.32917828728840376
234.162	677.8	0.4987406698629615	0.8101640642345723
270.2195	679.5	0.5662274737366338	-0.6169769890730603
294.2195	685.7	0.1489720562609983	2.0392185896973833
258.1831	687.0	0.5690039882435041	0.675085627800453
298.2508	691.4	0.008260014195633054	4.94779038014185
316.2038	691.5	0.27120721797971664	-1.321732606116227
320.2351	691.9	0.18800278483483754	-1.6562746431564446
314.2439	696.872	0.5885731943584551	0.6281844061373066
292.2038	701.8	0.003962825995439045	-5.2381611476004055
320.2351	704.6	0.8157105929694097	-0.24919337386184948
314.2457	708.0	0.1905674460435879	-1.6356266959215633
318.2195	716.4	0.8712932135584459	0.18092476304980493
292.2038	726.3	0.2996277093482942	-1.1940608395636265
200.1776	727.1	0.95557203145345	-0.05896301653686266
250.1569	728.0	0.2082878545795401	-1.7216380095560413
226.1936	737.429	0.8372681615305456	-0.22867074199861692
276.2089	738.3	0.5012702914612213	0.7252755026397745
292.2038	739.5	0.12081226777558615	-2.488122797175636
320.2351	740.7	0.10870936852226146	-2.4758821929900154
320.2351	747.5	0.29483982876690185	-1.402928672193311
327.2779	757.153	0.6443282235977223	0.491637335781767
278.2246	759.9	0.003587220794304579	5.5623162220676585
254.2246	783.7	0.08162864645686858	-2.222964740405088
302.2246	787.0	0.05460480843168625	3.5400234408550197
280.2402	795.5	0.2503705089533568	-1.4200076883382124
304.2402	818.2	0.1411811692010763	-1.788211778449123
306.2559	862.0	0.1365523706508967	-2.322678335529745
256.2402	868.5	0.5582064889354648	0.6527805519311902
284.2715	950.8	0.9778898004434335	-0.02937646825206287
