m/z	retention_time	p_value	t_score
247.0252	307.728	0.01586404513607584	7.669829494594649
384.1214	368.504	0.636651793135787	-0.5168200536797669
384.1286	427.875	0.755571991814838	0.3547922448899519
147.0527	220.128	0.044698484816371085	4.010497574810937
118.0267	237.245	0.008916940229196244	4.830166596520194
118.0266	243.828	0.009481809888971683	4.722099727031042
176.0317	321.949	0.6233905230865464	-0.5471333247294436
176.0314	291.779	0.15013861115313387	1.8254800584497992
149.0505	354.097	0.9400659235016349	0.0803297856480422
204.0898	366.692	0.21804651343439066	-1.7327297972497713
89.0476	267.097	0.05750234313564779	3.6075255874346865
116.0101	407.228	0.019455562797370964	3.976269960629293
116.0106	396.899	0.021347681460980147	3.791063757992195
88.1004	561.866	0.3088781939056341	-1.230235908650061
88.1	525.708	0.003877357483467228	6.025675506239751
363.056	372.889	0.07110526306650573	2.4622251565804265
135.0541	349.355	0.06246547625392624	3.437856315115482
134.0219	402.531	0.016228168485506064	4.4008911452017685
132.0534	185.46	0.5848062272295149	-0.6104343171527244
74.0364	361.279	0.6147614798531356	-0.5509788715897782
297.0887	271.05	0.019909836469631938	4.63844381199517
130.1216	233.356	0.4255792205415945	-0.9612298078179667
117.0791	325.935	0.45829021884149396	-0.9109913237640719
119.0583	180.515	0.08779042444815909	3.104131831758895
119.0582	207.274	0.09439893437887072	2.8063209033084773
244.0697	472.973	0.551165922497445	0.6531136293912735
488.1075	170.006	0.048514202207652506	-3.26478766209694
192.0259	390.072	0.7519350384951118	-0.3386119943635685
267.0961	477.661	0.12292157928078164	2.4002156274865634
102.0313	305.941	0.010555030492107147	4.68471098126734
347.0621	197.474	0.12231967398460014	2.0031270862683646
129.0793	380.95	0.12452354125686271	2.449040169548526
129.0786	399.66	0.3166952632749799	1.2447596171315705
117.0785	292.978	0.5870183594428244	0.5903108730044747
131.1055	247.956	0.10558959269981365	-2.6686234453643563
276.1324	215.112	0.20714144848565008	1.5611055481102016
174.0528	228.465	0.13465069133369434	2.2283015356531433
87.0675	346.36	0.10800241988196524	2.4179944211877227
251.1008	325.559	0.13445277001518172	-2.230545732687276
189.0628	412.503	0.1414564155867728	2.3572603299079895
154.0278	464.819	0.4174810685733485	-0.9664451604665405
220.0853	497.195	0.09387324403806634	-2.6664965401855136
300.2057	759.595	0.13637235066620979	2.3711274748784894
138.0321	483.492	0.7749276735482472	-0.32136173680436725
117.9865	451.46	0.02547115746791083	4.232536040616286
345.0486	258.598	0.040281620860330665	-3.873105931862801
165.0434	462.28	0.32408929200585884	-1.1599823867326318
116.0956	285.437	0.9061961759012234	-0.13269920037624788
146.105	492.951	0.39316014154530454	-1.0783095696746638
62.0004	243.814	0.4155405149643019	-0.9669392352264933
116.011	306.607	0.09885925424169079	2.1422079786807458
194.0583	494.809	0.3303418726131465	-1.1948840918152803
158.1302	644.843	0.93416551745501	-0.09004332276989808
117.079	367.117	0.1841999442296478	1.975769859039116
129.0429	324.487	0.06945558986965551	2.7930533534752953
129.0426	314.245	0.18530271891792488	1.9512949023159922
188.127	383.617	0.02453003935335656	5.515412535862762
131.0949	407.601	0.003280906931623172	7.84130771297328
188.1162	359.069	0.39257074683073123	0.9626356680260253
175.0633	501.725	0.28624073705166486	-1.4064823662704875
109.0526	426.664	0.23300796713632196	1.4070658899280142
189.111	216.805	0.07881453025399691	3.2953997505398207
176.0685	493.268	0.010145402442186242	4.595991376003662
148.0373	428.816	0.4750801394806997	0.8496353303528101
129.0899	238.278	0.16950286340619553	-2.0997029063219514
236.0797	332.279	0.32515257272181863	-1.286859065417794
130.1114	345.929	0.10068434031161762	2.1322579634618646
160.1201	525.72	0.24794233523890097	1.5603893018159862
101.0484	335.117	0.02216618175530369	4.646899390006634
229.0354	154.747	0.615455730228023	0.568242380123293
75.0683	255.08	0.04541945311768582	4.411740273760069
169.0363	418.712	0.5929241198803035	-0.6192927090553674
278.1512	664.021	0.8522615646330627	-0.19875275012402618
104.0585	443.444	0.559117225659074	-0.659404542277822
131.0574	257.622	0.9337448678249936	0.08866594565110762
113.0475	328.966	0.07608542323502922	2.639691316063447
147.0533	330.532	0.016150484543665834	4.963403518186968
498.1185	423.185	0.4735698432271539	0.8055770898750623
188.1276	199.745	0.0355511649246262	-3.659442596121824
132.0897	443.48	0.4927577162696727	0.7547152681678463
145.0733	236.638	0.0031138701846557862	6.574974475010395
127.0629	328.346	0.12360892174221107	2.4723120060194717
212.0311	229.126	0.1773269653543513	1.6378678185372748
149.0458	428.543	0.9804019884716983	0.026159925593387874
191.0592	464.338	0.5409334115562253	-0.6733532262206541
191.0624	434.554	0.04329980539850294	-3.4942789922523634
243.0846	197.246	0.09918805707510106	2.930570806078409
128.0584	264.006	0.6141860849928857	0.5856313670828431
111.0315	383.065	0.46165150477780537	0.9015578731585813
334.2129	580.061	0.7151671588646089	-0.39230826896507115
87.0503	514.098	0.6046894085801647	-0.5907133078960675
334.213	601.84	0.8707649153558905	-0.1787233469843423
148.0373	270.623	0.03790705863384454	3.5371337785697534
148.037	259.946	0.03917617215440425	3.541392692909789
272.0903	352.131	0.21621165319290767	1.7579339395466633
142.0739	361.137	0.4311761307243181	0.8870815746789562
142.0745	287.186	0.45309221858607124	0.886003925658238
228.21	747.27	0.5824052579814473	0.6455023355089737
160.0844	210.68	0.595773455179432	0.6232165432913841
267.0951	173.154	0.2227147107269802	1.4557985303917065
267.0957	209.554	0.03981521633271466	3.645047914610137
312.2303	531.665	0.5859813091618931	-0.5933206817253844
101.1206	552.538	0.8469077657748744	-0.2059569401650666
316.2006	665.147	0.11751008886825068	2.6380800100446034
162.0352	463.355	0.04800461691723801	2.816929312557327
198.0533	464.808	0.2029960499435817	-1.7420773260658924
278.1631	453.27	0.03688774906582064	4.055582804357225
126.0313	505.375	0.30165619377256775	1.3323569666922646
147.0528	264.236	0.11580185378899979	2.5236953829250286
193.0402	288.389	0.3316052769282829	1.1038358581817012
332.056	297.763	0.0032637087703182204	6.581428859541573
166.026	362.039	0.49469947334105235	-0.7560607245446564
73.0893	491.772	0.2448701411832724	-1.3883846883798112
294.2199	687.517	0.08037152237055331	2.609617231635225
314.2458	591.852	0.19726566851503888	1.8967507912637227
314.2453	615.341	0.19394369342975948	1.5632300172012974
312.2307	680.638	0.7827882568630451	-0.2948379292232115
330.2403	514.1	0.8857093063090167	-0.15327952900129768
175.0479	318.294	0.13183045558682752	2.237909407144091
240.0091	296.401	0.941671073734424	0.08239196596560597
240.0088	248.944	0.9736447840984808	0.035249287733395515
240.0105	315.305	0.9691103274770194	0.042538816272618525
240.0088	514.043	0.2241348932049793	1.4561365039703937
240.0085	260.414	0.1693615696207541	2.0622172925443527
146.0583	287.416	0.6858235405538476	0.4374727327435967
292.2037	637.688	0.0012718207646577448	8.251094853228855
294.2199	614.682	0.3757158701165551	-1.0221105155580283
264.2095	743.435	0.0013605468774419416	19.317240591287785
183.0649	546.375	0.20949026507835727	1.814601107915126
199.0596	492.45	0.03849553180229908	-3.626792913416685
168.1141	617.026	0.72483291774155	0.4014856515520277
242.2241	788.308	0.3649300052363105	-1.1329766658193343
263.115	265.311	0.28829561090223166	1.2425265876253089
146.0691	194.544	0.9108387337111177	0.12624074754358264
252.0629	372.701	0.0002614244468410685	16.41333206465007
170.1306	645.841	0.6043673856610707	0.5705841329661713
296.236	659.36	0.0447052430027145	4.284428278471485
312.2262	599.016	0.24300531444792242	-1.5142171825165611
312.2293	632.764	0.4612618188871126	-0.9042286048995384
133.0371	255.457	0.14692867092764803	2.1554879820636326
87.032	362.361	0.42546138591503435	0.9413458474508579
160.037	350.468	0.08676356815250677	2.701901551148613
173.0686	250.964	0.01894859312167802	5.673772032839892
180.0636	416.177	0.3328012419156534	1.1843222975022079
180.0642	388.88	0.3804488865567968	0.9883250208666975
180.0639	401.395	0.2889861117764197	1.2378316467537782
180.063	240.714	0.21324073382130554	1.6905008249566458
180.0642	416.97	0.07396361153867431	2.8099361813480552
180.0644	261.946	0.8747852668988356	-0.17493375563140312
113.0472	375.723	0.16582963986127058	1.8734654998407045
100.0523	440.466	0.7963254035715688	0.27699812490394543
280.1055	219.612	0.4751827006370599	0.7917727938876715
172.0844	270.426	0.23929831773751783	1.5058552156776814
147.0532	311.418	0.02994780299137784	3.4046808670219004
175.096	289.241	0.3860482261153287	1.0977837870833391
228.1473	379.45	0.8117809762571131	-0.2630129042129277
262.1317	404.522	0.6113078756513408	-0.5900739764842982
172.0844	288.056	0.08561846330412935	3.1018065887460433
262.1299	439.87	0.10204371663585858	-2.7571084704632303
212.1162	324.223	0.43888560271474286	0.9179978551149854
160.0846	249.203	0.20432293000460003	1.838965910874647
217.1431	451.459	0.049440021359710526	3.2647290405476475
186.1001	294.329	0.012467076296944	5.822726135657835
188.1167	320.387	0.4289630221252374	0.9798232343132012
246.1011	453.706	0.7210542666904259	-0.3833424020236137
279.1199	289.392	0.27387938958714336	1.3958602058575662
295.1157	483.684	0.7077017593130186	-0.41787829769894264
262.0783	201.873	0.8685030594894642	0.18117802951115664
246.1213	328.732	0.8140611677230774	0.2568340704824731
296.1014	499.58	0.6331544118491359	0.5295938021971998
566.1461	340.553	0.40584822075906557	-0.9456654024782171
217.1062	201.98	0.7803918073763623	0.29824816355781164
275.1107	182.191	0.1449053067663766	2.124122384471384
203.0908	187.229	0.20036071760162993	-1.5381340425364083
274.1646	393.375	0.2059147851667337	-1.57541903315896
247.117	172.858	0.8065197581745089	-0.27590350171946787
276.0951	197.392	0.3975466123714262	0.9479535849356212
260.1371	319.847	0.42910437753907493	-0.9833605594950481
234.0846	190.048	0.2846626107257737	1.4208528021286189
246.1209	266.449	0.3418772308348994	-1.2146612829128207
203.127	442.529	0.04041431723364952	4.106036016960307
222.1016	331.209	0.4405775780725183	-0.9537538945901526
162.0657	202.337	0.1232519122280638	-2.4342283108566916
176.0805	222.875	0.970990609116276	-0.04051667124467675
226.1066	467.957	0.1344334591734127	-2.230669866515871
284.1115	434.892	0.5130517245512252	0.7691035649287602
252.1204	503.684	0.8057070100041037	0.2704106658964005
242.101	430.596	0.18899387647778415	-1.6051261215154429
256.1171	445.093	0.22322971879706607	-1.7262411822213506
244.1785	451.214	0.10720290216649041	2.7455543460423697
232.142	308.406	0.35095003162926613	-1.2064711783637168
246.121	296.154	0.06834367325227207	3.5691815561126257
244.1785	445.065	0.10720290216649041	2.7455543460423697
218.1268	290.52	0.18932740049658858	-1.6279151411756954
217.1428	445.77	0.04451270088101556	3.2295966359050428
203.1271	433.201	0.4932764604513858	0.812015371342714
259.1898	518.802	0.12711525014643085	2.49553987994043
243.1587	467.84	0.07622640667046703	3.3420883374688866
245.174	488.298	0.09185442547105405	2.952483391181353
220.0853	307.526	0.011464673051171591	-5.241405489866295
278.163	462.606	0.09097299925454264	2.8868624897588715
266.1258	323.779	0.49083068160839727	0.7910015982033
186.1001	310.003	0.12874973651339836	2.486910243274802
271.1646	392.553	0.31490951371788056	-1.2746772266514066
229.1056	230.502	0.13025390870042705	-1.905940023557827
230.0913	263.123	0.003322948661639448	6.680052451315286
244.1056	272.538	0.012583100863629437	5.136664319828015
252.121	518.224	0.5315487574435798	0.7347555208316581
243.1591	485.581	0.11138488204262002	2.424971338094067
246.1043	379.444	0.24633844790432305	1.4587288106250722
202.0944	258.482	0.05256271822890001	3.506117162987072
216.1106	262.377	0.04722974348249965	4.277180863183747
214.1319	382.805	0.09241045827481432	3.020260421138313
176.0787	217.029	0.876084760296682	-0.17488682642756065
242.0997	447.287	0.11108972571765734	-2.060794460709697
233.1369	416.749	0.024394627424578992	4.029159211047939
236.0793	245.4	0.1680041498625072	-1.888120897082434
233.101	184.447	0.46540189297421647	-0.8624470062105272
234.0849	196.734	0.0871894692410822	2.5145984917900694
232.1422	328.61	0.045559196651120695	4.390129651495031
247.1537	431.156	0.4924501955909187	-0.8320756934646347
250.0988	298.323	0.34032832418727466	-1.0905818249962616
216.1105	258.699	0.0354056129243814	4.808994500521354
220.1063	212.793	0.13448930144714447	-2.2303659080420286
317.1735	435.585	0.13463823618257229	-2.2289034440809963
268.107	500.043	0.9883495011039185	-0.016151659987111242
204.1122	252.931	0.13445004146479497	-2.23058350206545
216.1475	371.468	0.33928104698033046	1.2181847950412514
116.0838	503.912	0.4064439104804731	-0.9273391487466689
146.0692	246.387	0.44741059214901585	0.9359068100312197
259.0457	148.0	0.19486692746889875	-1.674008910438467
211.0358	149.6	0.06471103980837008	3.731409013340227
199.0246	150.0	0.08659428030551837	2.3785058670975805
153.0096	152.0	0.17077431824201483	2.034878602785939
215.0559	155.0	0.016104097950025285	5.176802960424611
169.0045	156.0	0.9709307507674209	-0.039083872832285003
246.0959	162.033	0.24375346706752238	-1.443476120462885
195.0743	163.0	0.0011298250734071054	-28.812141164304375
178.0412	163.4	0.2797963912972221	1.459214872886337
261.0307	164.3	0.8024687274843991	-0.26814672489943303
332.1332	164.9	0.15530963346961302	-2.130846408693301
307.0838	165.4	0.43275428708740415	-0.9256489369475489
302.1701	166.215	0.0537902772841859	-2.7484147943010107
167.0255	167.021	0.3115738546101948	-1.197169380579833
274.1277	168.7	0.4645380273010287	0.8720406216921044
323.0519	170.0	0.03600501829430583	3.1997493949314535
238.0627	170.401	0.4846915787334705	-0.8081700962606428
283.0917	173.4	0.21519868307111234	1.6755478008286404
380.0733	177.1	0.90302810307862	-0.1352179246607397
335.0631	181.8	0.050060941182551125	3.80990075874959
162.064	183.219	0.09533029576288109	2.953080385637108
231.1349	183.34	0.13441147074290888	-2.2310124405828504
275.1593	184.118	0.22632678594066136	-1.5002262186338908
173.08	184.3	0.7869130369814279	-0.28923989357233715
284.0773	187.1	0.4412691646165343	-0.907659900087826
163.0481	188.0	0.03488110102843822	5.0513138882284245
174.1117	189.0	0.11859421101029376	-2.0549655433506606
190.0954	192.9	0.33033797864485	1.27049043311255
151.0303	196.2	0.46389119074433827	0.8756479269058093
177.0637	196.3	0.04885995974534599	-2.8323817831743976
87.032	196.5	0.4721436986082977	0.8580452514681131
727.208	196.8	0.41491615611289856	0.9712797419583066
347.0631	197.1	0.10085450353716406	2.2009043168947824
276.0958	197.3	0.15097992796346482	2.136105870620273
163.0593	198.3	0.29414721024700885	-1.2196144000305846
204.111	199.8	0.6120269732502545	0.5661210742492396
188.079	199.851	0.014673512340112372	4.161752753412324
146.0691	200.0	0.5394318542459803	-0.7125312153037412
175.0957	200.7	0.43461698104039187	0.9637121876098118
267.0968	209.6	0.033278212076917904	3.806806301405839
105.0426	211.2	0.1494693765174541	2.2420682247627233
165.046	212.0	0.39152254716703144	1.0015175653739294
234.0852	212.4	0.9365123891180172	0.08539768285416194
190.0954	212.5	0.2992853114407707	1.347559945423575
232.1059	216.3	0.02229847441397222	3.7282196407649635
147.0532	220.1	0.10790989244834627	2.5490571437089056
218.0903	220.3	0.06286548546285166	3.2125046541510676
133.0375	220.7	0.1098077570164309	2.4103086776969618
289.1274	222.1	0.009527327250676905	4.702121843676101
131.0582	224.6	0.09442644807597883	2.9785679923436903
147.0532	229.8	0.04476425716712557	2.890797767505869
427.0294	230.7	0.8489388239295276	0.20854083542290697
287.1107	231.462	0.10209069085841373	-2.160154639866339
271.1646	236.148	0.4633404308082237	-0.8197156660145142
245.1747	236.459	0.7131776203994062	0.41156945887251584
119.0582	238.3	0.20579189894624378	1.8460402336289348
141.0426	238.3	0.21823885798336465	1.7460239900856287
161.0688	239.3	0.015097615178164723	-7.225825884973561
188.1161	239.3	0.09670788656532908	2.583712171682956
114.0429	239.7	0.7073031759566665	-0.40344494975348444
147.0905	239.877	0.17564193099879993	2.0575537590593953
133.0739	240.115	0.08783745802236549	3.0252032533483075
61.0528	242.2	0.13365511376866684	2.0544391565052584
377.1335	242.3	0.7453773520565108	-0.3540956900924405
144.1375	243.289	0.049316980623183404	3.9226615158222917
229.1058	243.379	0.6373334082296933	-0.5255631860701868
174.1004	243.9	0.13104216476047725	2.2694342237045864
197.0688	244.8	0.6243512782576388	0.5661078474926833
199.0957	244.9	0.1251894525454189	-2.3557001923926704
243.1217	245.545	0.32015103360400793	1.2882273490544605
237.0862	245.6	0.09964329532731518	-2.7272655000364328
105.079	246.4	0.13329617228570895	2.2763696740493904
346.09	246.5	0.37330145899988604	1.011638214347741
427.0294	247.0	0.0076766942034231025	-6.673761069440935
363.058	247.7	0.11106705927082824	-2.2612584880117135
160.0848	249.3	0.19452498462680004	1.8949813409251726
433.1362	250.2	0.017489621030631893	-4.101774773862319
119.0582	250.8	0.3174843969666843	1.1693798035293697
204.111	253.3	0.1343955483156567	-2.230728666284669
103.0633	255.4	0.24484124669764612	1.382053313947442
131.0582	257.6	0.3250737414140019	1.2346526486118112
119.0584	258.352	0.02713142227275022	5.481780169162752
224.0797	258.5	0.7196256526308391	-0.39220122881608405
232.1059	258.6	0.8925375572524581	-0.1461825764099571
174.1004	260.7	0.5521612635434524	-0.6722186312617794
346.0863	260.756	0.4915202552303524	0.7567328577597118
216.111	262.2	0.04662013620877393	4.273899627863199
434.2311	262.2	0.27484205564117464	1.4873097225081153
230.1265	268.759	0.06673427045636117	2.5544069631578843
246.0861	269.362	0.7459908203432318	0.3630820320804353
147.0904	269.499	0.09291300763152978	2.9764424682968498
217.9885	270.4	0.47589203224228993	-0.8221510194310715
174.0641	270.6	0.6756610081793886	0.45437698591418463
180.0899	271.4	0.06047830779676792	2.983960123948005
119.0582	271.7	0.7409971792278613	0.37884253024546444
132.0059	272.4	0.37202644948332575	-1.0716943223723296
266.0903	272.6	0.4176117574950277	-0.9055739657742711
131.0582	274.3	0.38504644974795377	-0.9949837304585177
89.0477	276.3	0.22215903433023554	1.749778509737682
259.1532	278.8	0.1345146622805449	-2.2299059971871364
127.0382	280.3	0.3816421841088458	1.0512461912066655
254.078	281.1	0.6290697286103824	0.5397286805656615
117.0426	282.4	0.21239648633800298	-1.6749008407556107
283.0913	283.135	0.34544599155589184	1.0917093966542166
158.0691	283.4	0.7210730989041688	0.4078060442628843
161.0688	283.8	0.2154114207634518	-1.7474551545746133
244.1426	283.917	0.6203805095877326	0.5651750053011196
183.0532	284.0	0.2172988314358096	-1.7466074437127752
119.0582	284.1	0.214832673105037	1.4778918786506892
300.0845	285.2	0.021941454757621878	-3.7258910585447773
278.1271	285.718	0.13149619282096897	-2.1880159351715056
59.0371	286.3	0.3207897523910867	-1.132516873503782
200.1527	286.942	0.8269710113649151	0.23664033256921996
155.0219	287.3	0.5944672255862153	0.6210615149998167
110.0484	287.527	0.22907885075501205	1.5984509285124229
193.0375	288.5	0.2972079661659138	1.2070998045516075
252.1211	288.933	0.134421558098728	-2.2308767432487016
194.044	289.1	0.8796147231603166	0.17074082193925952
114.0799	289.155	0.2586231035849841	1.5051594815355762
218.1267	290.6	0.07817287061395926	2.7193678277090996
175.0837	291.551	0.0680038652061161	-3.010208912743525
147.0532	292.4	0.20049716240214105	1.8138744147340586
189.0637	293.0	0.4662616674547567	0.8692488007982996
328.1543	293.2	0.8677221775368271	-0.17763556049798793
243.1217	294.53	0.2845815440945567	1.2514972749576514
638.1119	294.6	0.9303434011416841	-0.09336304380039864
328.0794	294.7	0.451755392147383	0.838131026767412
329.0747	295.2	0.27891336143031054	-1.2577523999923925
188.0797	297.7	0.4985589784316717	0.7833864492212422
75.0684	298.4	0.5522474605164764	0.6561592586167961
282.0344	299.5	0.20702766060523253	-1.6518094827425263
146.1055	300.3	0.3471645079346755	1.2117713591004968
145.0739	301.7	0.5318078138412496	-0.7170190923834151
306.074	303.1	0.9013807685730546	-0.13428877887409424
252.1213	303.872	0.13443992182594292	-2.230518957392975
101.0477	304.0	0.012575847246919927	5.2536505850962065
73.0528	305.8	0.5601164602565317	0.6568550793588306
145.0739	306.0	0.929168492189853	0.09503200845077821
151.0494	306.2	0.5756889222844683	-0.6321917151539933
165.0426	306.3	0.22227212069938834	1.5931798259686187
360.1321	306.4	0.1540742057395577	2.224475453865451
330.0951	306.8	0.46016898802600775	0.9026576419532825
286.0735	306.877	0.7762000239223373	-0.3101283366055184
446.0604	307.3	0.4753426492836133	-0.7875838641857007
221.0913	307.6	0.008195706814135797	-8.168151787540511
117.079	308.1	0.0758457578679126	2.7960066221974644
87.032	309.7	0.11734709737056384	2.474264860811741
245.1377	311.609	0.33536366565544506	-1.10138928158503
226.0589	313.318	0.1573317513739106	1.9133732418285774
103.0633	315.6	0.14477276796798264	2.33218667444103
216.1103	315.81	0.38543169648179804	1.0111176192122464
89.0477	317.0	0.7782995686363756	0.3017021124932134
230.1268	317.067	0.16515468587698823	2.1296254272207764
129.0426	318.0	0.05158097731812679	2.8854884153094136
101.0476	320.194	0.03534790850323871	4.099081038877689
314.0686	320.754	0.6424458788417093	0.5073105760370178
136.0385	320.9	0.8652174363291201	0.18104834880307175
135.0354	321.1	0.7346009349349956	0.367909507009327
244.1059	322.706	0.19089732273760357	1.8517288171103061
259.1528	323.789	0.07946743187523514	-2.3779630846002506
293.1384	324.546	0.07219063118990234	-2.4741404471794253
87.0684	326.3	0.5143495750769299	-0.7384721737256528
259.1208	327.6	0.48399344707374586	0.8126939141136208
187.1689	327.776	0.5861147041228842	-0.5916781062789276
243.1567	329.378	0.2716705543247588	-1.4986553946389092
153.0426	331.1	0.4635608996269772	0.8885707480571734
222.1004	331.1	0.5064294028679265	-0.7403026704866329
131.0582	331.4	0.4267176789199377	0.9529332697469887
232.0042	331.9	0.8876222792488302	-0.15282314757390006
237.0862	332.4	0.37746307539457225	-1.1248431402864585
115.0633	338.4	0.032686990843938245	3.494953161483596
230.1267	341.371	0.7838368363563106	-0.2941472770203775
206.0412	341.472	0.2941791443131917	1.3643235482280036
279.1206	342.566	0.9524109134387359	0.06477409420703603
562.2144	343.7	0.398763331973623	-1.0613602096232009
260.1376	346.806	0.12608776534463573	2.412770069330047
101.0841	347.0	0.055163287201791984	2.681164166522165
426.0879	347.7	0.3591164653082295	1.1617211522613085
125.0951	348.287	0.08931586781518763	2.46881201226545
198.1368	350.3	0.0814307235551113	2.754551642585458
640.1428	351.3	0.3651287613132745	1.1587796375295574
642.1432	351.4	0.5863134569048132	0.6418074827600085
70.0531	353.3	0.022933483392715236	5.5831232362536705
117.079	353.8	0.21872056958714642	1.7613484542203905
234.0852	353.8	0.1960186589695771	1.8993784143267467
139.0382	357.1	0.20885201723116137	-1.7477536837823469
103.0638	357.806	0.06918769351102977	3.0276774766544934
73.0523	358.34	0.4386501571957514	0.8926392868933788
112.0273	358.5	0.3441284270718007	-1.095197012539354
433.1129	360.5	0.9082635308250842	0.12412412871438123
302.0427	360.7	0.2573852145416524	-1.3317459272908478
214.1319	360.794	0.29445150752232097	1.3168011697646633
266.1273	361.149	0.438884824682446	-0.8745397899672354
208.0848	362.0	0.39962244114960277	-1.0577088054582804
153.0426	362.1	0.3719754055771749	-1.011357199841498
246.1328	363.4	0.13444519836940014	-2.230617398843764
188.116	366.038	0.39257074683073123	0.9626356680260253
304.1383	369.5	0.8238573238787931	-0.24127731409557657
210.1004	370.6	0.3794758038419012	1.115253224132829
114.0317	371.2	0.1624763194287806	1.7774428106838513
248.0562	372.5	0.024637269018384127	3.5216549789758567
279.0968	373.1	0.20122785879945895	-1.585193869464702
70.0531	373.2	0.2263771438003389	-1.6611749997289176
70.0531	373.9	0.28237813791048233	-1.4488607988244038
222.1004	374.9	0.09453797532600822	2.968601934886755
300.0845	375.1	0.6680020185250763	-0.46270507009336403
228.1107	375.207	0.9396619325887494	0.0827632252543826
187.1208	376.1	0.24682824796663713	1.6006713031421975
212.1161	376.849	0.07157737738801588	3.1712876103627745
230.1273	376.909	0.17117839224967688	-1.6653241096263478
195.0895	379.8	0.4509727721937811	0.915318739608212
300.0841	379.841	0.4132667336988704	0.9841104016409029
337.1162	380.091	0.05182554115853106	4.078005665791512
167.0582	380.6	0.03510916817380311	3.5198575570423634
151.0633	382.9	0.8351397049661649	0.2296434056451463
381.0686	384.3	0.7998479362842008	-0.273842816629487
186.1005	384.541	0.4687239722402782	-0.8422826727657442
126.0317	385.5	0.2425370380692231	1.6221183383256021
231.1337	390.266	0.8965440769748922	0.13925849269752602
208.0736	390.5	0.00028349744820702647	-12.32995833375881
190.0954	390.9	0.24557322099831305	1.6018438980741012
593.1461	393.361	0.9187532507195759	0.10863735412582852
165.0426	393.4	0.5054859274888571	-0.7306524954568743
594.1585	394.2	0.7631577668837917	-0.3257266846561239
73.0528	396.0	0.5545533262165623	0.68134677945949
123.0661	397.698	0.12603810278456568	1.9466397733751588
212.1162	398.97	0.048736150534176396	3.992383025314642
151.0633	400.0	0.2619809380640494	1.435835115092213
286.0477	400.2	0.40640093827412016	-0.9439079138769384
101.0841	400.353	0.06179399632539027	2.7043698355883294
142.0263	404.841	0.08589172438841007	2.497882194564534
228.1469	405.602	0.7473175930133241	0.35240072880370116
396.0151	406.2	0.8682421559930225	-0.17731467939737808
326.0994	406.288	0.12162179706892673	-2.396030088725328
131.0946	407.6	0.2666606880330017	1.5014218821324419
126.0317	409.3	0.7436015619203244	-0.3516814566472961
275.1486	414.09	0.13370103872372902	2.065457491618147
159.1259	418.8	0.1532062355557937	-2.0702715796585895
240.0238	419.0	0.9404388402957735	-0.07979386849652952
162.1004	419.2	0.9847407527420815	0.02034975541939627
243.0855	419.2	0.19994766147886198	1.872647188906468
340.0794	419.2	0.6525475099867403	-0.48578619469897916
480.0904	419.4	0.14884854914157863	-2.2818746390042524
281.1111	419.433	0.04574568207225316	4.066542123315464
255.9984	419.9	0.1880432007192691	1.916793340063442
523.2054	420.1	0.13468147955080492	-2.2292805288838347
139.0746	420.4	0.33796219339645106	-1.248133425108296
259.1169	420.8	0.1998088335475167	-1.8341422625254615
277.1487	420.82	0.2284649041633366	-1.4225789228281065
203.0903	422.138	0.9144356813270629	-0.11444697458619053
228.1466	423.384	0.414962898853062	0.9085817597500485
179.0946	423.5	0.6816786793584656	-0.44368966142750293
286.0477	425.4	0.30972793259177783	-1.167238840913833
283.1281	425.4	0.4227438217293372	-0.9063381651307015
286.0477	425.6	0.5537039874923293	-0.658191727507234
126.0317	428.4	0.847418192984676	0.2145514996709859
135.0694	428.631	0.5928156314262322	0.6274722258053709
127.0633	429.743	0.2776258134160554	1.2572929217509758
168.0415	430.087	0.4298612362702133	0.8881160267261315
168.0423	430.1	0.31870698996459457	1.1819709861854906
121.0528	430.7	0.1343109882926462	-2.2324173387766377
284.0768	433.078	0.5881224189998384	-0.6131880198847418
114.0315	433.713	0.04353795635027883	3.2317113827460777
151.0633	434.7	0.37236754337838557	-1.0455112133357987
162.0351	443.2	0.036040785169551164	3.1493404703004355
217.1426	445.8	0.05773396613518894	2.7362510421937603
114.0315	448.277	0.28995921179023804	1.3382850494385299
228.1471	449.883	0.2335300572941972	1.6794964677013955
217.1426	451.5	0.06887622601422888	3.0235809297393836
245.1379	451.706	0.04084286189929429	3.1389679231696856
73.0892	452.983	0.5130141165273956	-0.7174600644491952
132.0899	456.2	0.9833830180938177	-0.022638585627262023
151.0997	456.4	0.0991663612654206	2.8431515991486025
124.0524	458.4	0.32864308135801895	-1.1231107291168914
195.0895	459.5	0.18165071480810735	-1.9014026339824015
413.2626	461.935	0.09579308794547323	-2.2281578715803314
246.1029	463.556	0.059321146610988494	-2.6497572541542906
154.0266	464.8	0.5132351073411167	-0.7314831188940698
153.0538	467.2	0.5061191611033561	0.7518479891093371
203.1273	467.577	0.04232055788912261	-3.383385079977272
256.1099	467.6	0.4885128169672405	-0.764713861123748
189.0427	468.679	0.2464195323312698	-1.6202902943212392
576.1479	469.4	0.24090835590271947	-1.5649020165305514
243.1223	469.9	0.2298815860886139	1.6104571236727814
146.1055	474.7	0.33283196498776246	1.2459202414157258
146.0844	477.1	0.35587733199688953	1.1141266426742207
328.1543	479.0	0.01854074960362696	4.241102185940714
329.1627	479.2	0.8246821649625671	-0.24669878165033232
207.0896	480.155	0.11556156631056927	2.3511637728040666
138.0317	480.2	0.9012153033468984	-0.1375411808610075
224.0685	483.5	0.5889636658014789	-0.60373589669769
187.1689	486.22	0.2854161621105677	1.3837187779703422
133.0528	490.0	0.14521773430778606	1.806160696460522
194.0579	494.8	0.32610424531625926	-1.2119033207617074
266.0903	495.4	0.30206817963251104	1.183790724049704
268.0808	495.647	0.14452105614624924	1.8713903456081329
564.1115	496.8	0.4317046566358627	0.9565523336714029
130.0744	497.032	0.07125678684696375	2.4393891385279685
244.1782	497.102	0.9370752811387717	-0.08408908986322092
128.0473	497.6	0.15912951269270448	-2.126233268917488
148.0524	499.9	0.7722956855630333	0.31025900370243703
161.0477	509.4	0.058241453188316965	-2.861257573605988
257.1052	511.0	0.09415461190448639	3.008332203444517
109.0528	511.2	0.73043828457079	-0.37902916920718427
182.0577	515.709	0.07016259586482929	-3.1811452267564646
209.0244	515.9	0.017477520652081715	-4.19525873927106
99.1045	516.111	0.43485522113729347	-0.8671055494276582
121.0891	517.7	0.11008315033665565	-2.7364729396135727
336.0845	518.9	0.5212912760897749	0.7079821015246484
175.0243	521.4	0.8059064308585204	-0.2630699993029599
239.1018	522.0	0.23629781497464575	-1.4431649823542774
214.0994	524.7	0.4140979440188843	-0.9704290825244695
130.0733	527.362	0.2539440950769084	1.4627249622710787
176.095	529.4	0.7269253086337966	0.3916474217513288
152.0473	529.6	0.24512821055769243	-1.6110966569791938
149.0477	530.5	0.5868413260689482	-0.5921616025699645
87.1042	530.883	0.2777395569793911	-1.2558277477599264
343.1749	531.178	0.04235976278328429	-2.9465535684144046
138.0681	531.5	0.28720788784912005	1.4369560622155786
152.0473	537.0	0.23529462729306996	-1.5919197033528178
136.0524	538.2	0.22779116346855874	-1.5341359528749858
184.0372	538.6	0.06388908846626427	2.833881591798954
580.1792	546.4	0.07036091690739925	-2.569619331408428
111.0796	547.2	0.34300891155100555	-1.074753634491563
224.1049	552.5	0.44943586369145305	0.9322579947023384
138.0681	559.0	0.015503635263994795	-4.051841726576247
164.0473	562.0	0.9908317025894295	0.01255941710790592
181.0739	562.3	0.8505544253060915	0.20141091273888662
124.0524	567.2	0.8929750309171124	0.14455040109713155
418.1264	573.1	0.09252568593749867	-2.2796722123001336
154.0266	605.5	0.33576449967468874	-1.2032084188474008
120.0575	607.0	0.5521665573461478	0.6936099209107472
152.0837	621.3	0.48825682253748226	0.8191292715406763
145.1579	644.8	0.5803478482050202	0.6012019196189156
61.0164	212.6	0.8761611668186755	0.16653159277482113
73.0164	212.6	0.531524679128956	0.710282434527633
74.0004	212.6	0.9497475374726937	0.06781781542569153
118.0742	212.6	0.8387746413968964	0.21820102787592655
181.0739	212.6	0.8619572667995444	-0.19213512161581658
183.0532	212.6	0.03833762157295634	3.1696062624686214
187.0481	212.6	0.4707616695548746	0.8774672809803236
191.0794	212.6	0.28710150164494913	1.4316169278840283
222.0674	212.6	0.5773241567466123	0.615364075930196
197.0688	212.6	0.4613545774278706	0.8522894736018964
133.0739	212.9	0.372409660910825	-1.0176315168734773
161.0695	212.968	0.02324597144453369	3.8737300752428436
161.0688	213.0	0.10279846251560934	2.699177548133563
306.144	213.5	0.24189459016962114	-1.3788045203720962
141.0426	213.7	0.6882586598195449	-0.4317809821376165
145.0739	214.2	0.5736632251421785	-0.6530108332229069
192.027	214.8	0.36107345495475046	-1.1276835300254442
235.0481	216.2	0.6910237662316063	0.42750480181573336
195.0532	216.6	0.19854885692735458	-1.677385085488308
106.0266	217.3	0.09020229267597958	2.8860629616899582
239.0794	219.7	0.1476218981099558	1.993053750211166
89.0113	221.1	0.5579879187813619	-0.6391007053215754
188.0797	223.3	0.5244270571684491	0.7314797423795917
76.016	227.4	0.5159711640586497	-0.7132796744618979
175.0593	228.2	0.4767528094273389	0.7900204378175126
206.0427	229.4	0.9339153919037916	-0.08834867749532825
195.0532	229.6	0.8310560498566127	0.22977339912314032
351.0954	229.6	0.23442979202134434	1.5589967072443822
174.0164	230.0	0.04243449051556629	3.197814920155337
117.0426	230.6	0.1923212692656629	-1.8455107211134514
253.0223	230.9	0.7794415616630999	0.2996636855687814
117.079	232.2	0.7431050372946956	-0.37324648831576995
192.027	232.2	0.9399258174102167	-0.08021543302539731
191.0219	232.5	0.7181544331951105	-0.3876512764841074
166.0477	232.9	0.04549309491552301	-2.898606700475908
175.0481	233.4	0.9973792891421616	0.0035409448971337855
168.0423	233.7	0.26605395073596444	-1.3934936743106079
134.0215	235.0	0.03069292807366626	3.776362106097404
282.1328	235.0	0.05109371928717637	-2.8011483603982232
117.0426	235.4	0.2683524007518169	-1.4535869338920442
234.0852	235.5	0.2847944616979874	-1.3844627403954513
304.0907	235.7	0.9442288955141414	-0.0744537738829512
180.0634	235.8	0.9535990522656479	0.06427349168366982
253.0947	240.739	0.5061485820397299	0.7361282610754241
174.0164	240.8	0.5851676071557643	0.6339036441440213
132.0059	241.3	0.2681435572027677	1.511067683673386
130.0266	242.9	0.5723305757260528	0.6326067210461906
169.0487	243.4	0.0243726467317543	-5.037082598078773
104.011	244.0	0.39083733266309245	-0.9801809956078503
206.0427	244.0	0.6811769584221943	0.4546456465433063
189.0637	244.4	0.4533136688992849	-0.9207544632777589
145.0375	244.6	0.4371574307309616	0.8892836587833883
198.0528	245.9	0.04764485959720508	2.8765636238576917
90.0317	246.1	0.25640157629121063	1.338917661405953
145.0739	246.2	0.26249973379156577	-1.3031538191004306
113.0477	247.0	0.8829394037464267	0.16457645754730155
139.0269	249.0	0.5789187803036049	0.6265592135520096
157.0375	250.0	0.9736082092826894	-0.03596367938797932
90.0317	252.1	0.5232507125751065	0.6991479658307901
163.0845	254.5	0.5951248606183446	0.5945899612854382
205.0586	254.5	0.8682528379635308	0.17986898070852178
115.0269	255.9	0.5689287731599593	0.6203841438326544
145.0375	256.2	0.07673868746003694	2.891948025886545
246.1218	257.474	0.9484415025558686	-0.07242132841370182
172.0372	258.1	0.29559145920157576	1.2674452101631373
156.0535	259.9	0.3219756370172585	1.1297869439887138
219.0743	260.4	0.9254727081394531	0.10563182638826289
143.058	260.748	0.29589884573033676	1.2826793789554498
162.0164	261.2	0.14614353492750862	2.09190901082429
187.0476	261.615	0.2774449889962379	1.2733630715365343
132.0423	261.9	0.4057518103577598	0.9671203819297504
300.0845	262.7	0.6890640827652192	-0.43987019006821243
104.011	262.8	0.06121128239749095	2.878195813341391
158.0691	265.2	0.09732567217730959	2.2737457296874397
88.016	265.7	0.5006663606167644	0.7859376972056534
134.0579	266.0	0.035485296163356855	4.614100630298132
365.1352	266.2	0.3783012288874931	1.1037632566627225
160.0372	266.4	0.5456104998858202	0.7154829183782129
129.0426	268.3	0.4731749942079068	0.7927368342916253
226.0477	269.0	0.0338811773032693	3.195233613805712
104.0473	269.8	0.8758804303327692	0.16925322917047672
206.0427	270.3	0.7381383376042802	-0.3590434628732875
87.032	271.8	0.7584261400015669	-0.32956026193867755
171.0895	272.1	0.2188180995723465	-1.6927422973775093
133.0739	272.2	0.6032000524853753	-0.5650491628227696
143.0582	273.543	0.230933295034769	1.4499259015541759
189.0637	274.7	0.5378175261261746	-0.7271929529366392
206.0427	274.9	0.8193586719817032	-0.24413525718963097
131.0582	275.5	0.20601976833497923	1.592416443821983
130.0266	275.6	0.2490882865452556	1.3491046584650457
118.0266	276.2	0.010765155765156803	4.548799722004125
198.0528	276.9	0.8224476220147128	-0.2401507070882413
160.0484	278.9	0.22779719791205494	-1.426412842366941
244.1054	279.673	0.015317230981159516	4.063597199663921
88.016	279.973	0.020310743290455808	4.092632984373081
148.0372	280.3	0.24886679141075282	1.5923019524393438
102.0317	283.1	0.006059793898173737	5.422941200193411
104.0473	283.5	0.12112912561547426	2.0932405300208257
104.011	284.2	0.6679518719811799	0.48442509150146845
159.0532	285.3	0.6055823086245381	-0.5606888279801373
148.0372	285.6	0.03210422417186055	3.668745098200386
168.0423	287.2	0.4788561924894693	-0.8052539740805347
160.0372	290.3	0.7163342193796647	0.4032163903779536
190.0954	291.4	0.13501027368854382	1.9374363341035012
104.0473	292.9	0.23574462131872592	1.4762330569058308
165.0455	295.029	0.4813943937746613	0.7773128787683387
143.0582	295.345	0.906579130370609	0.13070637586813802
173.0688	295.8	0.17110865248472718	1.7114250400846462
234.0852	298.8	0.027758261680843912	3.445319295365803
378.1274	299.6	0.6366449741187041	0.5332763003571002
157.0738	300.209	0.05081873769353697	3.7704074131479306
182.0579	306.8	0.9041326317016789	0.12877882131838309
88.016	310.2	0.03483592531558874	3.560274682992008
60.0211	311.1	0.1899859804992427	-1.9442799556555916
123.032	311.2	0.5621813108255066	0.6755308457752465
147.0895	311.2	0.37902764224052854	1.1019121926340145
303.1675	313.779	0.09417572396483945	-3.0155322883149314
130.0266	315.2	0.0073647825423480435	6.855252847129786
345.1081	315.8	0.5811370996234438	0.6462304588619947
118.063	316.9	0.5884016443068021	-0.5898688745274523
590.3104	318.4	0.766630134262954	-0.3194493115034954
116.0473	319.1	0.9249760292930209	-0.10064196258141915
130.0266	319.6	0.7540067998458064	0.33732781385740246
180.0423	320.0	0.42814869089125024	-0.9651694892861088
268.0551	320.3	0.23084423231290505	1.6451378124162805
586.2791	320.9	0.046077375729574814	3.3091735810445115
146.0579	322.6	0.81093418525696	0.2555525456995174
472.1819	324.9	0.23871481372263498	1.6370701237596097
143.058	328.741	0.17587862420117115	1.7329592891821926
174.1004	329.1	0.4932916535140495	0.7740232671663829
115.063	329.157	0.07049530123478695	3.037971169337015
161.0688	329.5	0.8311001424431443	-0.23483422452749117
127.0633	330.2	0.0906200256662653	2.7535638224998276
129.0426	330.8	0.03643626294489285	4.164337183072134
258.0852	330.9	0.276170765910869	1.3064896124536953
198.0528	335.0	0.21136131710683717	1.5725541364608
314.0638	335.7	0.8561948071250127	0.2000136751754652
276.078	338.0	0.6989735309479798	0.4278260558700908
321.0696	339.2	0.41491749494931585	1.0044704482374935
212.0321	342.2	0.8665250116025545	0.1847085082583381
161.0324	343.1	0.2941582923218887	-1.4048998348349528
145.1103	344.3	0.717278326857046	-0.39210766520105467
588.2948	344.8	0.5858060767471955	-0.5936085935246254
183.0532	345.1	0.07352461692193095	2.9107235831854905
127.0633	347.5	0.3660381360026587	1.0255107857795416
73.5253	347.741	0.039911072149317973	4.470099672362177
159.0532	347.9	0.306085075242495	1.1788510367188514
151.0633	349.4	0.21724582526739622	-1.4638417207534993
160.0736	351.1	0.34636803004755196	1.2174307992121904
102.0317	354.4	0.9806411187884916	-0.027122126018497308
148.0008	354.5	0.6686417927035999	-0.4710058776160053
180.0423	354.6	0.17086380715695285	1.7895597601177142
166.0267	355.053	0.4245641233059516	0.8942345958828871
152.0473	356.7	0.3346353945211122	1.147676101936807
72.0211	359.6	0.4709378500297281	0.8500397382484394
180.0423	361.2	0.4415610593322141	0.8759954903479588
152.0473	362.0	0.9250609953639146	-0.10040725277516217
281.0899	366.1	0.08413887522901188	2.519900721986919
137.0477	371.9	0.819228332755391	0.24983114760712488
280.1042	375.349	0.25323628302962864	1.3603807967436756
191.0436	375.401	0.07161303858132706	3.4572813055240497
210.0892	378.0	0.08909310371851806	2.5907113512282556
138.0317	379.0	0.8524391896606928	-0.20431758298751404
278.075	379.0	0.9026356140855946	-0.135449051519744
180.0423	380.8	0.7542734439923541	0.33570869694038785
152.0473	383.6	0.3169441355964774	-1.2876307179753255
166.0266	384.7	0.10350023575549556	2.113078494766772
165.0426	386.1	0.0040887361271915255	6.797723540469321
84.0211	388.8	0.42096483033637205	-0.9924253041521564
180.0423	389.5	0.4137014156930838	1.0058532688407065
86.0368	390.8	0.35937223769501553	1.0921338273426775
161.034	398.338	0.04339188605453154	2.9327196396463573
166.0266	400.3	0.15832653502626132	1.7577644052873327
176.0321	400.8	0.3238125212723962	1.2854941915367566
226.0954	402.3	0.31133623395372856	1.3097120452274678
352.0642	406.2	0.14594835119450145	2.1271771253380125
148.0008	407.5	0.01724032885075177	4.156188190367206
172.0372	410.0	0.6260457840980382	0.529390992131144
187.0481	411.4	0.8438307466837125	-0.2179751510498476
268.1059	415.5	0.9874546054697806	-0.016934374279808366
584.2635	415.6	0.18543895916800324	1.6814345215634505
175.0481	416.9	0.27724103249297083	1.4337841332757848
88.0524	417.6	0.7763447744527752	-0.3052641505981376
197.0324	418.0	0.01998532955433702	4.589621293987845
176.0321	428.0	0.6077218500894476	0.5804564355356747
131.0219	429.5	0.5857870944939914	-0.5936360825765633
100.0524	440.1	0.22246207915998456	1.5335017676073706
165.0421	440.7	0.734227151900497	0.3653761289303986
137.0477	441.4	0.10880783383995839	2.2385836001975927
146.0692	442.11	0.5958356320767939	0.5857043782169457
162.0528	447.8	0.4868959139525817	-0.821158253514312
164.0473	447.9	0.6011855996715308	-0.567135550516755
210.0531	449.239	0.8940962223703486	0.1439529636762255
155.0695	452.9	0.09657684456660871	2.803178458572632
118.0266	453.3	0.020445965527537777	4.0247551293812265
122.0368	463.4	0.607805338020428	0.5843639147262665
144.0423	466.6	0.7464016247418153	0.36428046053771257
146.0215	467.3	0.429198083222428	0.879869285749266
188.1412	467.7	0.7312208344447859	-0.369476920810702
490.2203	468.9	0.7525543764448712	0.33906670884616835
172.1099	470.1	0.7145951579905511	0.4021500811023046
130.0266	471.9	0.054546181984143224	3.007307164964413
132.0423	475.9	0.5896891113917815	0.6208776230534899
186.1256	480.1	0.5332547196262561	0.7157353754585156
114.0681	480.1	0.1635272051881481	1.7371992614909935
116.011	484.1	0.09027773009466777	2.6494572990022993
312.2301	484.7	0.7095380302311179	0.4007052637933097
212.1412	486.5	0.7396258279408865	0.3683186641954392
148.0524	487.4	0.10814004104336444	2.4599817421334533
192.0423	487.8	0.5486150485590354	0.6543271987268034
114.0681	489.2	0.24115522955307842	-1.3883871121919293
168.0423	492.0	0.967561709437697	-0.04345767255685272
264.1031	494.5	0.3868909891630003	1.0885059201368688
481.2312	499.3	0.9343673151536793	0.08971079221265975
136.0524	502.6	0.9103318492255402	0.12030086066080208
186.1256	506.5	0.20628172155386237	1.7770242944346535
160.0736	511.8	0.9726652548527364	-0.037012865547226964
210.1256	512.1	0.10519929827248155	2.8240261195206817
116.0837	513.1	0.807505871746417	-0.26801738812758524
278.1154	514.4	0.1645430155945679	1.841139257205167
144.0423	520.8	0.9751086131700051	-0.03319680783441102
172.0723	522.704	0.16756442630908763	-1.945564278485132
116.0837	523.1	0.20343326399120848	-1.8373184139983765
162.0681	531.1	0.41426149386060795	-0.9521400176710233
323.2093	531.176	0.057305671480314326	3.7639036314147245
128.0837	532.5	0.5015230441393657	0.8087126810204677
158.0579	536.7	0.5046393161784966	0.7730610591394277
216.1725	538.0	0.851409874830794	0.20248489732708733
174.0892	538.3	0.5106901768924919	0.7744778508301208
278.1188	540.3	0.7068363601023913	0.4057108723743309
144.0423	550.5	0.8234361965490009	0.2500156532710154
212.1412	552.8	0.43207588196869645	0.9574341786627462
308.1974	554.783	0.10084930493890426	2.203210699170422
130.0994	556.0	0.9321135301974994	-0.09245407952147634
312.2301	569.0	0.39047622248798175	1.0470480258404535
165.079	569.4	0.11463137043685122	2.034564458879428
166.0994	574.8	0.1033518121102131	2.2918725156598216
332.1624	581.1	0.4939948321271852	-0.7544422431255264
332.1624	588.9	0.18323165192727628	-1.895809960186841
144.115	589.7	0.2315610281145703	1.5478618284826111
336.2301	592.1	0.5805934998680667	0.6309422094127789
166.0994	594.8	0.19357576713666402	-1.880915269705072
330.1467	595.1	0.8928268828091968	0.14556718380359235
144.115	596.0	0.9938886771682098	-0.008148640535178938
334.2144	602.5	0.8261450147006916	0.2377378959541235
313.2627	602.523	0.12695693925682444	2.232397162946066
248.1412	603.2	0.8234365516990527	0.23905476667267983
316.1675	604.1	0.2365342029980761	-1.5463549347685237
214.1569	606.3	0.1498818708221632	2.024076268630727
336.2269	606.553	0.3372524561204343	-1.2507724067609953
314.2457	606.7	0.5854760144878144	-0.5941802209566583
336.2301	606.9	0.9922265267912823	-0.010374630384252199
332.1954	608.071	0.006114459887218805	7.108186533109108
310.2144	609.8	0.0017875000483041814	7.903026719257707
296.2351	610.1	0.31905009230641257	1.232069756489502
294.2195	614.3	0.4335557532686466	0.9012515171600834
168.115	616.7	0.7889854994781014	-0.28629266678418513
228.1362	619.2	0.30082195158450964	-1.2881294400787666
294.2195	621.5	0.4320888122934648	0.8803116579260389
158.1307	622.8	0.9491480556390897	-0.06792791389994444
257.2005	623.189	0.06226733003888129	-3.473051397826802
250.1569	626.0	0.9532427137359558	-0.06269781705847345
316.2614	632.3	0.01704647964649112	5.111371593777725
334.2144	633.1	0.01353797916134652	5.722020756679556
312.2301	633.7	0.007346823331435177	7.953445496261473
286.2144	640.1	0.6072689967824529	0.5570783576966022
334.2144	640.9	0.22900575938848539	-1.464193808804972
312.2301	641.0	0.977158598502134	0.030885592625018315
338.2457	645.6	0.8320606715354756	0.23502060175718995
184.1462	646.621	0.9648679315473486	0.04844393902288484
172.1463	650.6	0.7269218332956431	0.38997424242742534
332.1988	651.4	0.15972010146061483	1.7269053528601768
292.2038	659.6	0.007452939968767343	5.965195440653282
272.2351	663.1	0.8661828102823993	-0.18211002769513407
172.1463	667.3	0.7297436598243467	-0.371954450176305
346.2124	667.427	0.15314036314464932	2.228339611582034
332.1988	669.5	0.6037074040679686	-0.597894219927976
318.2195	671.8	0.663648671222401	0.47635787671665636
278.2246	671.9	0.5428289555368372	0.698041573313443
334.2144	677.3	0.773684948614393	0.31108864312642404
234.162	677.8	0.7073305406164954	-0.4284305223237516
270.2195	679.5	0.8208178457828168	-0.2438651048994215
294.2195	685.7	0.08304441303922491	2.5783486561643643
258.1831	687.0	0.7768320487967453	0.3159887253159667
298.2508	691.4	0.040752026772742055	3.5622627530269546
316.2038	691.5	0.5858360905141465	0.6018877646442529
320.2351	691.9	0.26565919582770803	1.4341685217991527
314.2439	696.872	0.9503126614157821	-0.0676090563358501
292.2038	701.8	0.9265560580990815	0.09904315051101788
320.2351	704.6	0.09084236133001503	-2.2232236058692583
314.2457	708.0	0.7352191693714412	-0.373597252598472
318.2195	716.4	0.9733903879039858	0.035495169454555595
292.2038	726.3	0.6221783421810758	0.5437586891980323
200.1776	727.1	0.5525944632419254	-0.6569219509356539
250.1569	728.0	0.8308080696187622	-0.22923496601306315
226.1936	737.429	0.5558240482062122	-0.6487340716604059
276.2089	738.3	0.8195961127896805	0.24612284198416215
292.2038	739.5	0.6749361189414984	0.46648024054848636
320.2351	740.7	0.6498862621398878	-0.5077221355813332
320.2351	747.5	0.9898655497886237	-0.013832774646087377
327.2779	757.153	0.02012500719818304	3.754745156294587
278.2246	759.9	0.08597243203601262	3.078109362405114
254.2246	783.7	0.5103799540655993	-0.7761888364050927
302.2246	787.0	0.13877837638401105	2.2522372610442423
280.2402	795.5	0.8673291986039441	-0.18150843171626616
304.2402	818.2	0.9856614262826311	0.01956832960315598
306.2559	862.0	0.6825163325037521	-0.44561336735158413
256.2402	868.5	0.5668150045147246	-0.65445741289657
284.2715	950.8	0.19447739949502493	1.6467825106704828
