m/z	retention_time	p_value	t_score
347.061	165.142	0.43983919067693844	0.8568293170030233
384.12	368.227	0.8960948359029642	0.1472031244212765
89.0478	241.494	0.9461187146560038	0.07392822305731035
146.109	195.207	0.42819414933768685	-0.9043854626058219
146.1061	474.105	0.4217235598783984	-1.0016662049877512
323.0498	169.774	0.49845950320458554	0.7891134713245017
176.0328	321.379	0.050819195011098134	-2.796782653614366
204.0903	450.091	0.29735730622097956	1.3367920496327628
116.0103	307.707	0.02947397976465599	5.17407578603652
116.0103	408.121	0.06542675871299457	3.512445429999426
116.0103	257.207	0.028308767639626014	5.266806497798087
612.1487	302.036	0.6297016628145521	-0.5625418324471628
642.3001	458.493	0.10905599913390294	-2.624817280719242
88.0988	529.936	0.5616245401408575	-0.6745804918879408
135.0537	349.073	0.042049709414766386	-3.8035840197602218
132.0531	184.874	0.42310795461724693	0.9528362646843821
192.0272	215.905	0.07231776676910198	2.7988372079731088
117.0786	325.426	0.8040832031235454	-0.2650689787572476
89.0478	318.458	0.1781323128564555	-1.9487995728922998
125.0146	169.461	0.015233482516108801	-5.194408986684769
119.0575	180.793	0.6592945605595957	-0.48079595001304126
192.0265	391.225	0.15164660963513954	1.8357662186931494
103.063	276.854	0.2034229323862448	-1.8279154049430248
259.0459	147.818	0.9218891364377318	0.10642614455282239
104.0091	446.952	0.6368388406990948	0.5122792277762238
152.0335	291.841	0.7782931694455026	0.3100868925836209
131.0945	302.364	0.5840962698910825	-0.6167656646320047
131.0945	258.726	0.34223513293164254	-1.079326263496488
129.079	400.318	0.715079079687513	-0.41528672723781357
129.0792	381.087	0.20445186100673807	-1.5759106058545294
176.0425	375.97	0.7255076464781142	-0.37694050785488903
174.0531	229.259	0.16393604470838008	2.153586160352024
87.0685	346.276	0.020404319526756868	4.422974411557849
251.1003	325.794	0.00425455596930226	-7.99466722522253
137.0459	438.001	0.28930855765199803	-1.2351461150230398
153.0099	167.307	0.17941274676090577	-1.772361130016652
189.0634	413.443	0.162883670851113	1.7120525417158605
154.0275	603.763	0.1361466661600173	2.018188337966944
122.036	533.861	0.7734276100494606	-0.3228995860208127
220.0838	496.852	0.23791349897689587	1.4485028191950766
192.027	351.765	0.10670993763502956	2.405990271376941
164.0475	497.662	0.0861644679020942	2.2659938031260953
139.027	574.103	0.5708293982525084	0.6718974885104636
119.0178	301.607	0.28669155297272203	-1.3152309433548706
119.0217	284.286	0.7579105906590227	0.3500267751915029
119.0176	319.687	0.956805315168435	0.0577427606113782
175.0634	445.461	0.0242737397850947	6.076417579501839
116.0956	285.181	0.8166099698742886	0.2578587513835734
187.1679	484.934	0.2288167458333574	1.6432128961926515
145.0848	181.825	0.19830743829569	1.546707317151392
145.085	377.725	0.35920439725748504	1.0443497738724412
175.0478	412.274	0.7114382346684353	0.39784053080209175
175.0477	418.537	0.6399217111173143	0.5053058753611064
175.0472	393.025	0.010956447698268265	4.627250658521899
161.0682	300.911	0.9159730734013787	0.1136190556478743
162.0161	261.963	0.07182941440462193	3.470582634115592
194.0574	494.381	0.16183871965636676	2.098705584354365
115.0266	248.993	0.224847232439139	1.6273188715729778
117.0782	228.101	0.4355463886110202	0.8671209502917073
117.0788	318.327	0.9178652080147142	-0.11110221976243351
117.0782	222.868	0.3886185678170106	0.967525654175895
129.0418	314.468	0.14271525539248542	1.8985896818166137
188.1251	383.096	0.23731909972981713	-1.424971754168125
131.0949	417.608	0.3747598455546841	-1.1268815561289323
118.0259	276.87	0.6698910931442955	0.48986262746884124
126.0296	677.115	0.004124828341812638	5.903470035198377
130.0267	470.686	0.7090752729089173	-0.4123835673491315
103.0626	282.722	0.753727917053473	0.35184555962081765
214.1576	595.227	0.9235391982608299	-0.10218081566469339
109.0522	432.572	0.6371709924908362	0.5309661342881312
189.1101	216.566	0.5152374669540217	-0.7141335298855859
176.0676	493.587	0.007661174870619056	5.615760930543227
172.0367	222.2	0.761130314411109	-0.3255033370282011
129.0899	237.666	0.45092823679263166	-0.8988994840271557
236.0782	244.953	0.28889682271569134	1.3014244796454828
130.1116	345.557	0.19428255201156158	-1.8310343345213667
188.1173	267.889	0.5769052429446896	0.658625505753773
160.1219	524.398	0.11197335223624469	-2.2828439731025973
126.0431	344.456	0.03294755762312087	-4.436533105365743
101.0473	333.43	0.020094761644872793	-4.010760727558662
243.086	253.086	0.5343858528508082	0.723203641825926
154.038	274.02	0.519125121634527	-0.7062120192642901
118.0734	188.282	0.03286057243810397	4.258913349931851
118.0735	444.056	0.07074745046160019	-3.081518038109682
169.0334	380.886	0.8671457484150717	0.17833468780212833
104.0575	443.316	0.16423859562363008	1.853265754364677
148.0014	407.865	0.040064966717917726	3.7918019382218238
113.0468	330.951	0.07451174647323543	3.273113741223738
147.0533	329.837	0.3145426261961184	1.2047710413720432
147.0537	339.696	0.744718161492778	-0.3505281510189025
147.0535	284.895	0.34937609550722654	1.0833811904694834
145.0737	360.501	0.2276158045700101	-1.455729145580865
162.0526	447.914	0.34652170206803307	1.1275663048360611
188.1272	196.669	0.04028249551179509	-2.9923182761746583
145.0739	235.602	0.40990757136615086	-0.968835065115359
127.063	343.805	0.5309807037139375	0.7435052747561819
155.0337	186.855	0.29660662430007273	-1.263803671259231
134.0581	268.565	0.08406856114606114	2.9134802217132147
140.0083	259.037	0.8432230816801616	0.22314402997165456
256.1149	427.248	0.22288394635822478	-1.5375478072714257
335.1323	170.641	0.09195835862844746	-2.3308821625290146
297.1068	197.698	0.30813034794296557	-1.2283016878479542
192.027	233.079	0.08582784412987789	2.7038446436800894
183.0711	561.755	0.8231522981469158	0.24238443833726883
294.2185	708.168	0.14763808183764277	-1.9596427549561461
310.2142	646.605	0.1208401444140359	2.5498417799608126
310.2152	623.667	0.6390379163176472	-0.5149545240100719
149.0453	427.927	0.6918744827273832	0.45079337949571435
152.0471	458.943	0.5001164186929548	-0.741323344283556
120.0576	610.837	0.09892895711957536	2.469080132126965
191.0613	433.457	0.2161983720986767	-1.765456958227247
191.0585	450.008	0.6275156998256098	0.5664546453678618
191.0598	463.838	0.11783110760972679	2.4541555194489364
219.053	372.294	0.004028243577222655	6.128559302427304
165.0402	287.052	0.32937855145527284	1.161946598822552
165.0431	335.335	0.3088488359903314	1.3204091871226942
133.0519	534.425	0.09338995771501542	2.3678414540067387
128.0581	289.502	0.1778997264179395	1.747214110522267
128.0577	263.583	0.9659217684749888	0.04568524240090491
132.0518	286.787	0.42715688647089894	0.8829115154335134
334.2124	601.825	0.05028257468257478	-2.822394144911939
148.0365	280.894	0.15894524316613493	1.815734543363142
146.0582	492.733	0.4874701502619082	0.771264735537538
272.0894	351.983	0.06442068578154672	-3.2433535864126686
190.0478	471.428	0.8496273626057341	0.20411392966674832
142.0738	286.608	0.12667299000226015	-2.4943271649623675
161.0683	276.682	0.021709166444978775	3.698358758823941
161.0685	339.256	0.0590346375330315	3.9298492463086836
228.2096	761.042	0.8529797839424096	-0.2039572800065535
160.0833	210.228	0.280427026114863	-1.2521706660650616
267.0966	209.968	0.23575138793925862	-1.567827370698784
153.0647	241.154	0.5413704744032634	-0.6777748046435312
163.0283	232.442	0.8151455292975042	-0.24966262379339446
345.0505	147.487	0.475501897352056	-0.8458584965224986
312.2301	529.817	0.27798988064768815	-1.2770066108436051
312.2297	577.777	0.41856085422823175	-0.9088008907536942
250.0472	409.247	0.5282378522535524	-0.7296228041548369
202.122	510.331	0.2953517607172423	-1.2226070882141644
210.1249	605.999	0.3762368032185548	-1.1234637792725344
316.2007	666.317	0.2593758725906751	1.468572255150265
148.0524	497.282	0.12816262600577422	2.107817003414293
198.0526	463.791	0.6737507775807925	-0.4618245120906272
164.0502	562.443	0.020003279167891307	3.7595541556120184
294.1211	346.826	0.1100947831228241	-2.0467659859229848
105.0796	325.317	0.8462332383820883	0.2084903277233303
126.0312	505.589	0.00932349085749927	4.866953154395855
126.0311	491.362	0.06858571699303045	3.289024714128259
306.0743	302.16	0.6297016628145521	-0.5625418324471628
147.0523	263.88	0.5220804636736883	0.7323649290679459
101.0835	347.282	0.7868524517288193	0.303467167606256
193.0411	288.097	0.788086059408058	0.2939889717751277
122.0841	453.104	0.22822346045866007	1.7094847518970029
87.0689	444.317	0.7984874593170769	0.27815109349051087
294.2203	685.859	0.024476090337892387	-3.559045466942166
320.233	728.554	0.8887283652562343	-0.15707473674006522
314.2453	592.595	0.9417341636419821	0.07782964422615903
314.2455	615.87	0.12141483432667438	-2.293710332431797
312.2299	651.162	0.4097088621332581	-0.9310876306139618
312.2309	679.528	0.6551387356482616	0.48185637144455307
330.2403	576.837	0.11591615897988596	-2.0400988307109404
330.2385	486.858	0.6691578999137684	-0.46269821821626544
330.2392	541.551	0.29109580797002993	-1.2523255922360395
330.2395	515.144	0.2313788410984967	-1.5026582832589577
232.1037	215.842	0.3684743249566952	1.0865755604735154
210.0996	641.204	0.47444670882704953	0.8149557370476201
175.0474	380.712	0.11927919848204656	2.0803564310184104
175.0474	318.103	0.07232076623687636	2.8382828146864623
240.0079	511.934	0.12106801307427222	2.417746290362733
240.0127	315.133	0.8089421324736314	-0.26816801077123065
240.01	460.035	0.13028842206765637	1.9332006511395896
240.0104	549.356	0.25732322695303245	1.5590727442842478
240.0078	483.881	0.3343132998024705	1.2579354295393963
240.007	478.533	0.30002170301460923	1.3733241202833066
240.0091	296.075	0.5587606736084201	-0.6740066378312168
240.0089	442.121	0.41032062143308645	0.9297875702341393
240.0089	260.997	0.15930788499611834	-1.7295355126439822
240.0102	479.883	0.3946782476851334	1.0719476651275217
228.1359	533.47	0.29359357520794627	1.2747654048645487
228.1355	617.076	0.40707957369875114	0.9292014983294696
212.1416	486.423	0.14401499897590453	-1.953926540027125
212.142	520.992	0.7365396620039149	0.3648658248679955
294.2191	601.555	0.2316060689978084	-1.4508202838206825
292.2041	648.045	0.5538812603790993	-0.660240944006926
172.1101	489.787	0.22189744449269153	-1.4551736432089402
153.0896	584.875	0.7346657248713682	-0.3753333630314293
183.0639	545.702	0.9907196553090066	-0.01242640247360308
302.0789	609.485	0.30785950155644404	-1.2291446496274232
199.0583	491.686	0.6551697934657473	0.502011953060819
209.0799	372.385	0.4401933868360401	-0.9554096481302574
158.0691	317.311	0.30624791253159567	-1.2962284905342845
183.0204	151.239	0.6722376440473422	-0.4724319170361038
198.0282	563.899	0.121861516535966	2.381532762996488
268.081	691.339	0.27042137814770717	-1.337874826327844
146.0689	213.615	0.040883134174729045	-3.5183989009369143
146.0685	199.396	0.1410416679878425	-2.1655670407330563
316.201	646.266	0.19252577588833117	-1.7230839781600462
162.1012	418.344	0.043431919182809246	-3.0437817318430724
189.1495	217.127	0.44407361482340024	-0.8523484510389409
363.0557	341.852	0.8906531161073878	0.15122136011811982
161.0471	508.67	0.038459670102893216	4.746006456321093
166.0835	257.925	0.39232861475149233	-0.9647782515605315
133.036	255.45	0.13653486667135717	1.8744551278953125
312.23	486.891	0.17632406681159415	-1.7484368433354478
312.23	514.255	0.4724222920542774	0.8773315292612395
194.0423	244.928	0.08396330417107174	2.732540415789236
87.0318	329.396	0.41015556429886274	0.9517049022067817
87.0313	361.648	0.42760881163079983	0.8822935371381669
160.0373	351.998	0.4467492810863822	0.842929093842522
276.0957	212.914	0.20039761047929128	1.7950432345253662
190.0945	192.565	0.04291357788597455	3.730428621113866
190.0949	454.946	0.4589644880804912	0.8355581997038202
198.0532	323.862	0.4796437942644751	-0.7800075804482317
136.0521	506.203	0.5490807506911811	0.7135862386725412
182.0254	368.633	0.6044220721986913	-0.5712798952631664
173.068	250.601	0.00909225874879895	5.0159572822009
180.063	196.105	0.9043320711145767	-0.12821087550346158
180.0626	439.025	0.06453986294368423	3.2342008522494776
180.0642	261.312	0.08901563284650561	3.0539921144420337
180.0625	415.829	0.08317689492406741	-3.0326228108118674
180.0625	203.059	0.4668146195038673	-0.8180999539422069
180.0635	387.923	0.10944426780154771	-2.39763511974615
180.0631	240.423	0.10817136190784009	2.7429475257618487
180.0632	393.219	0.1276344612565551	-2.2813021697840776
180.0625	401.073	0.11676472937841906	-2.392353759170962
113.0467	374.756	0.7846555918976129	0.2967961355351451
144.0409	489.33	0.11465111745705808	2.58408964276219
172.0848	268.407	0.13531926927288815	-1.8678898250327503
216.1362	614.527	0.29698506001785463	1.2173279446858611
153.0434	215.924	0.4375848430745577	-0.943009649665774
175.0942	286.118	0.02222950634510959	4.878969478667931
218.0904	219.618	0.32778138770003734	-1.2412591875778363
228.148	395.484	0.09239686436207874	-2.28775382317038
262.1308	404.278	0.34973706257880766	-1.2088175881996661
172.0852	287.579	0.26020004933691343	1.3388326899485514
193.0732	388.141	0.32785341338333374	-1.2107636887910962
153.044	591.019	0.9793511574391931	0.02882144306041672
160.0837	248.675	0.26337608588129413	-1.4753715907009166
204.0737	215.431	0.368814994414466	-1.1220965516843864
202.1312	370.059	0.11191115589191696	-2.6814342401846902
202.1308	362.034	0.12004791453624074	-2.5949836056821787
217.143	450.735	0.053894214143627425	-2.7855065576825093
186.1006	292.285	0.2057474844141092	-1.6456179775582496
188.1169	320.253	0.17637796857421098	-2.013488446106688
246.1008	453.027	0.10039183576114186	2.5802012381355723
260.1125	165.462	0.19568059293234408	-1.7513713186354896
219.0847	171.483	0.17140584699715336	-1.7143682491944283
233.1002	174.247	0.1339649377887557	-2.1818553659269675
295.1179	492.54	0.3580416696251482	-1.0571646056917532
231.1231	240.089	0.009732428064283894	-4.650862050993551
246.1211	312.324	0.5111690924042894	-0.7730808120534561
296.0995	499.412	0.10836979111922736	-2.098281172684877
232.1046	288.197	0.31846233528220275	-1.26003290054488
217.1046	201.341	0.4037346243000181	-0.9942142430318965
274.1278	167.839	0.35767988884214763	-1.1668254518385175
275.111	181.157	0.8994216706008487	-0.13496630478179927
203.09	187.029	0.7802040065208091	-0.3179003468232841
274.164	392.703	0.050781555675120715	-3.3623174352008203
247.1159	185.612	0.131914777604467	-2.429832440147676
261.0961	177.312	0.6961142293442784	-0.4441263461419156
276.0938	197.211	0.49271952943217284	-0.7595902602151517
204.0733	198.16	0.2604577827410244	-1.4392411012017747
260.1365	319.177	0.09785886435774926	-2.2219128331892497
234.0834	189.712	0.14954228035347217	-1.9812810484029624
248.1002	201.978	0.14632829515838972	-1.801895413248653
310.1162	501.645	0.05174449623200926	-2.7471564667995865
246.1206	266.024	0.09426527424926986	-2.389131009247267
354.0659	370.094	0.38111380478620094	0.9975464196095513
212.0914	475.124	0.21885812441034	-1.5415719398402479
203.1257	442.174	0.2960096717320098	-1.4012413921358244
162.0644	202.655	0.48059132475322813	-0.7828334395971855
176.0811	223.376	0.2506492394818046	-1.5226156701703972
238.0961	538.672	0.5070987844775895	-0.7802363467208405
226.106	466.927	0.20619381823630514	-1.7000566121303295
270.0944	430.035	0.15965809443173307	1.9683464658197043
284.1126	433.608	0.14241348445871738	-1.9371396060942339
302.139	543.381	0.9823842762584751	-0.02438428112827028
242.1003	429.644	0.04135517789283533	-3.1574834260458275
202.1314	332.552	0.10944007665049198	-2.7500924967974094
268.152	538.965	0.2869265475566924	-1.3965347797045842
232.141	307.699	0.00850037440521681	-7.937217600811207
246.1215	295.482	0.16639759239267518	-1.9048814516889088
244.1778	444.006	0.006817257952952781	-5.5308358384657
218.1258	290.506	0.06421750465520701	-3.144525087325869
294.1571	586.933	0.6112994479105226	0.5504605935682023
217.1428	445.274	0.02569219449996898	-3.6425775689124595
203.1259	432.799	0.0727019875247731	-3.3373569000788277
283.1637	585.798	0.3846544532475857	0.9856280583948045
259.19	518.061	0.03893962153132821	-3.6746874050774934
243.1568	478.243	0.38943940164031543	-0.9855595175009259
245.1744	489.204	0.0338501321679763	-3.2122692316583294
220.0853	307.078	0.9318375508688849	0.09448938235220498
264.1468	427.312	0.0523881605951425	-3.6369102041163734
186.1006	309.349	0.8696528165089019	-0.17518551090258785
271.1638	403.811	0.2118288178241145	1.6571956563441113
244.1053	270.541	0.19334460550992963	1.7318245542218
252.1231	524.272	0.2581998319724346	-1.5394727619643753
246.1052	378.783	0.2030611265091772	-1.80321914279393
202.0942	258.073	0.6779588696101257	-0.448235879153647
216.1107	279.196	0.7036003693716681	0.41006881672032663
214.1311	382.185	0.6987294668177289	-0.4354144875598338
220.0683	183.059	0.4328372630570853	-0.8732210176949069
234.084	177.444	0.6753913876099791	-0.45113449438800507
242.0999	446.851	0.10262414114359016	-2.237286311687258
218.1268	307.481	0.07103971338524226	-2.6306662655461435
218.1263	298.493	0.06067270707104698	-2.7673310102893764
233.1379	416.337	0.07584432582180481	-2.684836158336533
192.0743	180.946	0.3715318284289772	-1.0055469230114844
206.0898	182.206	0.01270970287718699	-4.805944598460934
233.0996	184.315	0.11605103784690199	-2.474928511352927
222.0676	197.218	0.2640694338927437	-1.2980146015888117
232.1416	327.921	0.04683190696237349	-2.881798496011204
250.0968	298.069	0.0973786351833687	-2.7482391681468883
216.1111	258.373	0.7550239264020076	-0.3427185674433589
206.0908	196.264	0.6360818613251851	-0.5148887237539644
220.1052	212.29	0.14192433835088986	-2.1460662090552565
282.1201	530.653	0.16182354686892422	-1.7664990475269668
238.0951	521.03	0.5725618008020588	-0.6430240969356584
278.1259	560.768	0.25143622597130144	1.3476944224197507
282.1166	497.337	0.19374966502376806	-1.7238533722897524
280.1425	565.636	0.6055075448828442	-0.5827595986148122
188.1165	295.936	0.15259268493588207	-2.1553669185351323
232.1052	258.062	0.18958163440844594	-1.581558631000117
230.1629	418.102	0.0425781541205807	-4.003160564393581
216.1468	370.963	0.09512954063075749	-2.9106504531032433
294.1207	319.944	0.09368943623471614	-2.7286290957610673
151.0303	174.318	0.19302886449446874	-1.8631890336745298
174.1003	317.132	0.20025254572132048	-1.6977409987299918
146.0687	245.882	0.2295878323904447	-1.7075278110180139
259.0457	147.8	0.8545086636644649	-0.1979790215155997
211.0358	149.3	0.3163571891253396	1.2272102611263873
139.0398	150.0	0.11666589779824121	-2.1580856830365285
199.0246	150.0	0.9834080922237529	0.022910110337011715
153.0096	152.0	0.26007724687356226	-1.5505280484272983
356.0733	153.1	0.862420518503848	-0.18505149494223605
229.0351	154.0	0.6452580731011885	0.49825130539747514
215.0559	154.7	0.42579523410953135	0.9006655210303952
537.0761	155.1	0.2786184896366807	1.4550967665722914
169.0045	156.0	0.33489611474476694	-1.254554630488644
141.0191	159.3	0.39670787410323516	0.97098472224805
246.097	161.409	0.1588533414615167	-1.7295774070085133
261.0965	162.187	0.5580637478187644	-0.6518955946498698
195.0743	162.7	0.14594439817478666	-2.2838686643969006
179.0794	164.0	0.22847094720000247	1.4213127746059855
261.0307	164.0	0.07393748312142306	-3.0767495324458336
431.0131	164.7	0.9123950495059812	0.1181138978153841
307.0838	165.4	0.1406347458672592	-2.1662955949213325
347.0631	165.4	0.9007540461167092	0.13282398921071553
302.1702	166.147	0.2596783494205766	-1.3226722945823681
167.0259	166.214	0.3203219856301108	-1.2889746231072399
274.1277	168.0	0.34672121617277185	-1.1964466349545375
238.0605	170.329	0.114297661503886	-2.0242148034510974
204.0734	170.75	0.6408179541086274	-0.5201361776304341
283.0917	173.1	0.5433186327991859	-0.6698264246547015
133.0487	173.2	0.47398348232477133	-0.8462446307981374
220.0684	174.069	0.4526966172488864	-0.8794627159864107
169.0847	178.323	0.5149547026425388	-0.771040424203383
290.1226	181.1	0.38081140052380974	-1.0410523631074844
335.0631	181.9	0.30721103330330757	-1.342804466686566
162.0643	182.294	0.32219965263070544	-1.2909765668022142
173.08	184.4	0.3373050976865795	-1.1902692840676277
174.1117	188.0	0.25131071693279144	-1.594122478243355
248.0994	188.562	0.08053687183028835	-2.4925695905371397
232.1166	189.143	0.27339214010277196	-1.4869743859624547
190.0586	190.315	0.0259640877197731	-4.271877753273443
190.0954	192.7	0.012951027445859374	5.187763187348999
160.0484	194.4	0.29916907797002273	-1.3423807124112508
146.0691	194.6	0.41322035730292883	-0.9460024444531441
275.1115	199.652	0.393973157379577	-1.0499609774848684
204.111	199.7	0.038585176453901464	-3.6497107130390845
175.0957	200.7	0.15194763358263186	1.8620607915641694
636.0963	202.6	0.24283479844294703	-1.4449866908161766
119.0582	209.1	0.011536131141701515	-4.8610419152324935
202.1421	209.444	0.4471094294735345	-0.8531442755606388
163.0593	209.5	0.15242583212207922	-2.131570876891528
267.0968	210.0	0.14862503245479933	-2.066057877927957
165.046	211.7	0.3095306907708903	-1.3485042848331945
105.0426	211.8	0.07042262797016205	-3.4831574404276053
190.0954	212.4	0.08304795517262567	-2.3258838073926564
189.0637	216.7	0.5721941047999939	0.6241160244192082
605.0772	218.1	0.4168277499534892	0.9073453610314082
218.0903	219.6	0.34792316265538376	-1.137701199164375
147.0532	220.1	0.6587340919206617	0.47738856038253413
383.1057	220.384	0.00831120919839171	-5.058078927473179
133.0375	220.6	0.36785773407129774	-1.09674104236284
289.1274	222.2	0.042643653847865746	-3.231542651053067
230.1258	222.894	0.03920493755987569	-3.6635575320591225
237.0309	223.645	0.2374090330872983	-1.6588180583857084
133.0741	223.773	0.7895530164858038	-0.2903955470427853
346.09	230.1	0.14831112603109975	-2.0440140607762824
287.1123	231.282	0.621555105704118	-0.5355913937268565
332.1332	233.2	0.3078366607510725	-1.2292720889466522
103.0273	234.256	0.023513225087911923	-5.005379336492471
332.0743	234.6	0.08646952722706186	-2.414953415699772
141.0426	237.7	0.10054026520945672	-2.243824987354459
119.0582	237.9	0.08724796628823592	-2.4508672603724886
161.0688	238.8	0.03838101587829603	-3.723219469137501
188.1161	238.9	0.01252333763738048	-4.3291110859506885
273.1325	239.1	0.20351443127032026	-1.6548193266989553
114.0429	239.3	0.24768676110266144	1.572843654993838
133.0731	239.769	0.2566595392756254	1.5149479245601245
377.1335	241.7	0.34265100655981917	-1.1083074972900844
61.0528	241.9	0.17572718153891134	-1.6567849629801472
229.1066	242.776	0.2538839073041959	1.5548423399405902
174.1004	243.6	0.8145280912412785	-0.2667047835132068
199.0957	244.6	0.830506153693915	0.22897903003884204
243.1205	244.978	0.5069999198911068	0.7442339457375385
131.1422	245.6	0.6862432456437597	-0.43673931267298327
363.058	247.1	0.22436251745136188	-1.7042136084134498
160.0848	248.6	0.2554837366212171	-1.516925531346047
385.1274	249.0	0.07428563841911569	-2.729823470436843
384.1169	249.2	0.13890346698287945	-2.2850508187373215
515.1765	249.5	0.45397208845461495	-0.8366648665957064
75.032	249.6	0.15716516985549395	-2.0586301800280036
433.1362	249.7	0.10217103287640172	-2.7898261105738946
119.0582	250.3	0.0036186941005795763	-12.804809440542849
188.0797	252.1	0.9162575528726813	-0.11662381999578028
204.111	252.6	0.04226891267337737	-3.0926273142909606
125.0242	256.8	0.25250647372063767	-1.3537040396589366
297.0896	257.2	0.4192510457900956	0.9858371141025917
119.0577	257.928	0.017965577505602678	-3.8807330966061357
232.1059	258.1	0.18189242385066415	-1.6251132061619797
345.0474	258.6	0.22190210612780972	-1.6724797528358002
346.09	260.7	0.10467508461422065	-2.357560872788939
244.142	261.208	0.2898814151391227	-1.2759513844611605
216.111	261.9	0.9303596899684738	0.0962923719963403
434.2311	261.9	0.8636599724552821	0.18977761070152416
231.1212	262.394	0.12107235812440507	-1.9653600511669516
243.0855	264.6	0.402089605897498	1.0230181421538147
230.09	264.642	0.29464801959320797	1.2111490476060949
89.0477	266.7	0.16217846250415674	-1.7338708272737378
578.1636	267.0	0.7010162601833885	-0.43675051009073906
218.0906	267.667	0.20712736315506786	1.5460115110602288
446.0604	268.3	0.15814567480603345	-2.1482147868256454
147.0895	268.8	0.13357362043632118	2.4363449357571727
246.0848	269.025	0.03368630600581131	-3.218879092902067
217.9885	269.7	0.8241583945604712	-0.23958865132124169
127.0382	269.9	0.9952762657662898	0.006359334003114812
174.0641	269.9	0.4573965737459162	0.8253251298198586
161.0688	270.3	0.9317272004792926	0.09420684861545413
473.1659	270.5	0.2530495264650501	-1.4201931536035117
473.1659	270.5	0.2530495264650501	-1.4201931536035117
132.0059	272.7	0.35299636343278057	-1.0733838230812143
436.1369	275.1	0.4390303930398217	-0.8739158218202491
89.0477	276.5	0.1724363967086144	-2.0261295205254397
174.0632	277.508	0.19805471604639457	1.6370927984722559
117.0426	280.5	0.5539218501479961	-0.689114033579544
145.0739	280.5	0.47185416206816266	-0.8183962567044101
149.0471	282.385	0.9109566018105448	-0.12163017356664939
73.0528	283.2	0.23659942158660874	1.4897820633963912
202.0956	283.587	0.803936456272476	0.27897479336570585
300.0852	284.961	0.9371491310487935	0.08400893159316833
59.0371	285.9	0.6052664441411242	0.5695864630530875
110.0476	287.177	0.6117711560814584	0.5512092076957317
459.1866	287.2	0.40359762695912516	-0.9639170002930023
692.2316	287.2	0.2974452625569518	1.286123004116885
611.1607	287.4	0.2685953662108387	1.3516545630995822
202.1311	287.952	0.10613966296564059	-2.684298399856279
193.0375	288.1	0.4322349648660488	0.8759754316222206
232.1059	288.2	0.1507693097963442	-1.810290912588334
114.0796	289.584	0.0831237313591091	2.6366047204552983
145.0739	289.7	0.5294493749740091	-0.7349123467659446
176.0321	289.9	0.1264058590615586	-1.950126500248361
232.1407	290.631	0.04186399036328963	-3.589129973789361
147.0532	291.8	0.29118665561471035	1.2300255355037994
243.1204	293.71	0.1840566849228796	1.773117014378441
328.0794	294.1	0.12480217513300251	-2.3036061548960824
190.1066	295.3	0.6417564524120039	-0.5026603356384338
458.1203	296.3	0.4610666678780835	0.8163699709694928
206.0428	296.909	0.1447157076282481	2.2232625809879036
167.0582	297.2	0.25227865822632545	1.3525896470171803
188.0797	297.4	0.30901655298585795	-1.2264198279349243
232.1059	297.5	0.4588645974783004	-0.8756234740114072
75.0684	297.8	0.14050729548098895	-1.9305365734259643
145.0739	298.0	0.03680760751053784	3.085107987519062
306.074	302.5	0.7603949928998902	-0.34569186867618623
175.0842	302.598	0.8130598910687541	-0.26493136890552205
101.0477	304.0	0.7874564217921971	-0.29457522272882053
165.0423	306.019	0.17476682547055022	2.0207062202884076
151.0494	306.1	0.001456104836361214	-8.164114492103815
360.1321	306.2	0.15913836747294627	1.7997652484388929
330.0951	306.5	0.6493859939086184	-0.5117594622753956
127.0625	306.5	0.12789051624965125	2.007649808661318
282.0344	307.3	0.6936373174252977	0.42362596624645027
117.079	307.4	0.7667207758875842	0.32357518073584274
87.032	309.1	0.04018965859745025	-4.068470980634794
223.0481	310.5	0.5364649302995529	0.6910967302203773
245.1369	311.168	0.9059152308608354	-0.1261766822158855
226.0582	313.187	0.4640505715710983	0.8447460328707583
103.0633	315.1	0.02575831668218417	-5.973988637058359
216.1113	315.16	0.24082261017227916	-1.3770371983636098
230.1259	316.57	0.05339444584998164	-2.9235291069167997
174.1004	317.1	0.21233443464064705	-1.530352833849929
129.0812	317.542	0.056513640567294576	3.5663541744968414
129.0426	317.6	0.13324998935631235	2.1318262217480455
101.0472	318.468	0.16325681366042924	-1.783233204922011
314.0638	320.3	0.8695091289038798	0.17731431763212815
136.0385	320.5	0.08614154679440184	-2.8757064776083046
135.0354	320.5	0.08408456180127866	-2.9379888326604218
342.0951	321.8	0.0011475809751396073	14.835631822203633
175.0847	321.972	0.9801664448137448	-0.02649582069803903
176.0909	322.1	0.3175577546088753	1.3184884577375862
244.1047	322.119	0.9506538738991036	-0.06585579469077261
326.0979	322.694	0.308259215152103	-1.22794038594055
259.1525	323.032	0.04828222573608853	-3.3380465809964246
244.141	323.247	0.9723638162464899	-0.037583202780329734
254.0725	323.6	0.6484755404912652	-0.493072727395539
293.1384	323.989	0.10425886382409277	-2.157180768207256
87.0684	325.6	0.8937949601069994	0.14350133039611102
174.1004	326.4	0.3831888062416071	-1.1015133817349694
216.1112	326.487	0.3170399267774372	-1.2276954673451146
220.0848	328.7	0.4563819056899409	0.8973723765967878
73.0528	329.1	0.3628441765578995	1.0764203612563363
616.2241	329.1	0.9685978882637103	-0.04297915265756823
456.1626	329.5	0.6617738397890129	-0.4731073211752865
232.0042	331.3	0.30895574201721043	1.1644839678428858
236.0797	331.8	0.0626805651783444	2.6234253906168066
237.0862	331.8	0.1437123701520358	1.8179167803116931
492.1115	332.458	0.7520575357716547	-0.34036790075823636
72.0687	333.6	0.3086049099026071	-1.2737423893795097
175.0841	334.043	0.8492969959043224	0.2036075992368335
218.1262	334.201	0.04646043294940647	-2.9274893086522797
115.0633	337.8	0.2662830607689475	1.5197308812350698
206.0427	340.382	0.035983139417189246	3.564444428327472
255.9984	340.5	0.46209277798584336	0.8188065130494966
230.1263	340.572	0.30185402553522955	-1.186466545663766
172.0856	341.09	0.1512045344594083	-1.808902614785189
185.0324	341.4	0.20318258841706438	-1.5207894275651708
176.095	341.7	0.8407741092795451	-0.21437487116640253
439.2392	342.4	0.3402089766241016	-1.2182719632252987
216.1111	343.315	0.7433757276239426	-0.35119902651405016
181.0375	343.5	0.07479310493967752	3.243448197768036
244.1046	345.245	0.09649159944275014	-2.1859498607187056
208.0841	346.203	0.8867557598752606	0.16029046603188515
325.0798	346.4	0.8672316329484862	0.18626839980686918
325.0798	346.4	0.8672316329484862	0.18626839980686918
260.1358	346.433	0.2328965115311316	-1.4208948117977598
426.0879	347.1	0.18242166782549626	-2.002082170761562
125.0955	347.438	0.6222656776263261	0.574248331245879
198.1368	348.5	0.5787940119745445	0.647173113306399
642.1432	350.2	0.30794831009979123	-1.2289089148484973
640.1428	350.5	0.30642361153027897	-1.232884854547784
117.079	353.3	0.09070695501601252	-3.0328642962469923
234.0852	353.4	0.09228479110674931	-2.4373589303257464
149.051	353.8	0.1927808298470998	-1.9262572145836516
139.0382	356.6	0.6473482224016612	0.5120404708651769
103.0633	357.4	0.008251958399799333	-5.809100052784142
73.0535	357.803	0.25879795398618366	-1.5231269414744162
112.0273	358.4	0.37985355869426135	-0.9897492569239704
216.1118	358.866	0.9173433576970514	-0.1107103255340529
214.1311	359.641	0.042556895019366346	-2.9654676134955307
266.1263	360.662	0.17108718807237058	-1.9929595037565198
131.0582	361.461	0.4296490278297502	-0.9400482006191409
110.048	361.729	0.06302110334750678	-2.5556883964518895
188.1168	363.41	0.10592238783748867	-2.310348258756353
184.0736	364.1	0.4701949739428795	-0.8007497750757072
230.1269	365.044	0.6680052816297708	-0.4631714053461005
166.0266	365.7	0.13209314489449828	-2.3023995654110996
204.0899	366.1	0.01701216389136609	5.833222577986858
220.0848	366.2	0.7449517234953476	-0.3590040976345587
355.1547	366.4	0.4069782683647955	-0.9866274065456022
433.1129	366.5	0.818611858934485	0.25299757233952685
354.0577	368.8	0.3133906343893317	-1.252278402679025
381.9995	369.5	0.275983088346406	1.4310414556964324
248.1161	369.7	0.724240104507053	-0.3789644274530588
345.0421	369.729	0.1488708395256326	-1.8592020383527759
114.0317	371.1	0.21405416443638606	1.5737578184459717
248.0562	371.7	0.24667678460980977	-1.546168834121383
70.0531	372.9	0.8103071520290479	-0.2646221713003094
70.0531	373.1	0.8525467128732307	0.20892319220824945
300.0845	374.6	0.08133997485231999	-3.1745809912959784
222.1004	375.1	0.13114098254554343	-2.0503190713356654
187.1208	375.4	0.09877887926402068	-2.5017942231246786
275.1474	375.473	0.35238285001475583	-1.0613851754324055
230.1257	376.257	0.6603125899247446	-0.47385537048121573
137.0841	376.8	0.1503032905855369	2.139947505397278
260.137	377.009	0.21451967212252457	-1.6230768291843078
281.0899	378.1	0.8234134595291354	0.23986623415629857
195.0895	378.8	0.42142431531879265	-0.9667136763479353
117.0787	379.406	0.11501552200116628	-2.6380982343542314
128.0473	379.7	0.09209817555265502	2.908631432537887
259.1208	379.7	0.20658029096679853	-1.6706146348077142
163.0667	379.7	0.15420864192445452	-2.143615445200871
337.1147	379.811	0.050584460827388995	-3.113488233411496
167.0582	380.2	0.47207506478055444	0.7932702494128544
205.0493	380.653	0.20786218806649562	-1.5644437415604258
302.2067	381.699	0.28996920370360657	-1.2485972213303989
381.0686	382.9	0.4976830588760034	0.7514948700082321
300.0845	383.1	0.07038096100995998	-3.0291388907950605
126.0317	389.5	0.13679386092911097	-2.4003220454487115
260.0467	391.0	0.49190915728321805	0.7880901022376643
311.1718	391.265	0.45816228121031244	0.891032506750434
231.1324	392.1	0.8007641325442427	0.27165601838083814
165.0426	392.8	0.3126016635095592	-1.1550724310459848
297.0449	394.318	0.3251551587723908	-1.208015166949293
246.1328	395.7	0.29851360364693985	1.197460321937536
151.0633	397.7	0.7630554539509972	-0.3374665443100728
72.0263	398.206	0.8165708078915599	0.2524657668070222
212.1159	398.7	0.8538580121674302	-0.20373186086683168
286.0477	399.0	0.0119844076986631	-4.414337898969009
101.0835	400.073	0.7075228119344956	0.42757950725638166
142.0258	404.813	0.028714783113487213	3.690564787139217
228.1479	404.907	0.08278437498040944	-2.3590351525922273
326.0988	405.567	0.03417776398176898	3.1632547664243837
131.0946	407.0	0.06762973849672396	-3.6182546441614845
153.079	408.5	0.099149663020842	-2.9281272270004832
522.1373	414.6	0.5538801897208685	-0.6764001266397095
519.1133	414.8	0.8481161762019604	0.2048712601441366
480.0904	415.9	0.672151225368395	0.45588318529858096
126.0317	416.0	0.5659329600074432	0.670818313377392
340.0794	416.6	0.8173130887526192	0.2605515080964905
261.1327	417.541	0.6612410795300558	-0.4724349445354671
101.084	417.963	0.2989746996770837	-1.1933596033288292
240.0238	418.5	0.28816363347777824	-1.427064969128804
243.0855	418.7	0.2823098199198459	1.4116601778539175
275.1469	420.028	0.07402881064905154	-2.4660089502826557
281.1124	420.6	0.25883903208554604	-1.3593507141628938
386.029	421.5	0.420497216170245	0.9027401012356502
228.1473	423.032	0.18841812790475737	-1.8956856451878585
179.0946	423.1	0.9459141675868804	-0.0722696504114338
286.0477	423.9	0.1728875503468819	-1.666821456603243
286.0477	424.0	0.13108209774137886	-1.9773592107286704
283.1281	424.3	0.16736128836657302	-2.003271859294333
142.063	424.7	0.5212839737099025	-0.7627819264192183
234.1368	426.1	0.7167977512238409	-0.39890912613803126
149.0477	427.7	0.3787120567275955	1.0580995413017613
179.0946	428.6	0.5346568798635757	0.7226651521687499
135.07	428.952	0.19677976938698288	1.562145591418184
126.0317	429.0	0.15207340868068495	2.159880353059533
127.0627	429.589	0.601492597023851	0.599781946793439
168.0423	429.8	0.20217985021388715	1.5269211599488532
168.0424	429.865	0.25246062088481136	1.3576666208825
304.1383	434.3	0.24313625942970468	1.523003190272394
117.0794	434.474	0.0888732724733154	-3.0925904563428412
237.0862	434.6	0.69944748184501	0.4452473638921041
114.0308	434.715	0.0793870440676491	2.8045821442861603
146.1055	435.6	0.40506661755636547	0.956282077930241
638.1119	436.8	0.7084644032460774	0.4212115029652795
143.0924	438.718	0.9936507007471671	0.008613009391591896
138.0317	440.3	0.16945891711837202	1.7241743472752211
149.0477	440.3	0.10132616035246066	-2.6598133531384742
180.0786	441.1	0.8123464737052928	0.25591984073119584
320.0896	442.6	0.4398116028371417	-0.8934381253398156
162.0351	443.0	0.05196295961347132	-4.149860522952176
117.0795	443.646	0.10524175095260975	-2.7759187285966385
217.1426	445.3	0.03349246499213758	-3.7940732480911783
121.0528	446.8	0.15741546100431975	-1.9197485281325002
181.0739	447.2	0.1099160627046955	-2.391517007599614
228.1478	449.338	0.03204400158571256	-3.971290882365971
130.1218	449.4	0.3060188476403328	-1.2354909568693915
208.0736	449.6	0.762988147511868	0.32365281694690473
276.1586	450.3	0.5269792797997617	0.692269009309054
182.0579	450.6	0.15269667297420317	2.2144938923200246
217.1426	450.7	0.07316321822888947	-2.448530611006406
245.1385	451.9	0.23981249468317192	-1.5750987344151273
73.0888	452.519	0.7175918993383694	0.40840403084276194
210.0528	452.6	0.8381093791604765	0.2199065464986505
346.1165	454.5	0.8164385543154633	-0.2481697672142352
320.0896	454.9	0.36468289224124983	1.0228959361244134
132.0899	455.6	0.4021680494616914	-1.0218172956603564
321.15	458.254	0.10905599913390294	-2.624817280719242
167.0582	458.4	0.36702526777011996	1.017345456602368
33.0215	458.9	0.31669068295759006	-1.1821725281168667
152.0473	459.0	0.5562026057430115	0.6946222325869547
182.0579	459.1	0.4991565743319016	0.8068065682602178
129.0541	459.586	0.10330793774295949	2.1178388879270815
351.1703	459.6	0.13882450658713957	2.079999435299263
260.0321	459.8	0.11896542751250104	1.978833849319782
135.0677	460.236	0.7262689606248911	-0.3779395017519187
161.0477	461.3	0.05314346320024743	4.010825222374744
165.0426	462.0	0.4989558638141039	-0.7501285224587859
370.0339	462.508	0.051074298516937254	3.4424571041568535
322.0689	462.9	0.27251359161428645	-1.496014896001891
154.0266	464.3	0.39377258739977544	1.077061394221668
320.0532	464.9	0.2627490878252531	1.510032430012604
256.1099	466.1	0.399160810511087	-0.9437934097924477
152.0473	466.8	0.2320488336066094	-1.5537909655723257
153.0538	466.8	0.15054701492178094	-1.9461016000755444
144.1369	466.857	0.5070162960573795	0.7473828364802009
203.1255	467.146	0.9646400580948171	0.047340905899376874
189.0424	468.206	0.06489810570431322	3.7249579901371574
114.0314	468.229	0.11379635181885189	2.2963752389938246
243.121	469.29	0.13002203353744002	2.3415862719950478
222.1004	470.7	0.00720360732508512	-10.687773416965488
244.0695	472.6	0.10697212757320755	2.449885773636445
168.0423	475.2	0.24960317282509745	1.557200090373665
375.1682	475.2	0.6642496990414342	-0.5029262936662185
346.1165	476.0	0.07859026601377235	-2.71687159462854
146.0844	476.8	0.7195415784423517	-0.3980281676439518
268.0997	476.959	0.933321038048631	0.09409400229278315
267.0968	477.2	0.871919713171859	-0.18215367801206686
253.0811	477.2	0.6067719098164466	-0.5690534425030742
252.0746	477.4	0.6022979589275842	0.6014396595246978
328.1543	478.0	0.07438025091625117	-2.563713728368812
180.0899	478.3	0.6637550521907152	0.47022804625126424
270.0528	479.5	0.7605710916567007	-0.3271469757769108
207.0893	479.701	0.8789814460762836	-0.16324769880494844
138.0317	480.0	0.8175333944475153	-0.24840483497408444
141.0902	480.5	0.024018019213479465	-6.3029101823183735
175.0633	482.3	0.5765359902576748	0.6071749766504781
506.1002	482.9	0.37388120775001293	-1.0035892878861108
189.0425	483.125	0.0034772022393243065	-6.20308333697898
218.1267	485.3	0.2988011296096972	-1.2638214354561603
187.1685	486.4	0.03340428085929931	3.669072979164792
501.1972	487.7	0.12061333507062906	-2.1633709721543037
251.1018	488.6	0.150577359555061	2.2715508675522744
111.032	488.9	0.5448790427918301	0.6836329000284086
133.0528	490.0	0.49267819389454265	0.8034646638975182
170.0579	490.6	0.6633997665426885	-0.4986048271292395
232.1212	491.3	0.6076584706672405	-0.5667484497311455
434.0767	494.23	0.47785818590827295	-0.785508338687021
194.0579	494.3	0.16372485773814233	2.0886728505330634
168.0423	495.2	0.5114926610603331	-0.7578243955685391
564.1115	495.6	0.6630473559208689	0.46998867584104437
178.063	496.4	0.3564952199381892	-1.0536872191548878
164.0473	497.6	0.13922295887808234	1.9129246616184403
277.1161	498.193	0.03628790403140339	4.626673040248909
148.0524	499.6	0.11420781869103835	-2.0820295656524723
175.0633	500.9	0.028982863162462003	5.348108926089206
356.1233	502.1	0.09146846879900257	-2.8399238138471388
550.0959	504.1	0.1368316104884618	1.954438281695914
60.0688	504.438	0.09342305645561284	-2.4681269236807566
188.1525	507.3	0.9379723386643015	-0.08680450176594001
161.0477	508.7	0.040141262374013095	4.6708339295319234
195.0756	509.1	0.9262608342684804	-0.09853278066643766
109.0528	510.9	0.834190338457651	-0.2247793710401835
74.0848	510.922	0.13363648964591712	2.31471632864175
182.0579	514.928	0.9980345845813089	-0.002634719126774819
336.0845	516.3	0.45853993101191226	0.8846564666788972
99.105	516.567	0.2533878561711316	1.4224852207433492
336.0861	516.692	0.5265058782354916	0.7403067868547564
281.1124	516.9	0.30782628974717346	-1.229330635842231
272.1049	518.5	0.5035271521118778	-0.7763673972761703
288.0634	519.9	0.39478211388568535	-1.0401751148175056
288.0634	520.4	0.4864631090193562	0.7743546766238555
175.0243	521.1	0.38166289045110807	0.9893227775598878
434.1213	521.3	0.26394642961814335	-1.4272743347437744
434.1213	521.3	0.26394642961814335	-1.4272743347437744
239.1018	521.6	0.8223129545451066	-0.24294225376494658
183.0354	521.7	0.18572913501386462	-1.9576440992503983
135.069	522.477	0.010299183524443135	7.425874124281379
222.0892	526.9	0.8478552629819738	0.21084075785317424
246.1011	527.335	0.11267281168681516	2.099360130737728
176.095	528.9	0.7471369993143857	0.36410270512066595
325.0979	530.122	0.1400206247356366	2.2623464607596957
186.0681	531.0	0.9906701692773994	-0.0125615197600544
138.0681	531.3	0.6227139064241013	0.5642929837279687
180.0886	531.634	0.21586743076051482	1.6974664907474282
180.0899	531.7	0.24157260162863628	1.5437984434994831
252.1105	532.021	0.33967547925342373	-1.1718410377226993
318.0376	532.6	0.6179260432815662	-0.5733500712525404
192.0786	532.6	0.9299793506494389	-0.09644325578134476
580.1792	533.4	0.07056515916855703	-2.581675583347639
128.0473	533.6	0.06501397170749039	-3.172316334169425
239.1018	533.8	0.1880002989061037	-1.8756501796461482
504.0969	534.633	0.16888445235453392	1.6968289445081417
133.0528	534.7	0.009368999044065452	6.9278067597043815
210.0528	534.7	0.4426204331472163	0.874112646871161
152.0473	536.7	0.6952462823431775	0.44388943092285
360.0845	536.7	0.10423460256738679	-2.267036801721153
346.0689	537.1	0.9530777944782765	-0.06326087117013965
184.0372	537.8	0.4852585254957676	0.8372865719309525
239.1018	539.9	0.2789779394009866	-1.354854447301166
196.0736	540.1	0.7994797771805202	-0.273556512420788
134.0732	540.5	0.16088110243412712	-2.1292227706517126
208.0848	543.2	0.7339229641347627	0.364840541147055
135.067	544.288	0.10719495844005354	2.140042716786654
154.063	546.6	0.0030661603537384926	6.523238429599122
274.0841	547.6	0.7656989489574546	0.33317194810290557
164.0837	551.3	0.7827957888319577	-0.30051577722980977
224.1036	551.355	0.8938417934385732	-0.14457883507151928
124.0524	551.4	0.953370502899822	-0.06376798297260705
274.0841	551.6	0.9934321556873608	0.0092700149573279
140.0473	553.9	0.6635704221536662	-0.47802842558663144
180.0423	554.5	0.11048909224725452	-2.360136716263371
186.0681	555.1	0.2362655771954652	-1.6699812061557169
268.0736	555.6	0.12916138985266454	1.9834572948345737
138.0681	558.0	0.4885785126314633	0.7823322096651103
138.0681	558.0	0.4885785126314633	0.7823322096651103
352.1787	560.3	0.2939511586076446	-1.2787608602570708
181.0739	561.9	0.541661140893814	0.6768190406751686
111.0433	563.8	0.6517877654686867	0.5203142399610077
434.1213	566.4	0.8632470732672861	0.19375910356090617
328.0947	568.0	0.09204269227280465	3.021601661037928
94.0419	569.0	0.4372935604201001	0.8822430490906678
182.0579	569.1	0.5656670835520033	-0.631804581866002
332.0532	570.5	0.7475421644150997	-0.36573845343914996
418.1264	572.4	0.11231700975571855	-2.1207274617280976
128.0473	574.7	0.8627648603056876	0.19474326351473087
208.0372	575.3	0.34257189328647564	1.161566983881457
418.1264	578.2	0.9615217409664679	0.052976011038937294
154.0266	580.6	0.18299335209356996	-1.7299198313594308
390.129	584.336	0.6174586013865359	0.5610096865200941
151.0633	587.1	0.271609734907573	1.5015857667604697
110.0467	590.127	0.7282953066671305	0.3867048149476813
152.0837	591.287	0.6012507625168584	-0.6136688508050984
153.0426	591.5	0.9939728550764617	0.008433079589492158
152.0473	591.6	0.9630793537396491	0.051741741780848276
322.1681	592.4	0.6786367549891328	0.446121576100449
110.0476	601.167	0.10794929923466953	2.6929620682259743
166.099	602.479	0.8432023329783795	0.2123298408094416
154.0266	605.1	0.06686988473544543	2.5347180402968483
180.115	606.1	0.442931990861045	0.9062092939511869
234.0528	607.8	0.140596457890358	-1.9158082261602447
221.0913	608.2	0.10011695383433412	2.8331606320317224
278.1271	609.534	0.5564195096619707	0.6420779259268283
223.083	609.882	0.2520764807296846	1.5175787608393454
222.1004	610.0	0.36890653162459425	1.095011881212323
336.0768	615.898	0.09147828303211905	2.8047787319413597
164.0837	619.3	0.8616339627215337	-0.18581274766350628
180.0423	620.5	0.6281298840369989	0.5500364159167446
152.0837	620.7	0.3792139181452023	1.0604751443816
278.1258	623.391	0.5553935189731068	-0.6428446284069216
237.1003	625.505	0.03257626154489125	3.6344354790131814
288.0634	629.4	0.9781321660436876	0.029502718572994274
290.079	635.8	0.8632293441298193	0.18556987972409464
170.0732	638.8	0.8012794013789479	-0.27380810498784824
204.0423	639.9	0.08378475809126694	2.4047734014502185
178.0266	642.2	0.3079386921144892	-1.2288976195203483
145.1579	644.5	0.02136579779476874	4.185388153314533
308.1049	645.2	0.4982865883768784	0.8114776532267627
330.074	655.3	0.30790900297704155	-1.2292302877448076
328.0573	655.338	0.5747432155614847	-0.6483566835713463
244.0736	657.0	0.02772722425131127	3.40601852635032
179.0931	670.298	0.15803011186631835	1.82804103422005
272.0685	679.0	0.9033670680922128	0.12970089147525182
272.0685	679.4	0.11503015058367949	-2.4380681150217565
140.0473	684.5	0.257335174423657	-1.447298587046861
150.1045	686.7	0.2594088820922379	1.5209637071482163
234.162	686.7	0.8214133647892621	-0.24114381495548975
110.0368	692.8	0.025515685798148426	4.091312500062217
270.0892	698.8	0.5651798466597324	0.6309187464933808
136.0524	699.0	0.09762112075699178	2.195262694984027
168.0283	709.5	0.24483430276042273	-1.5104637930031852
73.0164	212.6	0.3325323123175464	-1.1288642416022407
117.0426	212.6	0.9583885853527422	0.055565013288300456
117.079	212.6	0.12152385033504653	2.125273948179715
133.0739	212.6	0.8445392313203928	0.21643790318069106
234.0852	212.6	0.99316863376288	-0.009129008320258624
505.0846	212.7	0.5915207279455931	-0.6022982765469738
183.0532	212.8	0.15525533683766132	1.8534271800895965
155.0219	212.9	0.9369565840248826	-0.08612327526891982
190.059	212.9	0.36633973468173714	-1.0289130271752656
191.0794	212.9	0.7065476382044892	-0.4137158007804602
188.0797	213.2	0.6581865366888302	-0.4779155535439223
188.0797	213.3	0.6570935801685134	-0.4795599784082142
268.1017	214.495	0.8355421461451505	0.2222506598347561
129.0781	214.654	0.2877048322838222	1.2581355931482405
129.0426	214.7	0.7101766167896881	0.39914877185715497
195.0532	214.7	0.4407371614859777	-0.863785184936694
230.0903	215.1	0.19752965991314678	1.7202703380575475
74.0004	215.4	0.8475984993543428	-0.21453384412644386
153.0426	216.2	0.40486901533896763	-1.03939826662501
161.0691	216.657	0.04088213190535865	3.120530786278194
188.0797	217.8	0.8173481370380073	-0.24727662837414596
156.0535	217.9	0.6601288859370412	-0.48414335303816325
106.0266	218.0	0.5164656670524433	0.7110745172047549
235.0481	218.9	0.8936456346583695	-0.14324532176907653
183.0532	219.3	0.6898607138520108	0.4299592859008273
61.0164	220.0	0.6967696791289744	0.41982664165420425
239.0794	220.3	0.4646322853527233	-0.8169896831342647
89.0113	221.9	0.6581591521367591	-0.4774228805340704
190.0477	222.1	0.34115617531282344	1.117581102339399
172.0372	222.2	0.8500428390013954	0.20352208335143596
123.032	222.5	0.2950641890362377	1.221772974169685
104.011	223.9	0.7758208440108912	-0.31069690832027175
187.0481	226.5	0.8693318063086815	-0.17586204491471125
147.0531	226.682	0.9327258753961846	-0.0903897300340795
174.0641	226.9	0.43321605398642066	0.9711305758092383
195.0532	228.4	0.42120352803364763	-0.9147891444594028
156.0423	229.1	0.44302695593264746	0.8832614110877941
253.0223	229.3	0.9124253074277167	0.12233757030267636
175.0593	229.3	0.24945779735584592	1.5871266835992401
188.1161	229.5	0.8607980771654202	-0.1888215634710089
203.0794	229.6	0.13130550994718176	2.4115264737934847
158.0691	230.0	0.9158507752415319	-0.11344706654481403
197.0688	230.0	0.5779301168493258	-0.6051582514672098
219.0883	230.79	0.5889924468129797	0.5866991805289946
306.144	230.8	0.44505760855219817	-0.8598827796439704
159.0532	230.9	0.09565568491159873	2.2456854535110193
187.0475	231.161	0.7135751166682007	0.39515642472935786
174.0164	231.3	0.011368898744506174	5.739110851112243
219.0743	231.3	0.8418800775611729	0.2136354531192941
117.0426	231.5	0.6679878885063544	-0.48007303931194956
127.0633	231.5	0.29196725238698235	1.3497391378455057
174.0164	231.7	0.3372769530853479	1.1698456681295815
322.1199	232.7	0.2742923877513566	1.3757421072411604
212.0321	232.9	0.9337924381492381	0.08901513219343905
483.1502	233.1	0.16396143815928596	1.9498845883825882
181.0739	233.2	0.8814117902356537	0.15907007267774995
149.0688	233.3	0.7023043292746679	-0.41578543228461795
202.059	233.6	0.26872899727016636	1.4689211794314165
166.0477	234.2	0.2168361430738236	-1.5780655683320695
145.0375	234.6	0.4260259839221327	0.8913916978390387
88.016	235.5	0.06792878414516976	2.7513795775014707
151.0628	235.627	0.5743153152628675	-0.6119245771221344
134.0215	235.7	0.020184916729040468	5.232673082007054
191.098	236.9	0.40882514184226815	-1.010335424643554
76.016	237.3	0.33158936146255075	-1.1831810746437923
223.061	239.7	0.569485269293088	0.6334563833122744
146.0215	240.8	0.03534024415073549	3.6923296334039417
90.0317	243.0	0.9912220137740466	-0.01188999274137304
130.0266	243.6	0.1107549524493105	2.168894573672557
206.0427	244.6	0.998662616117518	0.001783186988834247
189.0637	244.7	0.12249734909136584	2.1324260766834193
147.0532	245.08	0.5362663128452493	-0.7002287540249387
147.0532	245.3	0.5040091246246556	-0.7524265133322826
157.0375	245.3	0.46822335280654076	0.8069000092456876
192.027	245.9	0.1023911433669368	2.6183528606363
129.0426	246.0	0.9010298680052446	0.13346904872726226
159.0895	247.8	0.9683809435471773	-0.04277795538734881
183.0532	248.3	0.7464418010060201	0.35095852448771664
217.0586	249.7	0.19509391176552254	1.628637024484538
173.0688	251.1	0.533945305201922	0.7091039319039774
139.0269	251.5	0.6901434129840486	-0.43222947508153237
90.0317	252.6	0.5251108346313491	0.705910690735825
113.0477	252.7	0.2928262441022856	1.3952635093094619
163.0845	254.7	0.8605747891648536	0.19297712893073007
268.1059	256.1	0.9617923967121447	-0.05098229844934882
258.0852	256.3	0.969037499706014	-0.042076675296356454
198.0528	256.7	0.4804202205474149	0.8329057381611302
143.0219	256.8	0.744440271647128	-0.35051725399373873
145.0375	257.0	0.9721582379625462	-0.037883257330918824
189.0637	257.9	0.6879990340070494	0.4572537381457168
172.0484	258.3	0.012185968526286672	-8.291158073563448
192.027	258.9	0.018610625501707015	4.008247413118138
216.0746	258.9	0.8497553805299929	0.20391896612502927
300.0845	259.1	0.991098839119437	-0.01213736838523174
248.0797	259.4	0.4694647551642194	-0.8062780118379479
344.0743	259.9	0.2023404365214353	1.7836227811287515
195.0532	260.3	0.4359756685011071	-0.9619177246663531
212.0321	260.9	0.8301975926859764	-0.2359061360702278
160.0372	261.5	0.01016944138322061	5.766084467962019
146.0691	261.6	0.87385799769539	-0.1695384123247332
134.0328	261.7	0.4789199254658782	-0.861059798528306
132.0423	261.8	0.7770002550672194	0.30576503004929856
171.0895	262.5	0.5296546895442259	0.7430514396318965
131.0582	263.2	0.9198566809008392	-0.10754617100375229
104.011	263.5	0.17446550233947336	1.6644178491053876
131.0219	263.9	0.871179934269845	-0.18151526476431906
143.0575	266.138	0.21472608062744844	1.5311276415151422
134.0579	266.6	0.00560186857886465	6.028593807130971
199.0845	266.8	0.19919156807688665	-1.8890213391497512
103.0261	267.305	0.8965356768457347	-0.14275392731300834
226.0477	267.7	0.16257766228383105	-2.126549824531736
180.0423	268.2	0.8995987529300755	0.13527349319124682
170.0215	268.5	0.26462574544880496	1.4295296509448217
104.0473	270.9	0.04433204861803216	-2.8958120926973376
206.0427	271.2	0.14973449167728167	2.2002727779969553
104.0222	272.2	0.4449820965005308	-0.8627791801995731
270.0729	272.8	0.31755069515537737	-1.3189942390945069
147.0895	272.8	0.43184691823446963	0.929825996762928
171.0532	272.9	0.6491798992509721	0.4920880108667379
162.0528	273.5	0.28736002515904224	1.3613010311608065
206.0427	275.6	0.11705308017896632	2.6534981634344454
201.1001	275.7	0.4000978854121611	0.9684974886613826
159.0524	276.752	0.8144397933366438	0.2549721292668799
132.0059	276.9	0.1603091664941515	2.163067512775218
378.1274	277.0	0.5837050879436255	0.6411715304805717
187.0845	277.1	0.12529805961921042	2.3512051656351822
143.0575	278.111	0.25998456984924734	1.374874712669008
198.0528	278.5	0.29966731390390244	-1.3798792182025517
130.0266	279.1	0.45897815826187544	-0.9012663050425186
131.0582	280.8	0.2036205839005485	-1.7952303536909808
148.0372	281.2	0.16264284001183565	1.7984779003689737
88.0156	282.434	0.9440873792018767	-0.07481022717615667
87.032	282.9	0.11927791898121948	2.5548556145611103
104.0473	284.2	0.255170365236463	1.3273273953694473
102.0317	284.9	0.06921582175129275	2.4778532815381418
268.0551	285.9	0.869460148834158	0.1753550438212454
292.1019	286.0	0.6081921553923143	0.5743252231382714
130.0266	286.6	0.2557530765652065	1.3461361645380296
143.0575	287.697	0.00577675758703603	8.532002117026947
146.0579	288.3	0.4366371084175493	0.9209164038080337
165.0457	291.545	0.37780172273169904	-0.9992428456733561
294.0852	291.6	0.29999192963229177	-1.2183725277821709
104.0473	293.9	0.5467309413314014	0.6920539809426918
234.0852	294.5	0.5826396535705356	0.5997523304635702
173.0688	296.8	0.6338746781118588	0.5253840950925509
778.3466	298.7	0.8509543002490547	0.20226021933002206
119.0582	302.0	0.9650506047986374	0.047467117396774776
87.032	303.0	0.4518907290036122	-0.8416278833477275
60.0211	306.2	0.9526311688577699	0.06321535844377914
147.0532	309.1	0.32590693848822105	-1.2616797589466933
88.016	310.0	0.7726740070476991	0.31239898566786983
130.0266	316.5	0.810178960594392	-0.264522946896777
118.063	317.3	0.2072778379953595	1.6102492570630857
123.032	319.1	0.001827469919709325	-7.50947184264692
116.0473	319.8	0.7309193095702877	0.36906084729231975
130.0266	319.9	0.3250155983992622	1.197759438167062
146.0579	323.3	0.6616550701037672	-0.4983842015730045
244.1055	323.344	0.8680036127628914	0.17763718811267928
229.0586	323.9	0.7057188187468109	0.40885263332827865
163.0481	327.8	0.8331225828932377	0.231406446480278
129.0426	329.5	0.6985177719281361	0.42854892592565763
84.0211	332.5	0.5509662536677443	0.7001294788211497
145.0739	333.258	0.40772364609756867	-0.9312959835848645
223.0481	333.6	0.280439192824026	1.3686931472853971
138.0429	333.7	0.41544407802260785	-0.915175837103118
249.0601	334.706	0.7233360342466135	0.3850997962055431
229.0586	335.1	0.5886001387363697	-0.6298403345201007
175.0481	340.2	0.4095680561564613	1.0328514477330717
625.3033	340.6	0.11139738878879402	-2.4746869633643827
177.0637	340.8	0.04460068096406596	4.526962806801658
145.1103	340.9	0.5181738556494687	-0.7182628430565462
588.2948	345.3	0.006322735050453381	-5.896941455822537
73.5253	346.853	0.009079548404198789	4.936802584139697
153.0426	347.1	0.22327129652714278	-1.5996773633857555
132.0423	347.8	0.8220764476835104	-0.2424845339391607
132.0418	347.951	0.9697705334986728	0.04086977227871032
179.0582	351.8	0.3540551028511261	1.0489827939846572
160.0736	352.4	0.850450136968935	0.2029639361558911
180.0423	353.8	0.35552293676435653	-1.046774073980134
148.0008	354.4	0.8504370664100438	0.2029822028038033
102.0317	354.5	0.645208399856585	-0.5244895841403178
131.0219	357.2	0.8524738795547434	0.20014164855678387
564.2279	358.0	0.21152664831443596	-1.8071298793096735
72.0211	360.2	0.2804590729066593	1.376741873141286
176.0321	361.8	0.21699596183629186	-1.7096743046518557
237.0637	361.8	0.021307739339711185	3.711242314153286
74.0368	362.4	0.7875793539996089	0.29653996542928834
261.1209	370.239	0.9927713524881663	-0.00964087137704935
153.0426	370.6	0.023581915762982714	4.023315444028537
172.0733	370.864	0.08515831147934473	-2.412853437427476
252.0602	373.9	0.9008267017180143	-0.13792287963114197
191.0419	376.387	0.2578354917151012	-1.5149703062359423
153.0426	376.6	0.02682498734665373	3.7329483062425193
132.0059	377.7	0.8858700740814792	0.16126540193822497
496.2607	377.8	0.3416391518389595	-1.194501911344928
138.0317	379.7	0.7228279103492989	-0.38588060057351714
278.075	379.7	0.587441599880087	0.6386105957351151
226.0954	381.2	0.4471691474376401	-0.844259798389231
368.2199	383.0	0.850911655902699	0.2023288833178268
161.0343	383.251	0.8457394706310264	-0.20797132359806506
137.0469	383.392	0.7075260857332162	-0.42462014891478556
161.0324	383.4	0.5323301828142756	-0.7009533601181285
166.0266	390.9	0.9944917613993938	0.007345549417146366
86.0368	391.1	0.7593914718062406	0.32959124074924445
205.0572	397.684	0.006195892842213062	5.514140060743543
161.0336	398.715	0.3758109565547062	-1.0559151512662444
134.0215	400.5	0.29383439092567337	1.2351662013908302
166.0266	401.0	0.9133693676647514	0.1163817552043102
151.0633	405.9	0.4129715270322386	-0.9842326974209106
164.0473	407.0	0.15252229679400583	2.1474967797208158
187.0481	407.9	0.2561519424240089	-1.357673954572953
187.0464	411.959	0.3697002396303855	-1.0099184076874441
584.2635	416.3	0.43763456888089186	0.8631905404353816
88.0524	418.3	0.8113403445004238	0.2672943755847348
176.0321	422.6	0.40292210834591036	1.028169033196317
146.069	440.554	0.5195087260281958	0.711402984481983
116.0473	440.7	0.9350762705177833	0.0897130029487281
165.0431	442.268	0.35535545923287165	1.129657746757556
162.0528	442.3	0.357422803647355	1.17190907744234
206.0427	442.8	0.8516841827635308	0.20126351186960328
279.0742	444.605	0.016602617085175988	7.658190635764761
155.0695	444.8	0.31092645155890014	-1.2001829324695685
118.0266	454.2	0.8692585017883757	0.1848464495674997
264.1031	458.1	0.4611637780345998	-0.856156384960328
122.0368	464.2	0.6209515466595927	0.5434013035330837
150.0681	473.6	0.41171977584774133	-0.9503538702943325
209.0244	476.4	0.06405552578237807	2.967491274041276
114.0681	480.7	0.28812515165208363	1.259819092292482
130.063	482.5	0.8848750348649108	0.15636413168676458
144.0423	483.6	0.34289847556144554	1.0879404115090798
138.0317	484.0	0.6793341728521877	-0.44558354608542816
116.011	484.9	0.7607172999832983	0.3386926430087889
144.0423	489.2	0.12137182774372454	2.5625772309565913
114.0681	489.9	0.614078348040727	0.5519596313348787
328.225	490.9	0.393298018120954	0.9564086847312531
251.078	490.933	0.14599470152336863	1.9652968416638406
136.0524	499.3	0.47276005918797825	0.8302010763818507
481.2312	499.3	0.47312270126686706	-0.8746882311722959
186.1256	507.9	0.7739830330831535	0.3095004100229045
186.1256	510.0	0.9336483090093866	-0.08862029651459014
222.0528	511.4	0.8503308668791446	0.20312421179138992
210.1256	512.5	0.0389836958946677	-3.293049573219218
160.0736	512.6	0.8502972242091821	0.20317005981223915
172.0735	523.556	0.5937007238490806	0.6079268252123571
332.1624	531.0	0.9127917793567316	0.11816524559535359
362.1729	531.9	0.3366200367850753	1.1509390269457005
323.2098	531.987	0.11228517623805735	2.1462984661842763
200.0321	532.8	0.2777282725421687	1.373380046876368
336.2301	533.8	0.36455526195323573	1.1173405865233403
226.0477	533.9	0.8782094956756288	0.16434083924586382
264.1362	535.2	0.6242026151268509	-0.5440929059353005
163.0633	537.9	0.37967401758386876	1.0016844811264134
216.1725	538.8	0.799085696172268	-0.2831092420073523
174.0892	539.2	0.7140840065716212	0.41598799530090624
144.0423	549.8	0.8570356495354616	-0.19464148304001516
212.1412	553.1	0.18533423228432166	-1.9816731226985627
165.079	569.8	0.07376584703199413	3.140532063639146
137.0477	577.0	0.6252988548085748	-0.5308424386423024
334.2144	580.5	0.3720556524724582	-1.0215823970407847
258.1831	580.6	0.8335208125922087	-0.22578002332458016
490.2203	582.5	0.7890102604937441	0.29816002490409443
166.0994	582.9	0.5657315309506821	-0.6405963596714113
332.1624	583.1	0.8330691581497559	0.22520852343153885
294.2195	589.7	0.6766490743788808	0.469375007188009
144.115	590.6	0.5399938360146587	-0.6799156373012306
367.2181	590.7	0.8146638186439623	0.26062753313582915
334.2144	590.9	0.9319704674081247	0.09253433150675897
178.0985	593.897	0.9690824546191728	0.04176247823464868
330.1467	594.9	0.45366158877573937	-0.8700438900883811
294.2195	602.5	0.38320811505742947	-1.055615867101805
334.2144	603.0	0.7313700140155854	-0.3839449688454239
313.2611	603.399	0.34376521920708797	-1.2169651480765158
312.2301	604.0	0.1747403067101992	-1.822373829203284
144.115	605.1	0.7038686061748585	0.4150228010238316
316.1675	605.1	0.8236314783752905	-0.24587458407862053
336.2301	607.5	0.1340316013532995	-1.9896308713040463
218.0977	608.3	0.3223391780546489	1.1506683788942007
332.1988	610.4	0.7574225065745623	-0.3362478025520569
310.2144	610.5	0.7998453036606645	-0.27503991462945543
296.2351	611.1	0.8396469812559921	-0.2217362098345971
336.2301	616.0	0.19556662041879522	-1.662502030601339
296.2351	617.3	0.6099183644121826	0.5537224819081893
250.1569	626.4	0.5882846094605261	-0.6027010490295055
310.2144	627.5	0.92475018527188	0.10094924727198959
312.2301	634.1	0.3411917308622484	-1.1415616645109428
334.2144	634.2	0.31064289142417506	-1.2851105443963171
292.2038	638.5	0.37053791606385694	-1.0082743181792377
312.2301	641.3	0.9226157183412456	0.10685634582742298
338.2457	645.6	0.10495126109262658	-2.3010109747984293
316.2614	647.9	0.08816149821095129	-2.5782209645142657
172.1463	655.0	0.47179922657329365	0.8462509344834569
292.2038	660.4	0.24644983042045257	-1.4827428353526018
272.2351	663.8	0.6013472938930984	-0.5855331783043405
172.1463	668.0	0.8083432994037736	-0.2621996426517301
332.1988	669.9	0.29887727045173484	-1.3223372630248365
318.2195	672.1	0.1819954251699707	-1.9125233463747517
278.2246	672.2	0.16826209785826104	-2.0090227552187683
270.2195	680.0	0.7019514424935844	-0.42886502683511535
294.2195	686.0	0.09088801006142944	-2.3971106558356583
316.2038	691.7	0.06106206510534286	-2.5950939662598653
298.2508	699.2	0.6461206505523224	-0.5220012978626621
320.2351	703.2	0.5798115053901636	-0.6314120762308172
296.2351	705.7	0.3956561930843433	-0.9709258970515801
292.2038	712.8	0.2542582901389058	-1.4736498133623912
318.2195	716.2	0.988022405235595	-0.016657116674191102
292.2038	726.8	0.7755844766456647	-0.3249046664206195
200.1776	727.5	0.7476002172227463	-0.3543411707812338
250.1569	728.3	0.7009651229052541	-0.4305498047013353
320.2351	729.0	0.8449560523469929	-0.21894706621019328
276.2089	738.7	0.696314130563811	0.4503958327322342
292.2038	740.1	0.7033735898677549	-0.4269071726396994
341.2927	752.153	0.4514045696906809	-0.8827608311521541
327.2764	757.984	0.6904823793148123	-0.451360131822805
320.2351	760.4	0.46770960374136317	-0.85293095439218
278.2246	760.5	0.8111424176636453	0.2711130982331222
302.2246	783.3	0.8497591564330831	-0.2027905336759426
254.2246	784.1	0.47855192094409305	0.7889533216560549
302.2246	787.6	0.30218260577205963	-1.1868697341329435
280.2402	791.6	0.5570346520148785	-0.6900774991157762
264.2089	795.1	0.5799622428546167	0.6319901448564302
280.2402	796.2	0.43449535662863825	-0.9144799114460045
304.2402	819.4	0.8847211957674201	0.16302782918784442
306.2559	861.7	0.8981791885972028	0.14388692933101135
256.2402	866.2	0.7775657185884552	0.30594069992485773
356.329	920.1	0.73205893738795	0.37544162656352287
284.2715	952.3	0.7974107536289713	0.29102293563754555
