m/z	retention_time	p_value	t_score
347.061	165.142	0.8002078145191972	0.2704342034192219
384.12	368.227	0.4237775131462292	-0.9040459783062953
89.0478	241.494	0.9394318453697442	-0.08203872082836378
146.109	195.207	0.07655543406125098	-2.828941232976065
146.1061	474.105	0.2584535308330505	-1.4570923090693353
323.0498	169.774	0.8390918249302244	-0.2195926260334124
176.0328	321.379	0.548852378134403	0.6862483105693978
204.0903	450.091	0.735836838701303	-0.3618488250956192
116.0103	307.707	0.1479045592189842	2.147959354181895
116.0103	408.121	0.005789825788303639	7.539321010538695
116.0103	257.207	0.13623127727684872	2.245130937284275
612.1487	302.036	0.07390651988436964	-3.1339003789773594
642.3001	458.493	0.5770010896350514	-0.6146472548527404
88.0988	529.936	0.1791927609752969	1.720173951091783
135.0537	349.073	0.03512392736681956	3.374645611715469
132.0531	184.874	0.03532961145957691	-3.790860642390456
192.0272	215.905	0.05832643693488759	2.6314403766219945
117.0786	325.426	0.5038293290781677	0.7943358885691325
89.0478	318.458	0.047399678194037134	-2.832465789637687
125.0146	169.461	0.20226186385122152	-1.6329558607669743
119.0575	180.793	0.8286655511835784	-0.24130760894776326
192.0265	391.225	0.3132446764499278	1.1798487651289158
103.063	276.854	0.28756243961173383	-1.380589687086524
259.0459	147.818	0.21302025724062346	1.711280245518374
104.0091	446.952	0.6757081574396342	0.46104455155031604
152.0335	291.841	0.36224526855685407	-1.1063937683025928
131.0945	302.364	0.03215209998374437	-4.169337426710788
131.0945	258.726	0.298259978493075	1.1961162930377602
129.079	400.318	0.6060551703976926	0.5657571517458531
129.0792	381.087	0.14290879147813773	-2.231378281249873
176.0425	375.97	0.282677294216197	-1.43961051677613
174.0531	229.259	0.021115064233843253	5.135470969977289
87.0685	346.276	0.2709940884074059	1.27930865308567
251.1003	325.794	0.14590573596292172	-2.0830838538358933
137.0459	438.001	0.426300196781055	-0.9027475157395664
153.0099	167.307	0.0031995211478951764	-7.296301514041865
189.0634	413.443	0.037205526018591645	3.2816559964039533
154.0275	603.763	0.1965118774079061	1.5937349694900542
122.036	533.861	0.09111155223779988	-2.3060122082374304
220.0838	496.852	0.4861686692264439	-0.8461615129033963
192.027	351.765	0.15208102218383093	1.9289197253362373
164.0475	497.662	0.29965806899963027	1.1995697214552232
139.027	574.103	0.5327642891320378	-0.695139199277726
119.0178	301.607	0.5774935793767779	0.6060377345568091
119.0217	284.286	0.42861007363233955	-0.8800661103673534
119.0176	319.687	0.3812096847217349	0.9864452694610342
175.0634	445.461	0.00020784850845329073	12.908890394984143
116.0956	285.181	0.3837048880811736	-1.093089694961824
187.1679	484.934	0.3418276448079875	-1.1180462731463547
145.0848	181.825	0.5901471824605238	-0.5858851341681662
145.085	377.725	0.37130429183565566	1.08985093739573
175.0478	412.274	0.12401516127327747	2.329505182329555
175.0477	418.537	0.2949647959539145	1.2445948235345425
175.0472	393.025	0.05853354338304974	3.9284891612425437
161.0682	300.911	0.08856180111319613	2.6145965419439117
162.0161	261.963	0.02371750718440686	3.780872046194868
194.0574	494.381	0.9555086945748901	-0.060021073597215535
115.0266	248.993	0.48277429375477243	-0.7770867315971072
117.0782	228.101	0.677983500154439	0.4641026454004655
117.0788	318.327	0.7994135069090421	-0.27757054337049253
117.0782	222.868	0.7149523340915412	0.3944978079747096
129.0418	314.468	0.01765897994845611	5.962475958804674
188.1251	383.096	0.4990755802940198	0.7434316203946875
131.0949	417.608	0.26322737859495454	-1.4045673185173666
118.0259	276.87	0.0625408640737256	3.757554297788915
126.0296	677.115	0.13265122091354017	2.297222865812015
130.0267	470.686	0.4727746808972112	-0.7932645903312721
103.0626	282.722	0.4061753614828707	-1.020157077782777
214.1576	595.227	0.06814377731541761	-2.6894580224789406
109.0522	432.572	0.1448929450612571	1.990803751902695
189.1101	216.566	0.27633918762458487	1.362376109666569
176.0676	493.587	0.02062651925993857	3.8811030375352407
172.0367	222.2	0.9831829644681664	0.02270195821007741
129.0899	237.666	0.6812752517483052	-0.4431270219645519
236.0782	244.953	0.06755445684269955	-2.4962765060120087
130.1116	345.557	0.4667867714255995	-0.8748114087942062
188.1173	267.889	0.6521933491306313	0.5064185412648091
160.1219	524.398	0.3016192429854127	-1.2398185044344772
126.0431	344.456	0.13286590829561673	-2.291463645120134
101.0473	333.43	0.2538962969196777	1.336839876327917
243.086	253.086	0.09276793417135301	-2.8741727834785604
154.038	274.02	0.41518591318571363	-1.0153562601667288
118.0734	188.282	0.21890899879080128	1.7642035846510808
118.0735	444.056	0.040039068911554426	-3.225089575288915
169.0334	380.886	0.4333728833570072	0.8792570786546716
104.0575	443.316	0.034641358866257674	-3.5684733520442284
148.0014	407.865	0.017931522464440564	3.9452520151495745
113.0468	330.951	0.055709757090597306	3.349883022088734
147.0533	329.837	0.10985439414388706	2.0899995945306777
147.0537	339.696	0.09570234339990594	-2.2032782993097326
147.0535	284.895	0.03206537028869709	3.3345116300611366
145.0737	360.501	0.11905900855202184	1.984314189496392
162.0526	447.914	0.24384164222982513	1.4247032238158366
188.1272	196.669	0.06710423281294839	-3.523794445004386
145.0739	235.602	0.10541537853162342	2.80960695408637
127.063	343.805	0.0045305524905487485	6.145394724955376
155.0337	186.855	0.15210419073273904	1.859231796847369
134.0581	268.565	0.1283754065719826	2.0845758451156624
140.0083	259.037	0.07197351790137796	3.5228737359925555
256.1149	427.248	0.5795428238585243	-0.6029648522123998
335.1323	170.641	0.33438098290251655	1.1169660234959418
297.1068	197.698	0.0818374326181549	-2.5702632685014906
192.027	233.079	0.06879080809429194	2.4762343441092383
183.0711	561.755	0.09986667008661156	-2.342868159927878
294.2185	708.168	0.19362976843587631	-1.9057030290845431
310.2142	646.605	0.1680231746094119	1.7118519718406247
310.2152	623.667	0.7904262353596427	0.2841344860764527
149.0453	427.927	0.2053720054240253	1.8084443844151983
152.0471	458.943	0.44390908367248055	-0.8847635766791222
120.0576	610.837	0.7800603067571825	-0.30993780975115787
191.0613	433.457	0.18093169311764992	-1.9878724695445786
191.0585	450.008	0.006984333171687944	-5.22729653032922
191.0598	463.838	0.7704628527390833	-0.31637432586196323
219.053	372.294	0.6202123812208817	-0.5380945468445854
165.0402	287.052	0.14042083797934937	-2.302038761023495
165.0431	335.335	0.029940054036675906	-4.274797853991246
133.0519	534.425	0.07302029479753545	3.207049187958111
128.0581	289.502	0.20475253274529132	1.7371901561256358
128.0577	263.583	0.22312966823312796	-1.6954941943858393
132.0518	286.787	0.23554570345428386	-1.3953248343782676
334.2124	601.825	0.08977412539260897	-2.4981943292380135
148.0365	280.894	0.1681826791443346	1.8310328501337176
146.0582	492.733	0.6676351614463963	0.48457124159525544
272.0894	351.983	0.8144511050336128	0.2606042533985687
190.0478	471.428	0.11104616770274635	-2.422306038451038
142.0738	286.608	0.07006160627391453	-3.043740647692714
161.0683	276.682	0.01184285531952754	6.413495557767606
161.0685	339.256	0.0032700655223943426	10.309767611907523
228.2096	761.042	0.011365926283714493	-6.301394229118599
160.0833	210.228	0.8661805885290644	-0.18173692973599362
267.0966	209.968	0.08436309699966053	2.3206881876351444
153.0647	241.154	0.2431791964380779	-1.5468659033861136
163.0283	232.442	0.3062370252695824	-1.353009319431894
345.0505	147.487	0.06635009198504647	2.805773580458883
312.2301	529.817	0.9668585769280451	0.04544230070630005
312.2297	577.777	0.16230824870147878	1.923246913153998
250.0472	409.247	0.1448952353975319	2.0839239377634
202.122	510.331	0.2807688069627596	-1.2864484887474086
210.1249	605.999	0.22574690346030388	-1.546868674445281
316.2007	666.317	0.06269093116625765	3.2804635598348306
148.0524	497.282	0.13084522476870217	2.3174740626288326
198.0526	463.791	0.7835398952999507	-0.2944556829841577
164.0502	562.443	0.016242281647817703	4.0110780450798265
294.1211	346.826	0.31417162436815416	-1.3169146355031909
105.0796	325.317	0.95539877355972	-0.06042314823616353
126.0312	505.589	0.07192617227968558	2.511834182243856
126.0311	491.362	0.12319743022440285	2.070122582601006
306.0743	302.16	0.08324966218277641	-2.9672336953736522
147.0523	263.88	0.18338387051233043	1.8011630949861837
101.0835	347.282	0.1126399030707536	2.1725297557389553
193.0411	288.097	0.5686223233978223	0.6222005432716302
122.0841	453.104	0.9374129162637496	0.08492285523918235
87.0689	444.317	0.4477939854570197	0.8622200560700614
294.2203	685.859	0.2315696490483163	-1.5822372648415
320.233	728.554	0.026171154829580105	-5.576595690858285
314.2453	592.595	0.17516930032568054	1.8006735701887229
314.2455	615.87	0.2662468676732719	-1.4326211465790148
312.2299	651.162	0.17095878236837908	-1.7689959304669667
312.2309	679.528	0.28718827521356743	-1.238558969949534
330.2403	576.837	0.8309174437268796	0.22960498495396484
330.2385	486.858	0.38296295119244117	1.0174266482353296
330.2392	541.551	0.885539963941929	0.15441674201463157
330.2395	515.144	0.10779868050847818	2.695732278174056
232.1037	215.842	0.04876269617455072	2.96277145780223
210.0996	641.204	0.5116810840543148	-0.7691224192380872
175.0474	380.712	0.8797771836426672	0.1611726285864983
175.0474	318.103	0.001750873539388272	11.860930683609414
240.0079	511.934	0.37829101885527433	1.0091583185817177
240.0127	315.133	0.6606512730077558	-0.49149404685611264
240.01	460.035	0.4987683321549274	0.7461813968956932
240.0104	549.356	0.6951435601710321	0.42711591248560915
240.0078	483.881	0.5738504837244879	0.6116625860023553
240.007	478.533	0.5822487601844932	0.5976796522248997
240.0091	296.075	0.5642183047757638	-0.6296356712041585
240.0089	442.121	0.4075297490016335	1.027942413290821
240.0089	260.997	0.6594565741776974	0.4855784695383798
240.0102	479.883	0.6623976270253586	0.470820326281574
228.1359	533.47	0.07345948925772573	-2.719309067508923
228.1355	617.076	0.6358507064935202	0.5367747420713502
212.1416	486.423	0.2643856465282181	1.4634677830626597
212.142	520.992	0.35317248692165104	-1.0503743640586707
294.2191	601.555	0.17803295360553198	-2.0115420963789417
292.2041	648.045	0.625753041561907	0.5323847952909344
172.1101	489.787	0.3354899014667207	-1.2452946911680005
153.0896	584.875	0.3556156929005511	1.0484822225844816
183.0639	545.702	0.4646806357308846	-0.835904159780849
302.0789	609.485	0.05584412502559611	-3.6482961274858337
199.0583	491.686	0.19844268623109934	1.84954601163252
209.0799	372.385	0.8517476944083768	-0.19948656398803893
158.0691	317.311	0.47105852631491385	-0.875947405790979
183.0204	151.239	0.25365269929362383	-1.377382404011417
198.0282	563.899	0.13200210677222043	1.8942464383222568
268.081	691.339	0.3029635988730993	-1.3597606482043032
146.0689	213.615	0.0212597060476901	-5.682763811607101
146.0685	199.396	0.09020101243343293	-3.0214417731481453
316.201	646.266	0.18551146147383457	-1.6862271404110125
162.1012	418.344	0.08507537700614232	-2.3877486864245983
189.1495	217.127	0.34016345056419484	1.141799100866325
363.0557	341.852	0.5402909725870916	0.680658687163423
161.0471	508.67	0.16035440829898373	-1.721966137185508
166.0835	257.925	0.8486018681742123	-0.2120046808883369
133.036	255.45	0.21518791671798165	1.506783534755413
312.23	486.891	0.34391781842935504	-1.2159877594216353
312.23	514.255	0.5862536603164393	0.6240760863617919
194.0423	244.928	0.06263383961722443	3.3162764216579843
87.0318	329.396	0.6011087575004836	0.584945426157593
87.0313	361.648	0.03915118819255212	-3.770152764210069
160.0373	351.998	0.17322137760278408	2.0579758553066485
276.0957	212.914	0.12921548323366747	1.9498975094000064
190.0945	192.565	0.0016779086290701019	8.074256045108344
190.0949	454.946	0.31495023999001337	1.2339383974048728
198.0532	323.862	0.03566413463947065	-3.15795054182417
136.0521	506.203	0.25583059162694116	-1.447197325013009
182.0254	368.633	0.1100793368345541	-2.4375541099330174
173.068	250.601	0.051990964820581416	2.825211472438112
180.063	196.105	0.05922678057352493	3.0075832813063292
180.0626	439.025	0.12340193501856465	2.5538690947566516
180.0642	261.312	0.19119947020575448	1.715986934566991
180.0625	415.829	0.39831926531317285	0.9586338200297841
180.0625	203.059	0.06737754926515417	2.7070445308269355
180.0635	387.923	0.5413748569292048	-0.6834149400588394
180.0631	240.423	0.0664573795454852	3.1385896871472414
180.0632	393.219	0.5231101486802322	-0.716708715763891
180.0625	401.073	0.9266087415690515	0.10103215183467817
113.0467	374.756	0.13453010518483766	2.330089245998411
144.0409	489.33	0.29784157732600935	1.3227337066767553
172.0848	268.407	0.0916845798114249	2.5640748306417147
216.1362	614.527	0.8881602722737005	-0.1515180901171877
153.0434	215.924	0.12199928375491631	-1.957512045430399
175.0942	286.118	0.08047833404242524	2.7284055308590616
218.0904	219.618	0.49843138072921095	-0.8181148422043115
228.148	395.484	0.5501462911605524	-0.651699349305196
262.1308	404.278	0.6509639267210376	-0.5136334103057465
172.0852	287.579	0.25362477394295624	1.5578233705549562
193.0732	388.141	0.23027956315478754	-1.6984358414736895
153.044	591.019	0.8739791148095446	-0.17128787951155627
160.0837	248.675	0.3977416479417552	-0.9466804982746149
204.0737	215.431	0.16657988911585658	1.927841977294335
202.1312	370.059	0.10890639499304755	-2.2767896266405225
202.1308	362.034	0.12962854860213766	-2.135305820190908
217.143	450.735	0.06885246931072911	-2.4724470142909922
186.1006	292.285	0.024542687000913034	3.913138899417355
188.1169	320.253	0.30318482342110686	-1.226646431496478
246.1008	453.027	0.1341974999250849	-2.010169983398895
260.1125	165.462	0.251275535070319	1.4470261454673192
219.0847	171.483	0.16884463301882882	1.699749688240221
233.1002	174.247	0.9499274764916322	-0.06953435902563292
295.1179	492.54	0.18350710819637497	-1.6461514754205069
231.1231	240.089	0.07052790836434143	-2.501221731614321
246.1211	312.324	0.30051825486315287	1.2513575320154435
296.0995	499.412	0.756351514082669	0.3332373009921673
232.1046	288.197	0.20298994164780418	1.7151854004227955
217.1046	201.341	0.11993762828566437	-2.2958827910217496
274.1278	167.839	0.12687901693535894	-2.2607645740095452
275.111	181.157	0.023276903666569454	-4.128355257647884
203.09	187.029	0.08391189265814047	3.1426618328626104
274.164	392.703	0.01981544082282521	-5.213876985502115
247.1159	185.612	0.6163056146628568	-0.5483516155880662
261.0961	177.312	0.48212214789753827	-0.8215509748759675
276.0938	197.211	0.2462772807901005	1.3643882999293153
204.0733	198.16	0.5320874067943093	0.6880725588514977
260.1365	319.177	0.8504061145153282	0.20262095091507948
234.0834	189.712	0.48352985601502535	0.7948799505274258
248.1002	201.978	0.5918194214659223	0.5858046842591376
310.1162	501.645	0.4455738817567105	-0.9269026823857842
246.1206	266.024	0.9157828852296359	0.11320469038639853
354.0659	370.094	0.23841418748385182	1.41728072516608
212.0914	475.124	0.3959142182227078	-0.9866654902127485
203.1257	442.174	0.3417527930041385	-1.1170602659898616
162.0644	202.655	0.5530113291040091	0.6489757477313629
176.0811	223.376	0.6062774986747685	0.564480935595824
238.0961	538.672	0.40690746386004345	-0.9979409453749937
226.106	466.927	0.2919703907245727	-1.2525278230047656
270.0944	430.035	0.0005915791248684265	10.068475306151345
284.1126	433.608	0.7037011423618205	-0.40875718461266697
302.139	543.381	0.21482590232045037	-1.4752200929245118
242.1003	429.644	0.8830282304273167	-0.15696017519129107
202.1314	332.552	0.2945167818522481	-1.2351683925603738
268.152	538.965	0.26872844263547035	-1.2997474576789023
232.141	307.699	0.21193401156514108	-1.7857135453248683
246.1215	295.482	0.43794195103882533	0.9293605534689935
244.1778	444.006	0.11749732844213355	-2.3436213872364506
218.1258	290.506	0.07341692693565488	-2.4252175114098766
294.1571	586.933	0.09877974023380595	-2.1507445475538205
217.1428	445.274	0.06185211526555994	-2.5741153884508727
203.1259	432.799	0.09724434938431885	-2.211111265280206
283.1637	585.798	0.916819912016229	-0.11574092121966922
259.19	518.061	0.08438627681555981	-2.547839024896021
243.1568	478.243	0.3711056549900383	-1.050418161266914
245.1744	489.204	0.027961806876650383	-3.588700382843833
220.0853	307.078	0.055371777943893176	-2.7938225638064207
264.1468	427.312	0.0636897601888359	-2.5923999316461255
186.1006	309.349	0.3573538459174075	1.1274030105650243
271.1638	403.811	0.15219524846228036	2.0351079917013597
244.1053	270.541	0.062191818613171884	3.7133688928652315
252.1231	524.272	0.48087464864389934	-0.8178882417864531
246.1052	378.783	0.17817386071565694	-1.8063345997785907
202.0942	258.073	0.013645586480240826	4.346071569812501
216.1107	279.196	0.08445160573528243	3.0936169708899715
214.1311	382.185	0.04995191408221672	2.778830550687698
220.0683	183.059	0.2723183113091696	1.376881751917665
234.084	177.444	0.26700868102500436	1.4234021726121973
242.0999	446.851	0.608042147975265	-0.5748270000695689
218.1268	307.481	0.09404915422459438	-2.1867275190710376
218.1263	298.493	0.11062832815853975	-2.0728944554112236
233.1379	416.337	0.8311078115881363	-0.23005840270297925
192.0743	180.946	0.19544469353313254	1.5656670148187801
206.0898	182.206	0.9266323938263504	0.09906191091999966
233.0996	184.315	0.4143732961662819	0.9303961088776179
222.0676	197.218	0.9089233031095234	-0.12326506784791613
232.1416	327.921	0.04411640814290745	-3.4309722578542075
250.0968	298.069	0.10716452008791287	-2.108164380061454
216.1111	258.373	0.06227471791086396	3.7622227292630104
206.0908	196.264	0.5334304442383514	-0.7416439475662943
220.1052	212.29	0.9171975160094072	0.11145201482712887
282.1201	530.653	0.2477356561231941	-1.4753172087540114
238.0951	521.03	0.8332027590018183	-0.23470769650855527
278.1259	560.768	0.7715919672365843	-0.32544976677139204
282.1166	497.337	0.018959365400179704	-6.299102779871357
280.1425	565.636	0.0777264554321463	-2.50787453832977
188.1165	295.936	0.4135845748727299	-0.9149802050580828
232.1052	258.062	0.2010816650590872	1.6421873702353678
230.1629	418.102	0.14226642414900162	-2.146958513066062
216.1468	370.963	0.20717761037949847	-1.5038872299223704
294.1207	319.944	0.09668758955886171	-2.165888126749447
151.0303	174.318	0.4690976757213016	-0.8263786641273605
174.1003	317.132	0.5014667511694291	0.7574987796787503
146.0687	245.882	0.17720108194733655	-1.7946773137071348
259.0457	147.8	0.0670184728111791	3.4115720671469365
211.0358	149.3	0.09240479441544458	2.6464048573795376
139.0398	150.0	0.10777957099063164	-2.419118321372149
199.0246	150.0	0.06680452435868671	3.155376225478659
153.0096	152.0	0.576596091010594	0.6091530209327651
356.0733	153.1	0.030737781441463795	3.363422581979276
229.0351	154.0	0.3460409520532606	-1.1566914012401732
215.0559	154.7	0.0972365382064372	2.7397058700346006
537.0761	155.1	0.4600593498540288	-0.8174400488189827
169.0045	156.0	0.005203547214401083	5.630355641592411
141.0191	159.3	0.03226912642509076	4.90162240887437
246.097	161.409	0.23854453260585315	1.6154375736056377
261.0965	162.187	0.2461013429865721	-1.403229594682698
195.0743	162.7	0.30620039570092883	-1.3173298438775685
179.0794	164.0	0.08843062079335952	2.8943185836822036
261.0307	164.0	0.6070634283734677	-0.5580409943857597
431.0131	164.7	0.41941547437411275	0.9039966132126763
307.0838	165.4	0.8582808542414933	-0.19236039523074272
347.0631	165.4	0.23120518232694	-1.6027165056652295
302.1702	166.147	0.041915104078760076	-3.0299200885161635
167.0259	166.214	0.14925633521740458	-2.1491036737829683
274.1277	168.0	0.12279829922827551	-2.3000665538145597
238.0605	170.329	0.18637574205356094	-1.8996118199785148
204.0734	170.75	0.101810264574672	-2.168219084837507
283.0917	173.1	0.3089975447285975	-1.3513972771180172
133.0487	173.2	0.21592537596859462	-1.7828244107797226
220.0684	174.069	0.5136580653091847	0.7337275621823391
169.0847	178.323	0.13056794209777126	-2.3276371222765584
290.1226	181.1	0.8732692998867926	-0.17026467227821449
335.0631	181.9	0.552097786847924	0.6484430105233631
162.0643	182.294	0.1863439438363472	1.6731014882558866
173.08	184.4	0.12531900860279682	-2.271399369484221
174.1117	188.0	0.030178177775295755	-3.865697569798552
248.0994	188.562	0.0591911678583617	-3.4551296482168548
232.1166	189.143	0.43444333632605986	-0.8818957951098029
190.0586	190.315	0.07848161220183518	-2.391558549544544
190.0954	192.7	0.08831920469594912	2.8181716387136895
160.0484	194.4	0.2983493366924123	-1.3285037576464997
146.0691	194.6	0.08061063007744586	-2.827123041740205
275.1115	199.652	0.449616181906972	-0.8371944980340954
204.111	199.7	0.20359876566884108	-1.5656944328650788
175.0957	200.7	0.7651914522966974	-0.32248089488770504
636.0963	202.6	0.5252935223577088	-0.7064267551585481
119.0582	209.1	0.0805886562852411	-2.33382816262927
202.1421	209.444	0.6652811858957766	-0.466829365960229
163.0593	209.5	0.12560752882824444	-2.523371214070658
267.0968	210.0	0.042149330804794986	3.4911115695632944
165.046	211.7	0.27393952920292486	-1.470764286824417
105.0426	211.8	0.11880716727353043	-2.0209993582551125
190.0954	212.4	0.7303415494146833	-0.3774279580679247
189.0637	216.7	0.46834907044630775	0.8510766829042041
605.0772	218.1	0.18017983082369557	1.6809417957310433
218.0903	219.6	0.5244643484524734	-0.7276007366552953
147.0532	220.1	0.11201453697804514	2.272529276876178
383.1057	220.384	0.15854966794548886	-2.0442942482148223
133.0375	220.6	0.1183791188869453	2.230725081956988
289.1274	222.2	0.8510632637247516	0.20024081747029332
230.1258	222.894	0.1327518915753483	1.9452940623594905
237.0309	223.645	0.8447449760624292	-0.22063760217421477
133.0741	223.773	0.7667506771489232	0.32119671353936546
346.09	230.1	0.31818743728885235	-1.317823080724076
287.1123	231.282	0.8064453286192479	-0.2738944444447876
332.1332	233.2	0.01305859022521046	-6.186361981443386
103.0273	234.256	0.03320531858566403	-4.495330667588407
332.0743	234.6	0.7744916235623401	-0.3066885700190245
141.0426	237.7	0.14775644111406505	-1.80607602873585
119.0582	237.9	0.26593620410967267	-1.4336238333209994
161.0688	238.8	0.18231654810074618	-1.6740195713179629
188.1161	238.9	0.2595098746196815	-1.312969142886468
273.1325	239.1	0.7366587169635527	-0.3817933469335071
114.0429	239.3	0.46587984352319356	-0.805725727410743
133.0731	239.769	0.20055319241446057	1.55850285291756
377.1335	241.7	0.566653024528911	0.6279987194174944
61.0528	241.9	0.5481610629824443	-0.7101437528283193
229.1066	242.776	0.393765783124284	1.0143474675470163
174.1004	243.6	0.9645023351607583	0.04983848598765263
199.0957	244.6	0.8353866469088136	-0.22332253716566308
243.1205	244.978	0.5967892535927573	-0.5768901769798719
131.1422	245.6	0.35057348494500784	-1.1674320525083564
363.058	247.1	0.5327019557313405	0.707911415837792
160.0848	248.6	0.2673712524149983	-1.292270988126333
385.1274	249.0	0.4187413913252576	-0.909038043401852
384.1169	249.2	0.15780263925037724	-1.8115610900663204
515.1765	249.5	0.9001649840247312	0.1414951317569737
75.032	249.6	0.5090979209066225	-0.7270428212873041
433.1362	249.7	0.21531974425586412	-1.6344553355312896
119.0582	250.3	0.026116849639056774	-3.4851093920484306
188.0797	252.1	0.8461139401722474	-0.21000149636059753
204.111	252.6	0.612568664341029	0.548519339797925
125.0242	256.8	0.01682235249436781	5.983306086303823
297.0896	257.2	0.5825260621455393	0.606679125339499
119.0577	257.928	0.048446100446141324	-3.6260367116038648
232.1059	258.1	0.2399877402155309	1.4294366871037891
345.0474	258.6	0.3157636817465219	-1.1629680369992161
346.09	260.7	0.40264853753619256	-0.9713712956739992
244.142	261.208	0.035519578724848455	3.618591266662406
216.111	261.9	0.031760162264962095	5.133546530412874
434.2311	261.9	0.029113502074137435	5.028104350100607
231.1212	262.394	0.6384569460078254	-0.5226948984234828
243.0855	264.6	0.12830549817746495	-2.3380155931287554
230.09	264.642	0.10013622453460735	2.9125848591829846
89.0477	266.7	0.8146608847662523	-0.2629272621208037
578.1636	267.0	0.5482003767964397	-0.7044994496337165
218.0906	267.667	0.008795189738721877	4.944204735091072
446.0604	268.3	0.08806570105143038	2.776841186680584
147.0895	268.8	0.025911443300825576	4.112660493201925
246.0848	269.025	0.8628495101278124	-0.19567027987542365
217.9885	269.7	0.4257907954121632	-0.8909312145062716
127.0382	269.9	0.17978538606022612	-1.6649823570581093
174.0641	269.9	0.4767538172182883	-0.8433135801400408
161.0688	270.3	0.1071579159133302	2.1747305479187813
473.1659	270.5	0.04626902369936635	-2.9886185819571898
473.1659	270.5	0.04626902369936635	-2.9886185819571898
132.0059	272.7	0.6202617038883537	-0.550689035717806
436.1369	275.1	0.26725814386007263	-1.4048461036501119
89.0477	276.5	0.07897053494902151	-2.346329499899344
174.0632	277.508	0.005998751211655345	-6.238578504046579
117.0426	280.5	0.32669092964646423	-1.1355079991033965
145.0739	280.5	0.09283334639887578	-2.7770333487001055
149.0471	282.385	0.40183738238377903	-0.9427013560266949
73.0528	283.2	0.29838488830782783	1.3818464788394558
202.0956	283.587	0.46549195413407257	-0.82380930177494
300.0852	284.961	0.38453211902454476	0.9755390540283962
59.0371	285.9	0.4624626256842907	0.823532840373399
110.0476	287.177	0.5745612259470665	0.6220011171808554
459.1866	287.2	0.04855559774161146	-4.364738967894269
692.2316	287.2	0.3790732816021035	0.9945362277490576
611.1607	287.4	0.08950968613218416	-2.4615514470172526
202.1311	287.952	0.2464097818206691	1.3846488709980842
193.0375	288.1	0.6558337432119822	0.48400410380811437
232.1059	288.2	0.18596273321093343	1.7208150827081286
114.0796	289.584	0.07064902920537447	3.5460051374135952
145.0739	289.7	0.5919008145481827	0.6261634944268527
176.0321	289.9	0.16093256985664953	1.912390189543858
232.1407	290.631	0.572421591481354	0.6230438416038068
147.0532	291.8	0.46528113118304076	0.8075112940648517
243.1204	293.71	0.5518790287444559	0.6547346430976435
328.0794	294.1	0.4326455125967373	-0.9327781408054323
190.1066	295.3	0.07483440177890453	-2.9449983408815283
458.1203	296.3	0.8471647855137279	-0.2162467398271243
206.0428	296.909	0.07119242366474385	3.4027523214169033
167.0582	297.2	0.5531605237434092	0.6502482144324735
188.0797	297.4	0.02514878631513014	5.225489271758262
232.1059	297.5	0.1974663844655201	1.5950864390171642
75.0684	297.8	0.534891185788318	-0.7391999039118264
145.0739	298.0	0.20474790165235443	1.630333267615812
306.074	302.5	0.06128602100213739	-3.228037701533742
175.0842	302.598	0.10425640281722988	2.383824453852899
101.0477	304.0	0.06068831158851276	2.9611254673946705
165.0423	306.019	0.11150488644271503	2.664507173470782
151.0494	306.1	0.03324302646691325	-4.446856088327302
360.1321	306.2	0.953877343783099	0.061545401183013174
330.0951	306.5	0.7019882793159631	0.4300975099183386
127.0625	306.5	0.9103811817118492	-0.1205069975916003
282.0344	307.3	0.55450375603529	-0.6647868868636241
117.079	307.4	0.2930207615962601	1.4035370233600641
87.032	309.1	0.20063568322217742	-1.7403010373270464
223.0481	310.5	0.8951918370695666	0.1434761876512275
245.1369	311.168	0.17905601012365954	1.7468321640197675
226.0582	313.187	0.8597934010566863	-0.18832475572122
103.0633	315.1	0.4844060193364114	-0.7710107000026001
216.1113	315.16	0.2950771399627786	1.2447314482153125
230.1259	316.57	0.018932097114145018	3.8483613307237885
174.1004	317.1	0.6726454102653395	0.46324851038844767
129.0812	317.542	0.044378127648293325	3.6659250228226226
129.0426	317.6	0.05105903966321448	3.5884218781643593
101.0472	318.468	0.34954388475886516	1.20018333063455
314.0638	320.3	0.17484502258573545	2.0290412247917664
136.0385	320.5	0.18152306318059092	-1.9133944795820128
135.0354	320.5	0.18253744764936866	-1.90214183741326
342.0951	321.8	0.7096835070019955	0.4187583785495415
175.0847	321.972	0.043046509775164325	4.335147457731793
176.0909	322.1	0.34433482117510605	1.2270296957516489
244.1047	322.119	0.01268840621640979	6.235102835205244
326.0979	322.694	0.055837930594065506	-3.6486540458571617
259.1525	323.032	0.18408955005691702	-1.6318533159477369
244.141	323.247	0.1065746391916833	2.3207935816951086
254.0725	323.6	0.06887412548489702	-2.484124733340628
293.1384	323.989	0.09405796973514102	-2.40801320766546
87.0684	325.6	0.8919539263198618	-0.1457336686218171
174.1004	326.4	0.2837042035885772	1.3776640602216814
216.1112	326.487	0.09945447694025128	2.6189615970907876
220.0848	328.7	0.053284013098284184	3.9328356816051495
73.0528	329.1	0.11914690089210006	2.1126755750038453
616.2241	329.1	0.538131698379735	-0.70982426571131
456.1626	329.5	0.30566751625206884	-1.189045117457729
232.0042	331.3	0.5967510156310261	0.5775819958322179
236.0797	331.8	0.03624818582226809	-3.3099819673363675
237.0862	331.8	0.03283520154220242	-3.4139587862182434
492.1115	332.458	0.34911861892302326	-1.066226196937354
72.0687	333.6	0.06546009488233312	-3.617732109889835
175.0841	334.043	0.1373748241784319	1.9096542848779907
218.1262	334.201	0.29003909672404055	-1.241045527412995
115.0633	337.8	0.07786256978634819	2.679523950070306
206.0427	340.382	0.01494503948188387	5.915913211191931
255.9984	340.5	0.9936489274318112	0.008476910893504231
230.1263	340.572	0.047778478473569704	3.977267452770572
172.0856	341.09	0.08521671161311949	3.1228651230778874
185.0324	341.4	0.06552143191417541	3.508386190954052
176.095	341.7	0.10953926756334433	2.1005962183838163
439.2392	342.4	0.4396891915355467	0.9270727770760828
216.1111	343.315	0.05940320421879652	2.703291411418352
181.0375	343.5	0.03622226791544084	4.958406474108872
244.1046	345.245	0.41983297374424644	0.9906425378575235
208.0841	346.203	0.23761587379349947	-1.6375391922164702
325.0798	346.4	0.25301221866233553	1.5438799556842333
325.0798	346.4	0.25301221866233553	1.5438799556842333
260.1358	346.433	0.15783771513658545	-1.786089312609946
426.0879	347.1	0.803207837572296	0.26908417711191024
125.0955	347.438	0.23561799012563048	1.6679526921795247
198.1368	348.5	0.08303731773490537	3.177124039686949
642.1432	350.2	0.05586239805485762	-3.6482522377166373
640.1428	350.5	0.7068600941082608	-0.40674094221494933
117.079	353.3	0.19450710607456745	-1.575085564312052
234.0852	353.4	0.9712228270115211	0.039571405649898195
149.051	353.8	0.24849180907768897	-1.6009933759276185
139.0382	356.6	0.38356537481253483	-1.0836947528993515
103.0633	357.4	0.4826490841886987	-0.816316568766155
73.0535	357.803	0.21414653353751484	-1.47847023565638
112.0273	358.4	0.9243377916261363	0.10110777793278247
216.1118	358.866	0.11778528246845614	2.1914663681141584
214.1311	359.641	0.6388173688340818	-0.507019812162343
266.1263	360.662	0.09461288741501023	-2.2072188760605136
131.0582	361.461	0.05398139787230003	2.9892913758795787
110.048	361.729	0.5300205197804185	-0.6869644098477049
188.1168	363.41	0.5234053904226057	-0.7262460614404423
184.0736	364.1	0.1304715777981443	-2.4631666428641643
230.1269	365.044	0.02761575759322681	4.724231476215326
166.0266	365.7	0.021325644808409212	-5.17910057621427
204.0899	366.1	0.06117160209599284	-2.646490762272216
220.0848	366.2	0.01545226048063172	-4.489911633928194
355.1547	366.4	0.06367687174350896	-3.094817972231913
433.1129	366.5	0.14608556762834407	-2.288660682062676
354.0577	368.8	0.047990063979344015	2.9424680106758587
381.9995	369.5	0.7944302244956738	0.28005557124745867
248.1161	369.7	0.15536096959681225	-1.9304259714676062
345.0421	369.729	0.742084255480124	-0.3547324334190166
114.0317	371.1	0.4838896230261368	-0.7765445388134015
248.0562	371.7	0.008005462902148073	4.948788052760405
70.0531	372.9	0.24565325371381025	1.4331650570328764
70.0531	373.1	0.24565325371381025	1.4331650570328764
300.0845	374.6	0.5913252786179858	-0.5924779089823748
222.1004	375.1	0.48724171552347595	-0.843925224620315
187.1208	375.4	0.23215328710965105	1.4151680479151887
275.1474	375.473	0.16933496637038611	-1.970177923381187
230.1257	376.257	0.08420985940757643	2.779021044245696
137.0841	376.8	0.20532513499255506	-1.5327817729121291
260.137	377.009	0.1016899580744483	2.132048410353659
281.0899	378.1	0.35880732843113905	1.0757332837153701
195.0895	378.8	0.005207482053038919	-5.623612327670063
117.0787	379.406	0.19964003827197357	-1.561854575169118
128.0473	379.7	0.4875182276915385	0.8039222555352689
259.1208	379.7	0.770792938148852	0.33125930059842795
163.0667	379.7	0.09701980253595902	-2.208188469690211
337.1147	379.811	0.08068282953367928	3.2895017608257953
167.0582	380.2	0.06321355140202589	2.942084056868928
205.0493	380.653	0.3138934608813777	-1.276591815401993
302.2067	381.699	0.06416150437735776	-2.562353693663407
381.0686	382.9	0.09229010238338445	2.2615514941726014
300.0845	383.1	0.42137213962195835	-0.9201546238413392
126.0317	389.5	0.17731287617006417	1.636402658389637
260.0467	391.0	0.5066634066204041	-0.778635578747383
311.1718	391.265	0.03774312676326987	-4.027871093305118
231.1324	392.1	0.1556516071360302	-2.003043573699504
165.0426	392.8	0.08375352300103543	-2.878910224825847
297.0449	394.318	0.6797226080381209	0.4474176697091699
246.1328	395.7	0.5972746270411379	0.5743303576423354
151.0633	397.7	0.19200515019734463	1.6226485464829634
72.0263	398.206	0.10874678736391222	2.068188445973894
212.1159	398.7	0.06537604216875476	3.2692652045922697
286.0477	399.0	0.1035300005340879	-2.1012968301862394
101.0835	400.073	0.09402549096064113	2.632585261673976
142.0258	404.813	0.19243502017971262	1.8394764630897944
228.1479	404.907	0.3225381281137432	-1.1332535337735936
326.0988	405.567	0.19779133488194303	1.6296244978090804
131.0946	407.0	0.1140259226708412	-2.2908959207229964
153.079	408.5	0.3430552831039585	-1.1553278271973753
522.1373	414.6	0.24220991635945283	-1.3741805485959586
519.1133	414.8	0.10580537027570468	-2.3892935104143485
480.0904	415.9	0.9996188013416509	0.0005176517524236404
126.0317	416.0	0.7101753163487609	0.4217581832709092
340.0794	416.6	0.7626978989987218	0.3319025736639184
261.1327	417.541	0.9559139649888079	0.05930401855096672
101.084	417.963	0.6421794555767506	0.5165878248541951
240.0238	418.5	0.7230992986866669	-0.3814779493649711
243.0855	418.7	0.10081395200935199	-2.717835117138229
275.1469	420.028	0.6018509914955963	-0.570639430307195
281.1124	420.6	0.10725869346289972	-2.758393907891136
386.029	421.5	0.12524121707147698	1.9525035471883394
228.1473	423.032	0.9186490635521389	0.11125841036337437
179.0946	423.1	0.19550880287369377	-1.9033755508022245
286.0477	423.9	0.08746052766641699	-2.4262556721301616
286.0477	424.0	0.11700985287817126	-2.0558216438495918
283.1281	424.3	0.2720879509300084	-1.3141586865495145
142.063	424.7	0.13940112148096642	-1.8415485049922717
234.1368	426.1	0.32307753807304046	1.280968493744234
149.0477	427.7	0.17640061164107668	1.8906054282239144
179.0946	428.6	0.19255000572354833	1.65919452307439
135.07	428.952	0.9232166181417438	-0.10611732931786971
126.0317	429.0	0.8310090691413101	0.2384943604219561
127.0627	429.589	0.1141978193412345	2.3313582187585906
168.0423	429.8	0.37386746822623085	1.0062978377925025
168.0424	429.865	0.36579831274020763	1.0233379812782075
304.1383	434.3	0.2795563486697128	-1.2750875716501262
117.0794	434.474	0.19300520134718732	-1.6170382285505305
237.0862	434.6	0.06387705010907262	-2.6557941709914332
114.0308	434.715	0.1120881612195977	2.0311373837679016
146.1055	435.6	0.2925069847297363	-1.4147879038444349
638.1119	436.8	0.061993967578663316	-3.6881104066781103
143.0924	438.718	0.35118476643267876	-1.1369137049545421
138.0317	440.3	0.31029882552917193	1.2362136319819965
149.0477	440.3	0.09716047363172586	-2.939073616010577
180.0786	441.1	0.5987026966501456	0.6169671152552835
320.0896	442.6	0.9724596449760134	-0.03677578085399398
162.0351	443.0	0.24706785061787295	-1.6177760052553372
117.0795	443.646	0.1704915934675763	-1.7263206178561992
217.1426	445.3	0.04032678251276083	-2.9903555291155777
121.0528	446.8	0.29391045120725817	-1.2720571559994225
181.0739	447.2	0.3848738563819899	1.0922163706081014
228.1478	449.338	0.6826797839118819	-0.4483736963063922
130.1218	449.4	0.4248754894978812	0.8997487456231036
208.0736	449.6	0.13851329521475006	1.8550869592393688
276.1586	450.3	0.30888782928328823	-1.2429574285813323
182.0579	450.6	0.36293857943645585	1.0542808399551546
217.1426	450.7	0.1295812015509087	-1.9124801736310921
245.1385	451.9	0.7883587349019445	-0.287495278464542
73.0888	452.519	0.6981770036288257	-0.41695458457206275
210.0528	452.6	0.2899959846873461	-1.3048609993033382
346.1165	454.5	0.3925845220350497	-1.0558506914270127
320.0896	454.9	0.9790067503602446	-0.028238296064755638
132.0899	455.6	0.08019625946032637	-2.468803527695704
321.15	458.254	0.5770010896350514	-0.6146472548527404
167.0582	458.4	0.8667936980761866	0.17900697227719942
33.0215	458.9	0.4149605118238665	-1.0006452459091482
152.0473	459.0	0.1445807104005265	-1.8283027965615408
182.0579	459.1	0.5193087045216964	0.7723326281087604
129.0541	459.586	0.2716840811878541	1.4067534690166303
351.1703	459.6	0.2449505098349815	1.5461301807147119
260.0321	459.8	0.12064329295487525	-1.9826360987465812
135.0677	460.236	0.09907142675857049	2.8313313115353917
161.0477	461.3	0.06542691534186273	3.6081430644724213
165.0426	462.0	0.20242811173990505	-1.849095954234346
370.0339	462.508	0.029606996675424976	4.004889976394409
322.0689	462.9	0.3134308691672171	-1.20577867632837
154.0266	464.3	0.0014963124428138302	-8.64564072473618
320.0532	464.9	0.9888334884146881	-0.015517619296256268
256.1099	466.1	0.04855856397513745	-4.292229280783615
152.0473	466.8	0.5723821747454504	0.6542512874922959
153.0538	466.8	0.5095114180062656	0.7553194649733662
144.1369	466.857	0.013227617596821308	4.925531761583473
203.1255	467.146	0.6215645686459135	0.5343973411809683
189.0424	468.206	0.06096872530878436	-2.9158723347670055
114.0314	468.229	0.00939464957052158	4.750514248993914
243.121	469.29	0.27272525038174783	1.4312400575420356
222.1004	470.7	0.8334642990216082	-0.2244253383310519
244.0695	472.6	0.1878643368428859	1.941542169842035
168.0423	475.2	0.3800677923337642	1.1129580518886373
375.1682	475.2	0.7201929967741887	0.4019496885052625
346.1165	476.0	0.5859395632532691	0.633510120975008
146.0844	476.8	0.06343201560213088	-2.764619806877598
268.0997	476.959	0.08555199694271948	2.5815468948295743
267.0968	477.2	0.16167676029157962	1.9336977008237566
253.0811	477.2	0.6865585166209791	-0.44246823471722774
252.0746	477.4	0.11840957291298831	2.0927606276637736
328.1543	478.0	0.9135920292255179	-0.11673116799114021
180.0899	478.3	0.21230075063152237	-1.7392507147941887
270.0528	479.5	0.07383808314331786	-3.362245790235288
207.0893	479.701	0.1316482698569634	-2.4288630323278286
138.0317	480.0	0.1469265056542438	-1.9252073739730573
141.0902	480.5	0.007672347398672843	-10.403609686372034
175.0633	482.3	0.2866120605553385	-1.4138592221558408
506.1002	482.9	0.13336629886168588	-1.8921062153069754
189.0425	483.125	0.13459530684930607	1.973220902350963
218.1267	485.3	0.026608259148972645	-3.441783264816577
187.1685	486.4	0.2931433606696081	-1.381256102483451
501.1972	487.7	0.06066863256323553	-2.593538840955622
251.1018	488.6	0.6680114201972805	0.49487300195770195
111.032	488.9	0.6222203284420438	0.55698391979437
133.0528	490.0	0.0707365079098489	2.46897504704466
170.0579	490.6	0.02574683365636588	-3.862813904593185
232.1212	491.3	0.8472517413629735	-0.2092472105820004
434.0767	494.23	0.9691761463830223	0.04111906236747672
194.0579	494.3	0.9261969322956833	-0.09977463036630445
168.0423	495.2	0.42389535194537825	-0.9900019283787654
564.1115	495.6	0.3264491845934136	1.117559473996311
178.063	496.4	0.11839744190400533	-2.2914025565858176
164.0473	497.6	0.33383566535969666	1.1011416427347127
277.1161	498.193	0.022827187729454024	5.86516400859611
148.0524	499.6	0.7380371498658755	0.36464699057050737
175.0633	500.9	0.30372394992131707	-1.241426255841521
356.1233	502.1	0.9929753509810819	0.00940302330263393
550.0959	504.1	0.38036765861848326	1.0233580993826874
60.0688	504.438	0.3942169403048147	-0.9582264494828188
188.1525	507.3	0.1435757837106727	-1.8842863849124425
161.0477	508.7	0.18091534606611587	-1.6190221013864277
195.0756	509.1	0.012263316177566307	4.463691604435742
109.0528	510.9	0.27487216873184495	1.4485731428428987
74.0848	510.922	0.3790298349371938	1.0447060029626614
182.0579	514.928	0.34001758493784284	-1.1373486234883385
336.0845	516.3	0.05939683382278764	2.638672119441621
99.105	516.567	0.06497442231707906	3.429530592543485
336.0861	516.692	0.07662811040519396	2.381262196945784
281.1124	516.9	0.3370461777859237	-1.098128023638035
272.1049	518.5	0.011595604318484588	-5.289553760017496
288.0634	519.9	0.5368233858546179	0.6885399608028558
288.0634	520.4	0.4110834151417638	0.9851602392268028
175.0243	521.1	0.8144323380507907	-0.26400252858996104
434.1213	521.3	0.4151859331654394	-0.9153380531461683
434.1213	521.3	0.4151859331654394	-0.9153380531461683
239.1018	521.6	0.7315683355456735	-0.3856400676709745
183.0354	521.7	0.21524964179302025	-1.6656396677289422
135.069	522.477	0.06353861039467885	2.9977014719899855
222.0892	526.9	0.25585649297098534	-1.3975525814979242
246.1011	527.335	0.07625435133088271	2.5175204290359594
176.095	528.9	0.9551635484343971	-0.06161084573062505
325.0979	530.122	0.020320557176321176	3.7466065384798037
186.0681	531.0	0.6764667025761473	0.4738718869938449
138.0681	531.3	0.616196776465019	0.5869194123078862
180.0886	531.634	0.6526336246379397	-0.48687677940177576
180.0899	531.7	0.6710390331669442	-0.457882957665239
252.1105	532.021	0.7687814177252881	-0.3200516195046151
318.0376	532.6	0.31370730092201765	-1.1739813098270278
192.0786	532.6	0.8907733258394175	0.14638272484068093
580.1792	533.4	0.049789530660541294	-4.046055549977353
128.0473	533.6	0.030236817714421285	-3.3908859303547305
239.1018	533.8	0.271134967264865	-1.5044368257210425
504.0969	534.633	0.9152176381077769	-0.11387874884680896
133.0528	534.7	0.09055442676675998	2.8660007696341645
210.0528	534.7	0.7537406600138871	0.35239414320214374
152.0473	536.7	0.040811645017384456	-3.4789167796457856
360.0845	536.7	0.15939753341806143	-1.726495696431439
346.0689	537.1	0.5984575239928027	-0.5756413999131915
184.0372	537.8	0.08159712630168038	2.5111797060639685
239.1018	539.9	0.023597788926077626	-6.386013251409573
196.0736	540.1	0.06679548968863284	-2.9780124340904774
134.0732	540.5	0.25584872403342074	-1.3865354060959756
208.0848	543.2	0.012439163006777785	-5.589420370546032
135.067	544.288	0.9355337499557237	-0.08725188653652255
154.063	546.6	0.4394808510316523	-0.9050397902969683
274.0841	547.6	0.8823968586737754	0.1602317850525959
164.0837	551.3	0.0027941690361560634	18.581068292957042
224.1036	551.355	0.0005759704410634893	20.91705290730384
124.0524	551.4	0.3548599234105105	-1.171360412739275
274.0841	551.6	0.1347946443514495	-2.3913700708015018
140.0473	553.9	0.5366070941059551	-0.6824186381936982
180.0423	554.5	0.041676265159755393	-4.127767029618176
186.0681	555.1	0.2219530182326804	-1.744193465863544
268.0736	555.6	0.021280081838046815	4.614397763382133
138.0681	558.0	0.988135382473713	0.016496915737485195
138.0681	558.0	0.668425149988629	0.47737347518140727
352.1787	560.3	0.8349164596065096	0.22507399842683035
181.0739	561.9	0.11708598657903968	-2.113254270543149
111.0433	563.8	0.9322916819270406	-0.09236423623804461
434.1213	566.4	0.3170160913409004	1.2169708502289274
328.0947	568.0	0.09497711422196946	2.481514366595014
94.0419	569.0	0.059702214194823765	-2.695849494682047
182.0579	569.1	0.35477985513708743	-1.1522265569623495
332.0532	570.5	0.728614199758012	-0.38114193236016275
418.1264	572.4	0.03661480238833836	-4.258490922300826
128.0473	574.7	0.004992575339826218	5.600242571184232
208.0372	575.3	0.3500782486918584	1.1830699580305983
418.1264	578.2	0.9563898285609065	-0.06030880162939676
154.0266	580.6	0.016672824195847008	-6.11670623965466
390.129	584.336	0.17094017024383198	-2.02820364807365
151.0633	587.1	0.7292646875882031	0.37728950808225503
110.0467	590.127	0.3480269666003443	-1.1063618980711691
152.0837	591.287	0.9461932247239454	-0.07182006572332107
153.0426	591.5	0.8763866912432129	-0.16795113042522897
152.0473	591.6	0.9088704584538803	-0.12273380904318906
322.1681	592.4	0.01598896126684408	7.279474449786303
110.0476	601.167	0.3713062270577542	1.1315693228395238
166.099	602.479	0.06689754952558692	2.9951118037390487
154.0266	605.1	0.1655067685164185	1.7132137535569316
180.115	606.1	0.07104180803110312	3.265011587872443
234.0528	607.8	0.055874507141347424	-3.647662831916241
221.0913	608.2	0.02653818677446403	4.836442561040673
278.1271	609.534	0.13592374834783602	-2.0374734828450443
223.083	609.882	0.5432334214641966	-0.6770063068627865
222.1004	610.0	0.8865487633781165	-0.1547161157717895
336.0768	615.898	0.1308555101524222	2.4064177910513136
164.0837	619.3	0.987681052159505	-0.016481243933645275
180.0423	620.5	0.8249729948245099	0.24449768061001786
152.0837	620.7	0.2855500545458244	1.4279477107740857
278.1258	623.391	0.11916409079281612	-2.0064954556496395
237.1003	625.505	0.6977264567835223	-0.4288299819444359
288.0634	629.4	0.5725197267146377	-0.6199384333793433
290.079	635.8	0.36699279941344415	1.150202285104846
170.0732	638.8	0.8079913681549813	-0.2605213279688514
204.0423	639.9	0.31103321792902916	1.279134056600298
178.0266	642.2	0.19164827720094524	-1.7148989100744505
145.1579	644.5	0.25134151414945993	1.4521293843766556
308.1049	645.2	0.06554904331568329	-3.5310196065989308
330.074	655.3	0.05585583322893491	-3.6478486184702605
328.0573	655.338	0.4460500227035864	0.9408775609639527
244.0736	657.0	0.13973215611644402	2.069618690500168
179.0931	670.298	0.6667552683249307	0.4819434720599798
272.0685	679.0	0.11877406676375125	-2.606540636394405
272.0685	679.4	0.48652310633900303	-0.7711841092712488
140.0473	684.5	0.5315482677399112	-0.7061752755895734
150.1045	686.7	0.8109656797460274	0.2707618971584983
234.162	686.7	0.6232302394054323	-0.5326034759202803
110.0368	692.8	0.3155798626473696	1.2353384775709557
270.0892	698.8	0.1914343365439909	-1.9379257933319824
136.0524	699.0	0.7054869437502045	0.40624488451001073
168.0283	709.5	0.05586085057438254	-3.6473634837885434
73.0164	212.6	0.2514778722292146	-1.3436706643984733
117.0426	212.6	0.9344348569833612	0.09245092020149974
117.079	212.6	0.9681124290505729	0.04253472489309979
133.0739	212.6	0.7044066869054032	-0.4194475539270923
234.0852	212.6	0.9349343634308331	0.09174296034076307
505.0846	212.7	0.23142560373709922	-1.5860277584129352
183.0532	212.8	0.5403741204576329	0.6729418034756257
155.0219	212.9	0.8361244070142597	0.22076916544410144
190.059	212.9	0.6730376067910271	0.46273181309542794
191.0794	212.9	0.24906050892191692	-1.5960986788840366
188.0797	213.2	0.48658679028419194	-0.8212851347263247
188.0797	213.3	0.5037500315680012	-0.7781517532281143
268.1017	214.495	0.1548741977558567	-1.7890843453004754
129.0781	214.654	0.00228867034752275	8.820424798196122
129.0426	214.7	0.7916895181267014	-0.291722091209718
195.0532	214.7	0.7177248356444862	0.4101650068487562
230.0903	215.1	0.6249073142011489	-0.5511389914529908
74.0004	215.4	0.2424050610565965	-1.4736088991981686
153.0426	216.2	0.2647011481784123	-1.3840208540384467
161.0691	216.657	0.013303605315725834	6.207565609999299
188.0797	217.8	0.11540430561399428	-2.0284825648964535
156.0535	217.9	0.9171547443707543	-0.11695602819543924
106.0266	218.0	0.04236125470682055	3.1350222214501158
235.0481	218.9	0.23728991600573762	-1.3910707808545686
183.0532	219.3	0.9470098077204439	0.07074893504456793
61.0164	220.0	0.886754523206263	0.158035302442329
239.0794	220.3	0.019422102294422473	-4.19579361764169
89.0113	221.9	0.28023317484744686	-1.339946527221174
190.0477	222.1	0.07550301852486388	-2.4773071808371494
172.0372	222.2	0.7904253032185735	-0.28552173633500977
123.032	222.5	0.4805209858960399	-0.8458213244287507
104.011	223.9	0.45218221612988574	-0.8332382037798199
187.0481	226.5	0.10239745892511684	-2.110805498527105
147.0531	226.682	0.04650681295079768	-2.8667376026132088
174.0641	226.9	0.48956782985496616	0.8386580818791755
195.0532	228.4	0.13653623449523447	-2.0465154145475872
156.0423	229.1	0.5533726363501543	-0.6518746019583999
253.0223	229.3	0.223602151190236	-1.6969176613024246
175.0593	229.3	0.9206731448263541	0.10629152444082607
188.1161	229.5	0.07924043049393156	-2.9315234449255247
203.0794	229.6	0.11972680106068467	2.623517241196726
158.0691	230.0	0.09370354233025487	-2.3431674582885367
197.0688	230.0	0.5020289693718167	-0.756378011559241
219.0883	230.79	0.0427246695901779	-2.9491023276861967
306.144	230.8	0.7006768941712009	-0.4179536503906256
159.0532	230.9	0.33231765122893064	1.2581555182516961
187.0475	231.161	0.18631787112149092	-1.5958714672460115
174.0164	231.3	0.1091977478620125	-2.535683342166089
219.0743	231.3	0.3553087962616466	1.0615781249754466
117.0426	231.5	0.028180309683503987	-4.158248877364824
127.0633	231.5	0.05669412068937611	-3.0733766311217834
174.0164	231.7	0.4173544467967422	0.9579690889363485
322.1199	232.7	0.18294498023771585	-1.6222848102127256
212.0321	232.9	0.064866756015947	-2.5481841918957686
483.1502	233.1	0.3738312726376776	1.0671121283235143
181.0739	233.2	0.6326589310162307	-0.5212543504242184
149.0688	233.3	0.17711166975523668	-1.7518552949477717
202.059	233.6	0.19664563887580275	1.660538947282633
166.0477	234.2	0.40791835115421204	-1.0342388651354375
145.0375	234.6	0.030378695373013617	-5.123141460098056
88.016	235.5	0.007831043043689496	5.781964164253302
151.0628	235.627	0.0014007833625781056	-19.070564242716397
134.0215	235.7	0.024907043574316716	3.733625884103978
191.098	236.9	0.9682844982682286	0.04261254206667478
76.016	237.3	0.06922275015317036	-2.888891787891197
223.061	239.7	0.7162364835430394	-0.39116947301900595
146.0215	240.8	0.2675672156350643	1.454100234115457
90.0317	243.0	0.22705879782556954	-1.437207647083498
130.0266	243.6	0.22269322319595844	1.4867428676768117
206.0427	244.6	0.3860296489970666	1.092321144761353
189.0637	244.7	0.7625497756427471	0.3443135061077314
147.0532	245.08	0.07443061139553575	-2.790021607063284
147.0532	245.3	0.17569810006187647	-1.6440789407418714
157.0375	245.3	0.19763085617916148	1.8990988967887397
192.027	245.9	0.6236531308183628	0.5516852424916163
129.0426	246.0	0.5938203303338262	-0.5824554330138969
159.0895	247.8	0.968803318638527	0.04201420815592871
183.0532	248.3	0.1988687316710703	-1.8685422724073204
217.0586	249.7	0.13766382054040327	2.165091345093832
173.0688	251.1	0.8144764885355664	0.26437558441097797
139.0269	251.5	0.12580959554293458	-2.525971216980794
90.0317	252.6	0.36376938732452324	-1.1505441442496422
113.0477	252.7	0.30160544160410774	1.3057144002000782
163.0845	254.7	0.10227533465903196	-2.1147135354739937
268.1059	256.1	0.14595583933115938	-1.832545224612402
258.0852	256.3	0.16890724092569434	-1.7836091617894367
198.0528	256.7	0.0033411838762963373	-6.462541624070152
143.0219	256.8	0.12038608385138208	-2.0501168272404917
145.0375	257.0	0.8352700497013588	-0.2218907465708973
189.0637	257.9	0.44903824518796776	0.931082035832467
172.0484	258.3	0.1719992600414991	-1.7068607840561438
192.027	258.9	0.06993943256531789	2.7247503879147215
216.0746	258.9	0.1427775571971801	1.8834210839320602
300.0845	259.1	0.9772327617086327	-0.030726009471808955
248.0797	259.4	0.7688560742920966	0.31533305302733117
344.0743	259.9	0.2624320962205803	1.5014230434084048
195.0532	260.3	0.6937110852238468	-0.4275107357453176
212.0321	260.9	0.03394347442892856	-4.732258563680517
160.0372	261.5	0.3248322673196491	1.2484202067670187
146.0691	261.6	0.1943367229608849	-1.874063787764343
134.0328	261.7	0.3023775367220887	-1.3766634434682714
132.0423	261.8	0.9808677896774092	-0.025828750659861587
171.0895	262.5	0.8684777410424772	0.17733955056470346
131.0582	263.2	0.5830813891661669	-0.6478497622318244
104.011	263.5	0.07702513275817274	2.5294780048755268
131.0219	263.9	0.6952923025542691	0.42119158910647575
143.0575	266.138	0.13254299875529196	-2.2953350281483647
134.0579	266.6	0.10331968971696176	2.342900995262166
199.0845	266.8	0.5016793561831395	-0.7535185111554521
103.0261	267.305	0.01975184649936242	-4.338512690355385
226.0477	267.7	0.7422280192331477	-0.3583917092420273
180.0423	268.2	0.12748586593837968	-1.9459176786544252
170.0215	268.5	0.13268096435553073	1.953620998183331
104.0473	270.9	0.8120860979162203	0.2694488674513849
206.0427	271.2	0.19491591096168825	1.5607539550144989
104.0222	272.2	0.7881184208128953	-0.2873468144953
270.0729	272.8	0.02205610932402611	-3.7451776039565536
147.0895	272.8	0.15764869062109738	-2.0434750717616166
171.0532	272.9	0.6908579239417881	-0.43967878360902335
162.0528	273.5	0.3138941926652243	1.3198915193089602
206.0427	275.6	0.4617786816108134	0.824572646535103
201.1001	275.7	0.3647444367261085	-1.16166103337234
159.0524	276.752	0.10419072864860225	2.4126673051626777
132.0059	276.9	0.11219984112487562	2.2968257931176224
378.1274	277.0	0.8388976021962558	0.23064882432504838
187.0845	277.1	0.6437443519042212	-0.5208764348616666
143.0575	278.111	0.15521962869342362	-2.1423997714660814
198.0528	278.5	0.26945494416139076	-1.343893782632908
130.0266	279.1	0.3554024078962392	-1.0799663818948613
131.0582	280.8	0.8113569909897842	0.2572038776848677
148.0372	281.2	0.16723084844440345	1.891370602143278
88.0156	282.434	0.8151743496239029	-0.251077762167375
87.032	282.9	0.9195754104392074	0.10768716000103333
104.0473	284.2	0.07703418591424037	2.8025112795090976
102.0317	284.9	0.007718360317991782	5.13431432305622
268.0551	285.9	0.16072091329649185	-2.0782313511613753
292.1019	286.0	0.6255657445619623	-0.5449046916941284
130.0266	286.6	0.4311286667684524	-0.9484705497198316
143.0575	287.697	0.3740107844159201	-1.1121875065116364
146.0579	288.3	0.16242075352774737	2.16034064563363
165.0457	291.545	0.6294298214069234	-0.5375185932956414
294.0852	291.6	0.22844868812129032	-1.6737206914913847
104.0473	293.9	0.29123494930309024	-1.4008638133028481
234.0852	294.5	0.7343501381418236	0.364200078166834
173.0688	296.8	0.0018772378525662827	12.863562436776526
778.3466	298.7	0.778409980990567	-0.3091685523764983
119.0582	302.0	0.43503988765467677	-0.8870703288798384
87.032	303.0	0.7314340984317751	-0.3734537810990626
60.0211	306.2	0.39677393330320143	1.019336718988173
147.0532	309.1	0.018851716811116904	4.940455633120505
88.016	310.0	0.6465298903684391	0.49504337443442126
130.0266	316.5	0.289559542787842	-1.219748027665224
118.063	317.3	0.5065227085327577	-0.7519745754618834
123.032	319.1	0.24431930026679674	1.3699396393725767
116.0473	319.8	0.017871086935865463	-5.291095446204674
130.0266	319.9	0.7595158378640277	-0.3277837805675408
146.0579	323.3	0.9716944433847481	0.038929975205851765
244.1055	323.344	0.27799160526152406	1.363617490792954
229.0586	323.9	0.656395012892631	-0.5104876930358777
163.0481	327.8	0.9459306825687039	-0.07217207889810079
129.0426	329.5	0.12271862727259579	1.9586750103494661
84.0211	332.5	0.22066751983349026	1.6201249616681144
145.0739	333.258	0.3004519034546586	-1.3749382615421968
223.0481	333.6	0.5869141206084446	0.6373574573753261
138.0429	333.7	0.4549877395144601	-0.8274191740017984
249.0601	334.706	0.1061648752813866	-2.313415848473038
229.0586	335.1	0.3908092069878863	0.9651211935928535
175.0481	340.2	0.029824682064327	5.650740405639795
625.3033	340.6	0.2745723383302876	1.3410064112199902
177.0637	340.8	0.021526876614502845	6.6935789242863635
145.1103	340.9	0.04620814386166218	3.3671143446336407
588.2948	345.3	0.6931656640324558	0.44436799201226174
73.5253	346.853	0.005247505650359515	5.553223520525715
153.0426	347.1	0.275426732937604	-1.3433462085415793
132.0423	347.8	0.26809209037755466	1.2962413661058017
132.0418	347.951	0.02449705093819891	5.204145851532152
179.0582	351.8	0.06331867439863412	-3.7774204048498485
160.0736	352.4	0.006317136889844094	-5.31089766887427
180.0423	353.8	0.038747228754404665	-3.2570442801444117
148.0008	354.4	0.7992695783122543	-0.2749237001866805
102.0317	354.5	0.07116521047242123	3.536195039341636
131.0219	357.2	0.04701847978399256	-4.433459226077492
564.2279	358.0	0.0032085122221486395	-14.530552865737478
72.0211	360.2	0.21587082681902045	-1.4687983026920524
176.0321	361.8	0.20154171153353362	-1.864373457929778
237.0637	361.8	0.044372919254762944	-3.180293006808058
74.0368	362.4	0.2763185706181614	-1.4749197652607287
261.1209	370.239	0.3657042789513067	1.1581518927697245
153.0426	370.6	0.04086028096745424	4.788286288662479
172.0733	370.864	0.43849709070523746	-0.9567604778148582
252.0602	373.9	0.14289196188362105	1.9179792874443031
191.0419	376.387	0.37089920635955453	-1.1044890655320405
153.0426	376.6	0.22234701801741746	1.7484889945363444
132.0059	377.7	0.83707866648506	-0.22963555543748682
496.2607	377.8	0.7381085291514065	0.36322235284469484
138.0317	379.7	0.06117439503581895	-2.972891508380499
278.075	379.7	0.07982073147784059	-2.7383134884671456
226.0954	381.2	0.10057231386285109	-2.1270006030896034
368.2199	383.0	0.4021530708909857	1.0027344436094052
161.0343	383.251	0.14607735967598948	1.884806292775061
137.0469	383.392	0.04505088888886755	-3.749347576000994
161.0324	383.4	0.01192271125127162	4.415098431696207
166.0266	390.9	0.7866427781632453	0.30578469209639464
86.0368	391.1	0.38727563632983997	-1.0437457897138958
205.0572	397.684	0.10750275901690066	2.2289049137289028
161.0336	398.715	0.17736800919451273	-1.7180161418240887
134.0215	400.5	0.9730296921893442	-0.03728537908040625
166.0266	401.0	0.05624587175418001	-2.9563600938034384
151.0633	405.9	0.11843707234665449	-2.5178471208817474
164.0473	407.0	0.1348328782892655	2.050340417814148
187.0481	407.9	0.28959489763207064	-1.315407475659727
187.0464	411.959	0.40478142289488694	-1.0120564193932955
584.2635	416.3	0.19221491376518854	-1.8589949751319703
88.0524	418.3	0.44379129001862855	-0.9122449098488813
176.0321	422.6	0.20001813364770132	-1.737157026678572
146.069	440.554	0.1781584841475656	-1.9202757384154998
116.0473	440.7	0.8588068552335671	-0.19553538963586123
165.0431	442.268	0.2190745263453233	-1.729568725957159
162.0528	442.3	0.9898586397193356	-0.013614772981792108
206.0427	442.8	0.5205975651516551	-0.7470493325176735
279.0742	444.605	0.0006161112849216269	9.923909761471817
155.0695	444.8	0.13027868008975182	-2.2421484229849096
118.0266	454.2	0.035942892833428615	4.899174436698539
264.1031	458.1	0.6360590005276914	0.5350967049714016
122.0368	464.2	0.11388700702706457	-2.4124951780678816
150.0681	473.6	0.32727128712854536	-1.138475434548807
209.0244	476.4	0.9437086668056724	0.07579841455932047
114.0681	480.7	0.4696482453404355	0.8414008499725756
130.063	482.5	0.9888185217583956	0.015126794090988072
144.0423	483.6	0.8247197264841856	0.24498960278209017
138.0317	484.0	0.8757038762776992	0.17611380150426045
116.011	484.9	0.22588043826765863	1.6843413353113348
144.0423	489.2	0.2627481439598702	1.4730919862656238
114.0681	489.9	0.2449478653653519	1.386593677887458
328.225	490.9	0.08596524400312185	3.1746723962532144
251.078	490.933	0.3596671804931919	1.0846576256021816
136.0524	499.3	0.5835279867196012	0.6454477678754191
481.2312	499.3	0.6417870691927623	-0.5024037741496818
186.1256	507.9	0.4900044798166922	-0.7843994009253666
186.1256	510.0	0.11887280449826161	-2.017633961701473
222.0528	511.4	0.0755236971836897	-2.4769651241351203
210.1256	512.5	0.30003501487348766	1.2053135855769193
160.0736	512.6	0.07552189555050094	-2.4765069462048905
172.0735	523.556	0.010183293720459135	8.32314899303775
332.1624	531.0	0.7402129554353203	0.35572098214640924
362.1729	531.9	0.6802705225391885	0.4703319033198714
323.2098	531.987	0.0023727751697136786	12.715080921014867
200.0321	532.8	0.13606029364532496	-2.4121680363703186
336.2301	533.8	0.4391886874238166	-0.9455401548080143
226.0477	533.9	0.663601656338106	0.49183445776120877
264.1362	535.2	0.0631709732969281	-3.6063562149231294
163.0633	537.9	0.49943444146864574	-0.7947349948415836
216.1725	538.8	0.2186078305572162	-1.593125563199257
174.0892	539.2	0.21581577576790417	-1.547085804089036
144.0423	549.8	0.18080623449897654	-1.9558573120801472
212.1412	553.1	0.109486390223145	-2.760896405041268
165.079	569.8	0.014103003510987425	-4.167953533804378
137.0477	577.0	0.47374478044363144	0.8353947190570868
334.2144	580.5	0.9454691947361434	-0.07296982619913173
258.1831	580.6	0.17559712367989233	-1.9743746891574865
490.2203	582.5	0.23326458171110642	-1.489029263932222
166.0994	582.9	0.07952657407582636	-3.234699615691415
332.1624	583.1	0.1869341613088319	-1.732440937729495
294.2195	589.7	0.025841160093994724	3.781463347263211
144.115	590.6	0.5534799721332643	-0.6921540541718871
367.2181	590.7	0.910743806042754	-0.12072196959356413
334.2144	590.9	0.9073162587533986	-0.12688245242333038
178.0985	593.897	0.18460115218961473	-1.98013925272876
330.1467	594.9	0.4119918081186952	0.9903391682730442
294.2195	602.5	0.16090604170578507	-2.160789329461758
334.2144	603.0	0.3617156071062238	-1.0307183468860859
313.2611	603.399	0.7497393256381397	0.36079798623843873
312.2301	604.0	0.0539413448468723	-3.9206016081949144
144.115	605.1	0.12634285205664242	-2.531138973856651
316.1675	605.1	0.0254000151828021	-3.8568447454460455
336.2301	607.5	0.27379102653990106	-1.3552167383566107
218.0977	608.3	0.029318511368356472	5.556689135292253
332.1988	610.4	0.2796397379031814	1.2585204392782796
310.2144	610.5	0.2728233329161973	1.2834590438003592
296.2351	611.1	0.024257170561329672	-3.6402832162503724
336.2301	616.0	0.18370464175157714	-1.821460470660632
296.2351	617.3	0.055450332520503305	-2.8492763433160997
250.1569	626.4	0.011653562415699219	-4.853450185682293
310.2144	627.5	0.2066818295528179	1.7383041497356904
312.2301	634.1	0.004417796042975519	-6.464325073357041
334.2144	634.2	0.4005948650096692	-0.9836956793742696
292.2038	638.5	0.1329597185463409	-2.2414247773142697
312.2301	641.3	0.6638657096917256	-0.4880006357680014
338.2457	645.6	0.28741355087444165	-1.3981553366313353
316.2614	647.9	0.1479851672925123	-1.9973048226533354
172.1463	655.0	0.26210635063037674	-1.497844287162196
292.2038	660.4	0.6861730796375285	-0.462795601334599
272.2351	663.8	0.032101263439249364	-4.445701389918354
172.1463	668.0	0.0047690915457957676	-7.099313909195478
332.1988	669.9	0.06412600665378523	-3.284018061865336
318.2195	672.1	0.2746932520494447	-1.4691992490394887
278.2246	672.2	0.2618808107281399	-1.5307826105271336
270.2195	680.0	0.03334615855063823	-4.465186159422678
294.2195	686.0	0.25893388872079026	-1.5104137885116244
316.2038	691.7	0.26203055368263556	-1.5319877867798424
298.2508	699.2	0.02977526961718851	-3.891393384732559
320.2351	703.2	0.34001996542372287	-1.2309942326233472
296.2351	705.7	0.08614600995823923	-3.1158160400619694
292.2038	712.8	0.25566401046418763	-1.5447076308466228
318.2195	716.2	0.3051861242387163	-1.176732123202695
292.2038	726.8	0.05528076196945769	-3.2482932710974057
200.1776	727.5	0.0016336172369458358	-11.439851038661253
250.1569	728.3	0.0338982701129121	-3.849639109141559
320.2351	729.0	0.02402158921139572	-5.355656000922949
276.2089	738.7	0.03761113518001194	-4.9078176452736155
292.2038	740.1	0.0107013017759391	-6.327427346449156
341.2927	752.153	0.9999999999999996	-7.09662467573784e-16
327.2764	757.984	0.14837386102851896	-1.8016548723687844
320.2351	760.4	0.05594274864010117	-3.3945630656653245
278.2246	760.5	0.013040810655145159	-6.567301559570411
302.2246	783.3	0.9086651668004333	-0.12759934487698893
254.2246	784.1	0.02771391752549505	-4.368937007470025
302.2246	787.6	0.016708935022719026	-4.095522204926936
280.2402	791.6	0.14867564624142807	-2.255210018375077
264.2089	795.1	0.032129795676505826	-5.110226712578448
280.2402	796.2	0.002368981294987733	-7.282696046583206
304.2402	819.4	0.014635240751328384	-5.58514528435547
306.2559	861.7	0.9682013077324749	-0.044046980904767094
256.2402	866.2	0.02452534527640324	-3.6212087948684473
356.329	920.1	0.05748123062324653	-2.727921885280116
284.2715	952.3	0.36033491892817815	-1.1189254545638647
