m/z	retention_time	p_value	t_score
347.061	165.142	0.9899211061641925	-0.01352097336145171
384.12	368.227	0.713757851524399	0.41576683123795355
89.0478	241.494	0.053870517485614944	-3.041858490887992
146.109	195.207	0.53970852214252	-0.6713000156750065
146.1061	474.105	0.9448081867132282	-0.07625395052535149
323.0498	169.774	0.28653223397351935	1.2305457307514798
176.0328	321.379	0.7858267115951012	-0.30556800330020073
204.0903	450.091	0.876087769607266	-0.16667630252749435
116.0103	307.707	0.03540471986929805	5.134411253880566
116.0103	408.121	0.7824794112669036	-0.29529261307576876
116.0103	257.207	0.035909425487155755	4.8417243408969375
612.1487	302.036	0.024280555019350926	-3.819457278519836
642.3001	458.493	0.24322277178983082	-1.4829013279063648
88.0988	529.936	0.25755185892818955	1.5019955210294043
135.0537	349.073	0.6971706818968288	0.44606224817799084
132.0531	184.874	0.29632212759566373	-1.3794150956960007
192.0272	215.905	0.8620903639593662	0.18870560776296363
117.0786	325.426	0.22418331999140861	-1.648103830480831
89.0478	318.458	0.13624439637867056	-2.2998332516154005
125.0146	169.461	0.05341455681243836	-4.109815019900803
119.0575	180.793	0.9521112360769952	0.06702269601151406
192.0265	391.225	0.5650001316031403	-0.6296848386804651
103.063	276.854	0.8273966906019914	-0.23691578640266436
259.0459	147.818	0.003104585284674542	10.238747387695255
104.0091	446.952	0.22793858917331525	-1.6631602547683677
152.0335	291.841	0.09385363094743543	-2.455722976677411
131.0945	302.364	0.21970331690304865	-1.5274862290542988
131.0945	258.726	0.5148741732836267	-0.7140055597732102
129.079	400.318	0.05019540367379294	3.079611427553121
129.0792	381.087	0.5396041434527005	0.6720139878694494
176.0425	375.97	0.09168345466680142	-2.900136908435783
174.0531	229.259	0.017473220493346774	3.9058750139992973
87.0685	346.276	0.07099992655658426	3.0969258505430273
251.1003	325.794	0.8474698415563313	0.21042611360485752
137.0459	438.001	0.2508055401157326	-1.5492208659719409
153.0099	167.307	0.6812680789523521	0.44237493672913514
189.0634	413.443	0.7375807572936175	0.35926684292877714
154.0275	603.763	0.5679134769959722	0.6703509670531148
122.036	533.861	0.22492209746179806	1.6333320440893748
220.0838	496.852	0.7995274605590177	-0.2860457849003511
192.027	351.765	0.7256368967162077	-0.38315955971080007
164.0475	497.662	0.1768263193567639	2.0255723481100856
139.027	574.103	0.1870871684010455	-1.9596366130943377
119.0178	301.607	0.19105433412144504	-1.8795988077960488
119.0217	284.286	0.34844676842326844	-1.1765003438379624
119.0176	319.687	0.17233885254092415	-1.7737418909821445
175.0634	445.461	0.08858374109747845	2.245295339500062
116.0956	285.181	0.47146241463668004	0.8781908670012168
187.1679	484.934	0.025692462143001905	-3.4689885147051704
145.0848	181.825	0.8902601329124762	0.15048543689320348
145.085	377.725	0.9287816783751579	0.09675171472588004
175.0478	412.274	0.2497266079491228	1.3456822383959115
175.0477	418.537	0.8212121926663075	0.24950632161128783
175.0472	393.025	0.09491624451409798	2.325507401745809
161.0682	300.911	0.10946304602473504	2.1449453678147132
162.0161	261.963	0.8252556786919955	-0.24133585389337764
194.0574	494.381	0.0606571569405589	3.119467748417307
115.0266	248.993	0.12359776919904582	-2.1926937567066638
117.0782	228.101	0.5267989035972543	-0.7210880923542545
117.0788	318.327	0.5128958847289524	-0.7217558871462342
117.0782	222.868	0.861165944180949	-0.1872359637405018
129.0418	314.468	0.5041741140099345	0.7488307463986005
188.1251	383.096	0.9414615019960049	-0.08176566372610117
131.0949	417.608	0.720895559525695	0.3852450490667121
118.0259	276.87	0.06160608432558559	2.934811941334943
126.0296	677.115	0.6503256090051897	0.49003068317691034
130.0267	470.686	0.13031209252432302	-2.1301342104355325
103.0626	282.722	0.8948452019581453	-0.14692297497172105
214.1576	595.227	0.4416561603250989	-0.8652892316279942
109.0522	432.572	0.2450341474505124	1.4116619843655622
189.1101	216.566	0.4060750064422025	0.9712349044341823
176.0676	493.587	0.1368059043050458	2.188863253368554
172.0367	222.2	0.5344663765898802	-0.6877655633552293
129.0899	237.666	0.17799913857290642	-1.8266570150156498
236.0782	244.953	0.9057826651540397	0.1281759474706817
130.1116	345.557	0.48656316000988714	-0.7669013409681015
188.1173	267.889	0.7887222001318217	-0.3014171206090812
160.1219	524.398	0.8564365948508635	-0.20138627931608075
126.0431	344.456	0.08457042365818937	-3.2079801302857907
101.0473	333.43	0.0454053019417344	-4.346715605849263
243.086	253.086	0.7015251057617771	-0.4128776723903591
154.038	274.02	0.10712802509870338	-2.094024578360843
118.0734	188.282	0.5839626085269233	-0.6441258042053957
118.0735	444.056	0.18001340946611963	-1.91326097591761
169.0334	380.886	0.852329549999334	-0.21050234105806603
104.0575	443.316	0.11949047513808221	-2.455376107960011
148.0014	407.865	0.801455647041942	-0.2710424646139789
113.0468	330.951	0.01789519805627738	5.311728401283745
147.0533	329.837	0.223965426116053	1.6800112968832914
147.0537	339.696	0.5979941691171494	0.6159258305710307
147.0535	284.895	0.14527224407614028	2.2811322800687215
145.0737	360.501	0.8489765989357848	-0.20426585028182243
162.0526	447.914	0.25741871466963223	1.4501151796069354
188.1272	196.669	0.479057060880233	0.8553950561022925
145.0739	235.602	0.24211207665091364	1.486973516706355
127.063	343.805	0.0304726357787803	4.3192108476153255
155.0337	186.855	0.03235495156486607	3.7602416832644905
134.0581	268.565	0.08020757234536774	2.987605436895063
140.0083	259.037	0.09144339082980628	2.8124246527142263
256.1149	427.248	0.19802595022986935	-1.7823444438878138
335.1323	170.641	0.01596470942637438	4.395800837512147
297.1068	197.698	0.10679979784220249	-2.6885715964722388
192.027	233.079	0.8466768438785428	0.21185604144865566
183.0711	561.755	0.8209391249730557	-0.25673405231054197
294.2185	708.168	0.4731264470113568	-0.8395230067480959
310.2142	646.605	0.9585820823772767	-0.05641644263624198
310.2152	623.667	0.04935067918647159	4.27200247235922
149.0453	427.927	0.2580372007614946	1.336052363305311
152.0471	458.943	0.32687992796548593	1.128650455945336
120.0576	610.837	0.11532744003637875	-2.127442204469237
191.0613	433.457	0.5530507555299139	-0.6997136947049664
191.0585	450.008	0.4164339933404647	-0.9064674895205949
191.0598	463.838	0.9751857112508578	-0.03503203002563188
219.053	372.294	0.36679645486949025	-1.0713625478934328
165.0402	287.052	0.19813183650331948	-1.5716156119997424
165.0431	335.335	0.1250662936533123	-2.5081608094566015
133.0519	534.425	0.6990657657219337	0.440497467951448
128.0581	289.502	0.161239970003223	2.1449987785427096
128.0577	263.583	0.4627462569585293	-0.8258737350764984
132.0518	286.787	0.3146172933560405	-1.2754359387089351
334.2124	601.825	0.0401886056902374	3.81145979319826
148.0365	280.894	0.20680129943697356	-1.6855470370344552
146.0582	492.733	0.011509757184812675	4.432674648603624
272.0894	351.983	0.7271838678982518	0.3803464229663113
190.0478	471.428	0.0801455110750162	-3.168580636087718
142.0738	286.608	0.27040629756326806	-1.3191153132625542
161.0683	276.682	0.2754959661011038	1.46226792705264
161.0685	339.256	0.004689761032332759	14.511627890727993
228.2096	761.042	0.228396659759325	-1.6286569566553055
160.0833	210.228	0.41587249228350864	0.9357648041623148
267.0966	209.968	0.719788470867884	-0.3908565082926449
153.0647	241.154	0.42523433020977675	-0.9833678625402403
163.0283	232.442	0.877034102657503	-0.16924266016651154
345.0505	147.487	0.3135735056115211	-1.3146129407438054
312.2301	529.817	0.13792027345811808	-1.9296192694975018
312.2297	577.777	0.7531899093731391	-0.3386916987058948
250.0472	409.247	0.9712075317546398	0.03840667208500264
202.122	510.331	0.6762447244849272	0.4537048171178511
210.1249	605.999	0.05657475526201005	-2.7873631791415705
316.2007	666.317	0.6261544393070779	0.5658232201198445
148.0524	497.282	0.16399195599623453	2.1460048206120574
198.0526	463.791	0.5967284851958639	0.6004285683810565
164.0502	562.443	0.8502401557380987	-0.20667346859412913
294.1211	346.826	0.8553122213286393	0.20166784662422868
105.0796	325.317	0.03181227197319526	-3.2353999123466326
126.0312	505.589	0.07851291601896722	2.963305932075843
126.0311	491.362	0.037694104470133064	4.716748703715903
306.0743	302.16	0.024784859360381016	-3.833218498290729
147.0523	263.88	0.11695759383393042	-2.230163617745848
101.0835	347.282	0.35720728629767384	1.0443925959076479
193.0411	288.097	0.32950673771835803	-1.1258372689668585
122.0841	453.104	0.1667358005271223	-2.1211564418090445
87.0689	444.317	0.9818939088320979	-0.02465651635923557
294.2203	685.859	0.13029144170766346	-2.426504786153867
320.233	728.554	0.20143786143487985	-1.6416639841613454
314.2453	592.595	0.6334969830806073	0.5471466355068827
314.2455	615.87	0.14191849896793904	-2.178893165683383
312.2299	651.162	0.8918032252323246	-0.14495592725572898
312.2309	679.528	0.280975529166882	-1.4605812457192924
330.2403	576.837	0.9451079334541186	0.07662704787212038
330.2385	486.858	0.199611266407715	-1.8766252037005882
330.2392	541.551	0.26146667676231367	1.3709616761782997
330.2395	515.144	0.21568850495569833	-1.5558773261892054
232.1037	215.842	0.11291484584117369	2.5367794562619914
210.0996	641.204	0.9764207555884314	-0.03168491409720585
175.0474	380.712	0.2641860100512973	-1.3703661653839005
175.0474	318.103	0.41988372658248024	0.9643471690567187
240.0079	511.934	0.4262553091863344	-0.9060681689952099
240.0127	315.133	0.33139699114419563	-1.1460172641887667
240.01	460.035	0.16016399346357207	2.0124451384293893
240.0104	549.356	0.08760571363696902	-3.006040680838312
240.0078	483.881	0.7803657199528494	0.30544470444168526
240.007	478.533	0.8315308385660195	0.23208331927665685
240.0091	296.075	0.7713165552900975	-0.3310075968921557
240.0089	442.121	0.2706934963268368	1.3903737928571258
240.0089	260.997	0.22830276457934026	-1.6623943990712944
240.0102	479.883	0.8164841121164875	0.2507599481096046
228.1359	533.47	0.26577681446771106	1.4418137152073969
228.1355	617.076	0.024035425694946037	3.746511202193202
212.1416	486.423	0.3395200615954608	-1.233707851328015
212.142	520.992	0.2979980022991196	-1.2039765490382166
294.2191	601.555	0.05075951480003451	3.7747343410025938
292.2041	648.045	0.8358003890973049	-0.22954126650869286
172.1101	489.787	0.13111417847057952	-2.2296151989622546
153.0896	584.875	0.2044277130019525	-1.8412123126248987
183.0639	545.702	0.015054975434657135	-4.885129348752641
302.0789	609.485	0.03692462241824799	-3.088751236650276
199.0583	491.686	0.04701162405301701	2.8505987179760495
209.0799	372.385	0.6922332164677516	-0.4429301250526507
158.0691	317.311	0.3875777385249898	-1.0668320896760664
183.0204	151.239	0.1944585478133126	1.5570960071049014
198.0282	563.899	0.4914370691681347	0.7727900969998397
268.081	691.339	0.1760744923494329	-1.6420610851006494
146.0689	213.615	0.021421776756785724	-5.420872836765419
146.0685	199.396	0.30461603045755625	-1.2741174237802975
316.201	646.266	0.8795657753321231	0.16283939371990158
162.1012	418.344	0.4327478118497319	-0.968805276581402
189.1495	217.127	0.3516347154084041	1.1509543768321622
363.0557	341.852	0.12796289317937498	2.226946136391732
161.0471	508.67	0.9501768955196901	-0.06896437057506369
166.0835	257.925	0.404857821863009	0.9356419419574783
133.036	255.45	0.30774250697926603	-1.1723229534158868
312.23	486.891	0.20256577125847566	-1.8394555565048027
312.23	514.255	0.11122710749312827	-2.0403198067577835
194.0423	244.928	0.040860693142520214	3.9815869404162534
87.0318	329.396	0.40856996337213897	-0.9769667767095243
87.0313	361.648	0.2804387970714332	-1.3718972744017288
160.0373	351.998	0.7216052421532797	-0.39293018325814494
276.0957	212.914	0.8186943448557855	-0.2579937905225205
190.0945	192.565	0.012183161986205171	4.573830213620407
190.0949	454.946	0.0643876417530182	3.040709073948237
198.0532	323.862	0.2431155506957628	-1.5347795612922404
136.0521	506.203	0.7107839210731177	-0.40074295974613977
182.0254	368.633	0.9528998852553241	0.06335022649677269
173.068	250.601	0.8216187707810055	-0.24073301409560716
180.063	196.105	0.290320905883867	1.380571353075657
180.0626	439.025	0.5914749834256615	0.6096010908505297
180.0642	261.312	0.11957282213863074	2.5988772123110415
180.0625	415.829	0.20022505659321946	-1.5363703448715553
180.0625	203.059	0.3537985869855759	1.1700794049368617
180.0635	387.923	0.8275278300673162	0.23895398281312777
180.0631	240.423	0.09402816664300007	2.8010057893169993
180.0632	393.219	0.8986045753891153	0.13882252319124555
180.0625	401.073	0.36679925578731015	1.041307488951096
113.0467	374.756	0.2849745009634217	-1.3556633112391145
144.0409	489.33	0.24706701240616166	1.4474412374321075
172.0848	268.407	0.6898957852257401	0.4358509237516006
216.1362	614.527	0.3860231669535132	-1.0909264038753013
153.0434	215.924	0.14077804393808205	-2.310747150226131
175.0942	286.118	0.319888337080512	-1.1375693160767544
218.0904	219.618	0.08815337270440037	2.6650049681401917
228.148	395.484	0.7857448590228717	0.2908254188914952
262.1308	404.278	0.789630333542245	-0.290190115232872
172.0852	287.579	0.15214515993646707	1.7688150774719302
193.0732	388.141	0.04164591702638205	-3.1801117840733313
153.044	591.019	0.0540493628505837	-2.892716139426986
160.0837	248.675	0.045683170143129156	4.266801935757704
204.0737	215.431	0.2982145250146712	1.1949814853207954
202.1312	370.059	0.9955847296929147	-0.005975716225042173
202.1308	362.034	0.8630722211751133	-0.1858487316904121
217.143	450.735	0.08769427880464381	2.478872364486099
186.1006	292.285	0.924373146573563	-0.10107523271828245
188.1169	320.253	0.6622567568722231	0.47355515191160047
246.1008	453.027	0.9101845188463387	-0.12606435576758132
260.1125	165.462	0.8509956288808487	-0.20253424933686717
219.0847	171.483	0.9168880243748981	0.11197923345874874
233.1002	174.247	0.47107380115063846	-0.7956550656153795
295.1179	492.54	0.5603961761038697	0.6485270664487508
231.1231	240.089	0.7195174281354081	-0.38547798967573565
246.1211	312.324	0.8388353748643661	-0.22000670587130639
296.0995	499.412	0.6963829263358946	-0.4208390974358926
232.1046	288.197	0.7890016226646208	-0.2939161977453542
217.1046	201.341	0.2632746624268496	1.3011159205706901
274.1278	167.839	0.5855766892198992	0.6110775311765881
275.111	181.157	0.5612978411600192	-0.6334029538128915
203.09	187.029	0.9918373978744879	-0.010890540073716688
274.164	392.703	0.9542517330732877	0.06172683535379176
247.1159	185.612	0.8810329388781826	-0.1676443827662134
261.0961	177.312	0.25716495570871234	-1.4347697608500738
276.0938	197.211	0.4132962177816024	0.95329874381381
204.0733	198.16	0.5689977419073985	0.6454235799468585
260.1365	319.177	0.9477550881105048	-0.0706365266160253
234.0834	189.712	0.4864739528274438	-0.7807673127494079
248.1002	201.978	0.6644629910398328	0.4679264252709315
310.1162	501.645	0.8938583611086246	0.1421728917157019
246.1206	266.024	0.7961309018753807	0.27726082416971437
354.0659	370.094	0.039087691580971036	3.796706869104649
212.0914	475.124	0.42858655873948154	-0.9398539995068629
203.1257	442.174	0.971767477186478	-0.037800205985375125
162.0644	202.655	0.6695994315223645	-0.4790240602275367
176.0811	223.376	0.8819628714290484	0.16024318372814803
238.0961	538.672	0.8941640279562058	0.1425864129428627
226.106	466.927	0.7652696948275988	-0.32565297617461814
270.0944	430.035	0.604940563736768	-0.5617028525241301
284.1126	433.608	0.7690767586673514	-0.31533627365737066
302.139	543.381	0.507323744538086	-0.7309138004237017
242.1003	429.644	0.9649741961631063	-0.047566064868287766
202.1314	332.552	0.6165133188502044	-0.548531777385667
268.152	538.965	0.699597631101689	-0.41768044681064104
232.141	307.699	0.16638750761545082	-1.7759870676819072
246.1215	295.482	0.5216001941013522	0.7016317362266552
244.1778	444.006	0.4581748648406887	-0.8205869696309986
218.1258	290.506	0.777583502206509	-0.3047769065681273
294.1571	586.933	0.02510235635275085	-4.595840031899479
217.1428	445.274	0.3493915789290085	1.096989205991263
203.1259	432.799	0.7578552145718735	-0.33156890094154634
283.1637	585.798	0.4040578406187856	-0.9752143731972623
259.19	518.061	0.6853734018516104	-0.4387165354305926
243.1568	478.243	0.48198124268774134	0.7955484039493123
245.1744	489.204	0.8885372242683711	-0.15160999315178597
220.0853	307.078	0.8460225105150538	-0.21826373914714794
264.1468	427.312	0.5863444241547939	-0.5909274658374493
186.1006	309.349	0.04778302805362217	3.9350494626283172
271.1638	403.811	0.30243073349815186	1.2956530647999642
244.1053	270.541	0.16506242435612667	2.1410687257598084
252.1231	524.272	0.7636743329070435	-0.331287873617357
246.1052	378.783	0.5679396666746163	0.6508054046787205
202.0942	258.073	0.2937672759622179	-1.2439072721775133
216.1107	279.196	0.6899753015896297	0.43463315626875076
214.1311	382.185	0.6608732912712441	-0.47757616541028275
220.0683	183.059	0.4209131632871643	0.9040217866476615
234.084	177.444	0.06147278391204454	2.580833217020431
242.0999	446.851	0.7150420301004157	-0.3957681280677206
218.1268	307.481	0.7075196759762327	-0.4038566587155477
218.1263	298.493	0.7573762339425341	-0.33191296403402853
233.1379	416.337	0.44105191296514273	0.8687722390339242
192.0743	180.946	0.9350271140690288	0.08743667095191748
206.0898	182.206	0.26420334517794325	-1.4852385788210456
233.0996	184.315	0.9005993060072789	-0.133037081109489
222.0676	197.218	0.25547491749794754	-1.3922934360834345
232.1416	327.921	0.4597599783798545	-0.8176778012623435
250.0968	298.069	0.8617536543884985	0.18627273787593274
216.1111	258.373	0.2647655975831178	1.3942552452047625
206.0908	196.264	0.5848245521512416	0.5945484479978482
220.1052	212.29	0.6307481639853108	-0.5219581455229426
282.1201	530.653	0.8121153163603141	-0.254051871370288
238.0951	521.03	0.7341632348700033	-0.3666311107024118
278.1259	560.768	0.8320269986738009	-0.23148683916664944
282.1166	497.337	0.17539536012288554	-1.9070426289005216
280.1425	565.636	0.5247889776906378	-0.7103523888303176
188.1165	295.936	0.9155363878940139	0.11349706322759312
232.1052	258.062	0.9794313217727701	0.027482256770238484
230.1629	418.102	0.22738710255591832	-1.501446066523321
216.1468	370.963	0.7722128065731056	-0.3114128315626253
294.1207	319.944	0.48636753638056957	-0.7704401544258568
151.0303	174.318	0.6593645483367563	-0.48815662701871687
174.1003	317.132	0.7462777726926417	-0.35199105557672583
146.0687	245.882	0.9342219837569757	0.09117246840316795
259.0457	147.8	0.4792271838147016	-0.8613725656798132
211.0358	149.3	0.1700618143163003	1.8434066547465677
139.0398	150.0	0.04926174899616836	-3.5527685206000608
199.0246	150.0	0.13360590072453926	2.2866235086937987
153.0096	152.0	0.8013653123419008	-0.2844185323518512
356.0733	153.1	0.0008107832168504678	-9.560643519670908
229.0351	154.0	0.21299225205478292	1.5542200231346746
215.0559	154.7	0.016570059087656703	4.435287395344866
537.0761	155.1	0.7443038517398652	-0.3642832918997946
169.0045	156.0	0.5673599798784248	0.6239164935922272
141.0191	159.3	0.07159666693066039	2.572192568518107
246.097	161.409	0.6216932568844034	-0.5359614121674365
261.0965	162.187	0.5162734249287633	0.7514826594530983
195.0743	162.7	0.5597408647566257	-0.6477479284506277
179.0794	164.0	0.44190062047661205	-0.860156147367263
261.0307	164.0	0.752051256019922	0.35999051823175465
431.0131	164.7	0.4284957522869755	0.962290534756778
307.0838	165.4	0.09868561799521783	-2.7404254770123915
347.0631	165.4	0.4071447657352522	-0.955420499793753
302.1702	166.147	0.875493201629638	0.16889706157163328
167.0259	166.214	0.9777429654466399	0.03002860084849812
274.1277	168.0	0.8330635760705796	0.22789155853456178
238.0605	170.329	0.7841415027635594	-0.3119581135085116
204.0734	170.75	0.71336053171914	-0.4040311573260529
283.0917	173.1	0.2699771384081816	-1.4837655772614562
133.0487	173.2	0.4309720055403206	-0.9627031150976544
220.0684	174.069	0.33559200792548044	1.100923671688149
169.0847	178.323	0.5788195113371521	0.6079058184555001
290.1226	181.1	0.6258295809850866	0.5550394098971632
335.0631	181.9	0.18561008152352976	-1.6789759925783045
162.0643	182.294	0.26479283056001063	-1.38724665446275
173.08	184.4	0.792462787793463	0.29597498487107043
174.1117	188.0	0.8303260548273502	-0.23166308726164336
248.0994	188.562	0.015333824093093619	-5.65499463343274
232.1166	189.143	0.4479212727507183	-0.9141995519251271
190.0586	190.315	0.057882222094652595	-3.663696471982587
190.0954	192.7	0.010771860582990457	4.571406115796334
160.0484	194.4	0.01609304524345362	-5.754730505092509
146.0691	194.6	0.6889582218911606	-0.45396072965023715
275.1115	199.652	0.2567433672418522	1.4161513858298067
204.111	199.7	0.97457623368159	0.03489841137923312
175.0957	200.7	0.5965245199124508	-0.5769882778526527
636.0963	202.6	0.7273390589753581	-0.38289357316333356
119.0582	209.1	0.128951009964782	-2.1628221903077764
202.1421	209.444	0.2697400050684267	1.400075056458586
163.0593	209.5	0.626824962431109	0.5312239437202703
267.0968	210.0	0.35428736915810205	1.0979542239194158
165.046	211.7	0.8349614658891346	-0.23099050074102626
105.0426	211.8	0.806172364154389	-0.2760144956570677
190.0954	212.4	0.7667921264468401	-0.32330001978071454
189.0637	216.7	0.2341532493879036	1.4849903178946902
605.0772	218.1	0.6777929850811906	-0.46183386004230115
218.0903	219.6	0.01083379308231574	4.507334661151082
147.0532	220.1	0.11407156569028849	2.3662484886665345
383.1057	220.384	0.12990445446130539	-2.2792265274808043
133.0375	220.6	0.15474068426127507	1.9778978258360056
289.1274	222.2	0.13802343971090894	2.293075990998549
230.1258	222.894	0.6531737194145396	-0.48879661729670826
237.0309	223.645	0.33772760185869233	-1.0987047918220192
133.0741	223.773	0.6020878831216394	0.58965985174777
346.09	230.1	0.7597538889366364	-0.3302504004410829
287.1123	231.282	0.8679549090516965	0.177921878255901
332.1332	233.2	0.06745269462539633	2.496544205945134
103.0273	234.256	0.03199458765338613	-5.397519924677552
332.0743	234.6	0.03289616356503442	-3.748964799549513
141.0426	237.7	0.5257872088506973	-0.7051998577235892
119.0582	237.9	0.40797405674203224	-1.0080734906397837
161.0688	238.8	0.03987398803714046	-3.002119301023843
188.1161	238.9	0.8351421231644777	-0.22780644129874708
273.1325	239.1	0.6206968453589288	-0.5360538450135838
114.0429	239.3	0.2587421198061106	-1.4897705767851406
133.0731	239.769	0.04440198791784525	3.362481039687437
377.1335	241.7	0.3028177136981268	1.3178054019877097
61.0528	241.9	0.35313965988393287	1.1906538759540246
229.1066	242.776	0.8678148174273408	0.1774008738891222
174.1004	243.6	0.417691735533095	0.903023281775149
199.0957	244.6	0.8801828862702963	0.16917302096486678
243.1205	244.978	0.25803024332337327	1.3191755066880244
131.1422	245.6	0.3457836569792516	-1.2021372401125894
363.058	247.1	0.6453391590459963	-0.529019282788617
160.0848	248.6	0.003066536328052716	6.456956336200779
385.1274	249.0	0.7884106798601599	0.2890857170923526
384.1169	249.2	0.7402830790380228	0.3767042562891693
515.1765	249.5	0.9540028881845568	-0.06271051624364093
75.032	249.6	0.9122349854785481	0.12331175895640309
433.1362	249.7	0.35761321480530933	-1.0795685981934693
119.0582	250.3	0.2870925034498457	-1.2751146853212711
188.0797	252.1	0.9366265187004708	0.08514788010850925
204.111	252.6	0.953680417428185	-0.06185505810572188
125.0242	256.8	0.39279013062641716	-0.9608177828745325
297.0896	257.2	0.37148824767467126	1.1342717769319453
119.0577	257.928	0.05084618225029161	-3.1463250667266403
232.1059	258.1	0.9499478313986908	0.06685660435719891
345.0474	258.6	0.3974387479017457	1.0525943689372579
346.09	260.7	0.8227827536403614	0.24524805281083464
244.142	261.208	0.5352820600537371	-0.6946711049315213
216.111	261.9	0.17121472675385943	1.8176659913767337
434.2311	261.9	0.13237333484456984	2.061927936379971
231.1212	262.394	0.8961380881178568	0.14083244247220608
243.0855	264.6	0.43910078807678177	-0.8920170812231993
230.09	264.642	0.06744417536505802	2.971394847170968
89.0477	266.7	0.24344359525735443	1.3750652512770452
578.1636	267.0	0.349168055479766	-1.072556236193614
218.0906	267.667	0.040646673381769804	3.1434932532976134
446.0604	268.3	0.21477467159726696	-1.5401060349309317
147.0895	268.8	0.05217239629239327	3.5784594422076745
246.0848	269.025	0.36126540054106765	-1.030018184436854
217.9885	269.7	0.5939203944895005	-0.5918936407389749
127.0382	269.9	0.21939243899821553	1.7407221314846633
174.0641	269.9	0.02741296116522126	-3.397608991941693
161.0688	270.3	0.5231416849889923	-0.737742419790558
473.1659	270.5	0.3936808011275402	-0.9742997180569104
473.1659	270.5	0.3936808011275402	-0.9742997180569104
132.0059	272.7	0.7594467646565654	0.3292229754178379
436.1369	275.1	0.43843789707926095	0.8683847724697557
89.0477	276.5	0.12779518725218741	2.3406350026199503
174.0632	277.508	0.08882039197546558	-2.2712282187726216
117.0426	280.5	0.40080236940042424	1.0577599719445732
145.0739	280.5	0.05940230998096186	2.921102216247911
149.0471	282.385	0.5987184764827364	-0.5764745675551092
73.0528	283.2	0.014445065890856212	6.33885882057049
202.0956	283.587	0.9791645418054191	-0.028718942180175896
300.0852	284.961	0.018787469045954536	5.8503385211167
59.0371	285.9	0.17258298530071056	-1.9649673181040828
110.0476	287.177	0.1341028572589508	-2.4150637633706493
459.1866	287.2	0.5996544930737169	0.5877167794608203
692.2316	287.2	0.7654675839816594	0.33279776508977826
611.1607	287.4	0.19563070224830284	-1.5571529824732995
202.1311	287.952	0.3363214500909903	-1.0927274800732725
193.0375	288.1	0.39037577997113865	-0.9655227899281307
232.1059	288.2	0.953548855789988	0.06408413361120036
114.0796	289.584	0.04905313497428155	2.9239736679736428
145.0739	289.7	0.6308425499831551	0.5194983386665128
176.0321	289.9	0.04588783562696323	3.770273043598887
232.1407	290.631	0.2953641854778139	-1.2631223635041562
147.0532	291.8	0.19090955479891375	-1.706532331347319
243.1204	293.71	0.6146711762807785	0.5455138338239839
328.0794	294.1	0.7778171452980364	-0.30223499635168577
190.1066	295.3	0.005775731968163567	-10.382107283014294
458.1203	296.3	0.8886884318132315	0.15419801983374867
206.0428	296.909	0.9653929381911286	0.04787103389158317
167.0582	297.2	0.738761320893649	-0.37984162813366273
188.0797	297.4	0.39349016536378356	0.9911199914123465
232.1059	297.5	0.8447305058356998	-0.2148921971004171
75.0684	297.8	0.11402818993803743	2.425576810954999
145.0739	298.0	0.21006323391651296	1.7845287991690393
306.074	302.5	0.02091661803147201	-4.188323962414685
175.0842	302.598	0.47345946553221185	-0.851373466292981
101.0477	304.0	0.03715888048601942	-3.2013423050585317
165.0423	306.019	0.9037897824453445	0.13143667208037757
151.0494	306.1	0.9305602736059251	0.09565072483023399
360.1321	306.2	0.11267114659937481	-2.033243727684716
330.0951	306.5	0.5583554231816049	0.6683359352172452
127.0625	306.5	0.10308804106705456	-2.3754450410597183
282.0344	307.3	0.4750942669704704	-0.8698087934083528
117.079	307.4	0.41459164142200833	0.9093774389681739
87.032	309.1	0.593172283339279	-0.6042235781531133
223.0481	310.5	0.639160313153349	-0.5080004056951517
245.1369	311.168	0.952056775177197	0.06447057965182873
226.0582	313.187	0.75473432474389	-0.33470965595183716
103.0633	315.1	0.3156414334344598	1.1647143972732201
216.1113	315.16	0.039864060218351705	3.6270996791075754
230.1259	316.57	0.3146961569877693	1.167684260874301
174.1004	317.1	0.9019875104863329	-0.1327576450579651
129.0812	317.542	0.3202848942460914	1.1877851664032053
129.0426	317.6	0.2992730195158087	1.2452687525499624
101.0472	318.468	0.018646409692510923	-4.985328502170745
314.0638	320.3	0.634264973713535	-0.5510442905973689
136.0385	320.5	0.4769150174673816	-0.8317969847049955
135.0354	320.5	0.47761009366275287	-0.8201432902845347
342.0951	321.8	0.4450272462961423	-0.8848582770465174
175.0847	321.972	0.01197097827895231	6.287919417289924
176.0909	322.1	0.03788487718440129	4.987023218087242
244.1047	322.119	0.002877278804191702	6.53794868325588
326.0979	322.694	0.0878837763262105	3.1415738345160604
259.1525	323.032	0.9254886110217835	0.09956940718357372
244.141	323.247	0.011663276045802893	4.538460174374799
254.0725	323.6	0.5900381971424673	-0.584933502782095
293.1384	323.989	0.537538343610917	-0.6804003707668237
87.0684	325.6	0.0603945146017243	-3.437221854164976
174.1004	326.4	0.33308590267114435	-1.1064437745371467
216.1112	326.487	0.3996484436619426	1.0089575020425876
220.0848	328.7	0.546672959756168	0.7019097848711153
73.0528	329.1	0.08343760337040551	-2.5281861294324006
616.2241	329.1	0.4150450324210911	-1.0184976752201846
456.1626	329.5	0.2925774321414656	1.3717062238365636
232.0042	331.3	0.6852351564196892	-0.43824237950424233
236.0797	331.8	0.32585263478346854	-1.1598849490794794
237.0862	331.8	0.3610620558025771	-1.0421966060294656
492.1115	332.458	0.2828542697297862	-1.2831179917867892
72.0687	333.6	0.8908166099084127	-0.14689288456826632
175.0841	334.043	0.9391673362608864	-0.08331917582140351
218.1262	334.201	0.7486181075050784	-0.3481945907228749
115.0633	337.8	0.03031314060321521	5.34862717480344
206.0427	340.382	0.22162449127033118	1.6842581154445586
255.9984	340.5	0.839648025581375	0.21761518255652998
230.1263	340.572	0.37002833670279595	1.0102629301240407
172.0856	341.09	0.3783613907891396	-0.9918321517832689
185.0324	341.4	0.5937556256014451	0.5879242986958524
176.095	341.7	0.5331650864554057	0.681195036522148
439.2392	342.4	0.1288266520277378	-2.0425910186819616
216.1111	343.315	0.1870859578020312	1.7901125869058743
181.0375	343.5	0.08806259629293162	2.9652974785494206
244.1046	345.245	0.8815912173894482	-0.15980805941268486
208.0841	346.203	0.35491040672154817	-1.0460835056779458
325.0798	346.4	0.18812542166114307	-1.5872292878527736
325.0798	346.4	0.18812542166114307	-1.5872292878527736
260.1358	346.433	0.9200904257027284	0.10905184384789007
426.0879	347.1	0.7817223109063224	0.29806848045067597
125.0955	347.438	0.5681625138629244	0.6723957741555997
198.1368	348.5	0.045589846194953904	4.487274994064419
642.1432	350.2	0.21204454595554628	-1.706776078338523
640.1428	350.5	0.13695714176343493	-2.2597148994017533
117.079	353.3	0.4210340479651135	-0.9229620348624525
234.0852	353.4	0.43107696999879025	-0.8888458121815859
149.051	353.8	0.6680691277476458	-0.47694097875127767
139.0382	356.6	0.23868731405808286	-1.5808904975658706
103.0633	357.4	0.17905264636606216	-1.85321210145872
73.0535	357.803	0.4269409561590346	0.9675830222765778
112.0273	358.4	0.618089741961481	-0.5636511849107299
216.1118	358.866	0.09535488835676996	2.2837211088923555
214.1311	359.641	0.366879417541113	1.022448321423141
266.1263	360.662	0.9525085450947658	0.06342883663285867
131.0582	361.461	0.3485601105381972	-1.0649963895691597
110.048	361.729	0.1392569066794893	-2.319224365833768
188.1168	363.41	0.9454061570435991	-0.07372109317610617
184.0736	364.1	0.8896042024049464	-0.15103157191162003
230.1269	365.044	0.38699484679720464	-0.9705157235035745
166.0266	365.7	0.7009063000350519	-0.42905308691589356
204.0899	366.1	0.937264881568074	0.08839090263097954
220.0848	366.2	0.5283523009786502	-0.734903089557751
355.1547	366.4	0.16631100417175648	-2.1281702186228504
433.1129	366.5	0.1982822939244753	-1.7779706257375874
354.0577	368.8	0.36707857946831596	1.1449018751368607
381.9995	369.5	0.90656736531419	0.12558929015563233
248.1161	369.7	0.7240381637619357	0.37887603171411516
345.0421	369.729	0.11197684440967509	-2.4721257725981025
114.0317	371.1	0.3326590124380189	1.2078509035890714
248.0562	371.7	0.32734283476639287	1.1300010652944705
70.0531	372.9	0.5174444930111862	-0.7732857010054296
70.0531	373.1	0.5174444930111862	-0.7732857010054296
300.0845	374.6	0.7521373973640477	0.3396977756915508
222.1004	375.1	0.0012660923830530618	8.095129658446172
187.1208	375.4	0.28067035536641904	1.255851797372566
275.1474	375.473	0.30699462996292665	-1.289839006226711
230.1257	376.257	0.6419078796835704	-0.5087047039149726
137.0841	376.8	0.022975710471222852	-5.09705384884928
260.137	377.009	0.4202058195615829	-0.9367201064418847
281.0899	378.1	0.7467522960418764	-0.350597914594245
195.0895	378.8	0.05297804580119143	-3.954374115984592
117.0787	379.406	0.34905793296076326	-1.1098106193003692
128.0473	379.7	0.03348541779884123	3.736200893707583
259.1208	379.7	0.6230824822818036	-0.5373757130852954
163.0667	379.7	0.611782740860447	-0.5506913336223631
337.1147	379.811	0.3195018686078358	1.2308911881742137
167.0582	380.2	0.020675998464409772	3.95503416814944
205.0493	380.653	0.14793762931473076	-2.2923720547684696
302.2067	381.699	0.8012950381408408	-0.26938463172961
381.0686	382.9	0.002071753984764429	-14.14841666906959
300.0845	383.1	0.6026542611597772	0.5644548998627336
126.0317	389.5	0.9336865430726168	-0.08860646594182522
260.0467	391.0	0.2931779122217102	1.3458151318665874
311.1718	391.265	0.5644345257250598	-0.6566387265117462
231.1324	392.1	0.7411594794680029	-0.3635459280363998
165.0426	392.8	0.9717259479616371	0.03935658629478299
297.0449	394.318	0.21046448320172834	1.7165682752604843
246.1328	395.7	0.1929786609318998	1.8809019528719961
151.0633	397.7	0.6000891651231546	0.5916650272018366
72.0263	398.206	0.20964416063352864	-1.6993010254915721
212.1159	398.7	0.8531095622302247	0.2015673043695605
286.0477	399.0	0.0343414917614256	-4.163803742360319
101.0835	400.073	0.23701365359287824	1.3905864457805779
142.0258	404.813	0.10810857392706386	2.2919871116194694
228.1479	404.907	0.8894384902838196	0.14870637124560426
326.0988	405.567	0.00213317778691084	12.672609150471112
131.0946	407.0	0.5429489487311163	-0.6967355475225488
153.079	408.5	0.6096262924978149	-0.5679562458457862
522.1373	414.6	0.021141996470101683	-6.495283203271316
519.1133	414.8	0.41809730143885193	-1.0114544050228749
480.0904	415.9	0.19405096194723845	1.69896465958541
126.0317	416.0	0.577975063077944	-0.6488851498918757
340.0794	416.6	0.26820729041606045	-1.4774811639574665
261.1327	417.541	0.7313919467429153	0.3681882463178525
101.084	417.963	0.7152801570259535	0.41706856722277225
240.0238	418.5	0.5179027214762412	0.7108283958243712
243.0855	418.7	0.2577308105417696	-1.3389626607886675
275.1469	420.028	0.9491912877455982	0.0678162870855382
281.1124	420.6	0.1562337124731197	-1.890707617372665
386.029	421.5	0.5115911599172881	0.7199016034521576
228.1473	423.032	0.506297815915054	0.7341242773258502
179.0946	423.1	0.38964410337602706	-0.9822792242684137
286.0477	423.9	0.03635305198010773	-3.240227011244308
286.0477	424.0	0.03275210315414031	-3.9617427915495194
283.1281	424.3	0.8504506011504395	-0.20542269263861337
142.063	424.7	0.15253147796335786	-1.9452582976515382
234.1368	426.1	0.4588125819998354	0.8674231139432492
149.0477	427.7	0.630306637063634	0.5437287447293772
179.0946	428.6	0.9876669084176477	0.016588281252247084
135.07	428.952	0.31253022964591587	-1.2271411467201476
126.0317	429.0	0.030533048517786886	3.33872794782954
127.0627	429.589	0.2006270477932932	1.784394318816531
168.0423	429.8	0.3401892869987758	-1.0847746610968352
168.0424	429.865	0.3245514984366411	-1.1223781741425762
304.1383	434.3	0.5420018025177764	-0.7210799537011994
117.0794	434.474	0.11170826722141888	-2.647938127137704
237.0862	434.6	0.765863252153437	-0.3249673128137566
114.0308	434.715	0.1417329211072625	2.223793752764947
146.1055	435.6	0.521935102579168	-0.7272808975186614
638.1119	436.8	0.9686558976026958	0.04297826009715687
143.0924	438.718	0.10924152524738957	2.1153711264415618
138.0317	440.3	0.33766988301545553	-1.1827219353356364
149.0477	440.3	0.4443241484444684	-0.8879763474666373
180.0786	441.1	0.05900382564472395	3.9195354899853347
320.0896	442.6	0.6228942821860715	0.5326896973069779
162.0351	443.0	0.2621802299020129	-1.3065365296324867
117.0795	443.646	0.06847599269558337	-2.481430175185312
217.1426	445.3	0.5324668600900303	0.7069041222605155
121.0528	446.8	0.7611753445670127	-0.32724893616212264
181.0739	447.2	0.346837656684243	-1.0666201438457856
228.1478	449.338	0.6465197036403104	0.5187749918475816
130.1218	449.4	0.407056880805651	1.0272660763584158
208.0736	449.6	0.9840878208609052	0.021426740093710334
276.1586	450.3	0.8029315549993141	-0.2743351261189666
182.0579	450.6	0.46532547982701833	0.8556048844136993
217.1426	450.7	0.09411698122585112	2.1869912238903644
245.1385	451.9	0.8951771065693865	0.14097108237191155
73.0888	452.519	0.723699463439446	-0.38467577870903724
210.0528	452.6	0.5216368343158717	0.7411211758937096
346.1165	454.5	0.06753573813282053	2.4895065737884434
320.0896	454.9	0.07653956564853112	3.25100978792419
132.0899	455.6	0.2941964208241215	-1.337700641807709
321.15	458.254	0.24322277178983082	-1.4829013279063648
167.0582	458.4	0.17413074337348136	-2.0586874027527258
33.0215	458.9	0.680910039402399	0.4629305609877521
152.0473	459.0	0.7690343663819021	0.31425750516182943
182.0579	459.1	0.40861652376742796	1.0361741563615645
129.0541	459.586	0.218938503605671	1.725168274606387
351.1703	459.6	0.9839251107584286	-0.02163995608450187
260.0321	459.8	0.8964109857691895	0.13923472589672078
135.0677	460.236	0.20429933842550152	1.608389420827748
161.0477	461.3	0.8572700119716964	0.19176169348242306
165.0426	462.0	0.44775966751149376	-0.9153699925937865
370.0339	462.508	0.4182840965101486	1.003374394807739
322.0689	462.9	0.31533552880083054	-1.2480155959128554
154.0266	464.3	0.3927644994963186	-1.0669264223449597
320.0532	464.9	0.22454435842526788	1.6740119819919357
256.1099	466.1	0.5318437533975641	0.7445992591036646
152.0473	466.8	0.34169172303555256	1.189183187723685
153.0538	466.8	0.321930778972423	1.2488461960168729
144.1369	466.857	0.35463841362030857	1.1796011450217065
203.1255	467.146	0.9287339109939936	0.09520079009346243
189.0424	468.206	0.43901340446407444	-0.9564511573346485
114.0314	468.229	0.5100902745712125	0.7288850987607502
243.121	469.29	0.35398693378193175	1.196036993459722
222.1004	470.7	0.22002872506326548	1.6239706690220213
244.0695	472.6	0.36844020917115616	-1.0171422767786624
168.0423	475.2	0.3562982423039353	1.1851712921515434
375.1682	475.2	0.5091689949576781	0.7245316805878783
346.1165	476.0	0.4448133861280684	-0.8854825329485734
146.0844	476.8	0.5357441356806503	-0.7161340886202164
268.0997	476.959	0.9639864115329256	-0.05089956428204546
267.0968	477.2	0.9473604041888761	0.07393226277434808
253.0811	477.2	0.9037736794969394	0.12939957402965457
252.0746	477.4	0.17350050219386448	-1.8864347637897292
328.1543	478.0	0.48208849025888323	-0.8312553453077081
180.0899	478.3	0.5435050982147521	-0.7078652165724575
270.0528	479.5	0.09178154865548255	-2.2395806628527537
207.0893	479.701	0.88689275972082	-0.1529211880791454
138.0317	480.0	0.44075347152501815	0.856873562179962
141.0902	480.5	0.06548976297299464	-2.757217153214904
175.0633	482.3	0.56632625857565	-0.6687443909839687
506.1002	482.9	0.35493870496280544	-1.1695822485413983
189.0425	483.125	0.9069540701588975	0.12515132718233737
218.1267	485.3	0.89919955693937	0.14264142560340867
187.1685	486.4	0.5812989475306521	-0.6070504681825447
501.1972	487.7	0.18694691775241296	-1.9414358840769832
251.1018	488.6	0.24324974837667973	1.5768411654091468
111.032	488.9	0.4218354376770575	0.9570542436516061
133.0528	490.0	0.3707808368871127	1.101552962662365
170.0579	490.6	0.8946940403669814	-0.14481754747871628
232.1212	491.3	0.9320371754140673	-0.09105632124786556
434.0767	494.23	0.9321476133700441	0.09130178233836134
194.0579	494.3	0.04831689968537996	3.3147773143548114
168.0423	495.2	0.8819235535599756	-0.16224712768277325
564.1115	495.6	0.25334202023424635	-1.500205962276654
178.063	496.4	0.21311713922743977	-1.5349852383538596
164.0473	497.6	0.13834906275588568	2.3385198539705314
277.1161	498.193	0.1522289472762811	2.2528609208254005
148.0524	499.6	0.6000422767495	-0.5735162342987833
175.0633	500.9	0.8640147375134761	-0.18837229767483538
356.1233	502.1	0.4238538562649681	-0.9478728965193324
550.0959	504.1	0.0976920612791702	-2.8321468060037147
60.0688	504.438	0.533366675168138	-0.6981887977684342
188.1525	507.3	0.13011774956555366	-2.389865255690793
161.0477	508.7	0.9646189111987629	0.048438042470421876
195.0756	509.1	0.5714302911248791	0.6699072948001417
109.0528	510.9	0.06793417899896095	-2.520235811313868
74.0848	510.922	0.30729817572703816	1.2585508943343875
182.0579	514.928	0.9313280007353057	-0.09636149820501011
336.0845	516.3	0.42356733132067365	0.9827966996767562
99.105	516.567	0.053038903690940116	3.382721833222067
336.0861	516.692	0.2561708656841561	1.5209497340820826
281.1124	516.9	0.04673973733637349	-3.338988071692003
272.1049	518.5	0.3507513810997195	-1.0711802517334184
288.0634	519.9	0.10587004086821697	-2.805646919351958
288.0634	520.4	0.0876790303061341	-3.117428455114193
175.0243	521.1	0.4927393831231569	0.8140778977570351
434.1213	521.3	0.426043432707214	-0.9885808220574506
434.1213	521.3	0.426043432707214	-0.9885808220574506
239.1018	521.6	0.7128295753332041	-0.3972440529565554
183.0354	521.7	0.37727132308571815	-1.1220287933358308
135.069	522.477	0.9391792646180286	0.08588884238657672
222.0892	526.9	0.030204120983763856	-3.3255553377180647
246.1011	527.335	0.3113588041859031	-1.3295366982089525
176.095	528.9	0.6110300947174534	-0.552853910042784
325.0979	530.122	0.18070900756662464	1.6638109798528269
186.0681	531.0	0.21815180360557707	1.540625764261463
138.0681	531.3	0.3876249064129621	-1.0511160176759065
180.0886	531.634	0.040681717754804295	-3.115747252872539
180.0899	531.7	0.1437839231807819	-1.8517821864983974
252.1105	532.021	0.3543737079548797	-1.0701613452939829
318.0376	532.6	0.009166696789274417	-5.190728686143048
192.0786	532.6	0.07922328354858249	-2.3962622639162134
580.1792	533.4	0.4192631308670973	-0.9884449148632928
128.0473	533.6	0.6404635195875579	-0.5129929991320132
239.1018	533.8	0.10892867405909742	-2.3901598205912804
504.0969	534.633	0.20797085568573978	1.8064299214035486
133.0528	534.7	0.7426841928064618	0.3743600595342051
210.0528	534.7	0.39733417451749625	1.0268585593505577
152.0473	536.7	0.3074986779822749	-1.2708405672095169
360.0845	536.7	0.9322405515618684	-0.09050389870168489
346.0689	537.1	0.10595152003582017	-2.5239254261053397
184.0372	537.8	0.12333973587426643	1.9611110269280163
239.1018	539.9	0.39367256372078785	-1.0685311361400718
196.0736	540.1	0.22909526680603565	1.5719119692993453
134.0732	540.5	0.6322789807442137	-0.5185585722529928
208.0848	543.2	0.3855657884526675	-1.0133759907238031
135.067	544.288	0.9259321467646537	-0.1018291572452569
154.063	546.6	0.9710336403147413	-0.03959607061810317
274.0841	547.6	0.3071338483549877	-1.2557996600085426
164.0837	551.3	0.055682184469081346	2.747896110022787
224.1036	551.355	0.04284461750524919	2.9646382606486665
124.0524	551.4	0.7030724980636998	0.4364455434374777
274.0841	551.6	0.6935776728838923	0.42539061335508854
140.0473	553.9	0.47763617782677215	-0.8522806210890057
180.0423	554.5	0.38767885881705055	-0.9694069595407266
186.0681	555.1	0.6516936223622215	-0.5044922904803516
268.0736	555.6	0.3144104401735274	-1.276012798790835
138.0681	558.0	0.4075910047903298	-1.039898631636548
138.0681	558.0	0.4075910047903298	-1.039898631636548
352.1787	560.3	0.8342989070447981	-0.22358665211459014
181.0739	561.9	0.8353079989672296	-0.23499388075024447
111.0433	563.8	0.29794312472868784	-1.3870724447811402
434.1213	566.4	0.19893998583623587	-1.734019758195609
328.0947	568.0	0.49096371642089265	0.8317072434558358
94.0419	569.0	0.08518524790362887	-2.993671139988983
182.0579	569.1	0.25248716871518845	-1.5732644592871563
332.0532	570.5	0.447653510261972	0.9315917760334738
418.1264	572.4	0.5146568105154861	-0.7766894108027503
128.0473	574.7	0.646436262655932	0.5071148053047927
208.0372	575.3	0.4787501860870181	0.838633592029727
418.1264	578.2	0.31250521805199893	-1.3206724552523799
154.0266	580.6	0.6572667678361716	-0.4881057409624473
390.129	584.336	0.49508228537388393	-0.8129346030342505
151.0633	587.1	0.3336126245583523	-1.1047666011928794
110.0467	590.127	0.6056679040161402	0.5734379356696369
152.0837	591.287	0.7986238001424444	-0.2782703411625172
153.0426	591.5	0.06631372392169907	-2.6573594620991035
152.0473	591.6	0.16225655976820005	-1.809505248813478
322.1681	592.4	0.2654307206405569	1.4109333618192392
110.0476	601.167	0.7259936627535758	-0.3895329060159874
166.099	602.479	0.07547059003506992	2.7376627208667483
154.0266	605.1	0.48453224600961164	0.8451133536804638
180.115	606.1	0.01549424452234664	4.266392251622934
234.0528	607.8	0.4205206616033223	-0.9807996661522639
221.0913	608.2	0.7824838273808266	-0.2999143886224384
278.1271	609.534	0.37680379951707926	-0.995181549151988
223.083	609.882	0.6879572744631419	-0.4464813429516235
222.1004	610.0	0.29249018129531146	-1.341512795804706
336.0768	615.898	0.05215228731075148	-2.9439507712412114
164.0837	619.3	0.16271574128063868	-2.1252482235853085
180.0423	620.5	0.34908898640415326	1.142573621803269
152.0837	620.7	0.3059517923222275	-1.3475638797809093
278.1258	623.391	0.02127403834903625	-3.8517925813157974
237.1003	625.505	0.1494723814093394	-2.133196146119574
288.0634	629.4	0.10478842702760949	-2.819288231054946
290.079	635.8	0.2376305827054175	-1.484260216533688
170.0732	638.8	0.016187597254923296	-5.229753486277822
204.0423	639.9	0.8474315557139809	-0.20678047688770546
178.0266	642.2	0.009660095292059658	-6.3970759221931
145.1579	644.5	0.6112886392170496	-0.5574167940829681
308.1049	645.2	0.0872300982305667	-2.894849195851974
330.074	655.3	0.13686951921011933	-1.859064148267299
328.0573	655.338	0.18164599341059398	-1.6150922814678124
244.0736	657.0	0.061705113228147916	-2.765739588509437
179.0931	670.298	0.9397650294738324	0.08099565883998598
272.0685	679.0	0.04801235667635782	-2.8215922658531145
272.0685	679.4	0.14422559917926467	-1.995909227157345
140.0473	684.5	0.6577693153885578	0.4811705123934859
150.1045	686.7	0.316869173045558	-1.2836908149835335
234.162	686.7	0.3160357218300728	-1.3082225124921516
110.0368	692.8	0.4573155008311062	0.9127096064521243
270.0892	698.8	0.17249111454650382	-1.7182791187497448
136.0524	699.0	0.11962553743476405	-1.9790865826494504
168.0283	709.5	0.2414977035219729	-1.3743506024148453
73.0164	212.6	0.7306255153362089	-0.37257420458915635
117.0426	212.6	0.00858235266203332	5.47048402588154
117.079	212.6	0.3181787102645232	1.3103522918378934
133.0739	212.6	0.05053643375953193	-3.4050626842518934
234.0852	212.6	0.03931741460815098	3.16767207359782
505.0846	212.7	0.8546593688880643	0.1991383606996653
183.0532	212.8	0.013627517944440188	6.824238156293191
155.0219	212.9	0.754466182541132	0.3439375240908346
190.059	212.9	0.367542268792339	-1.1528930418100913
191.0794	212.9	0.6609741550415752	-0.4994250805965207
188.0797	213.2	0.10038510185047539	-2.1712571193849355
188.0797	213.3	0.10236452952845504	-2.1542864437719134
268.1017	214.495	0.7049621847659024	-0.41625535200507496
129.0781	214.654	0.07488139121950595	3.2679382942233834
129.0426	214.7	0.5638330547128962	0.6284833587427605
195.0532	214.7	0.38787417256366324	-1.0943487391222304
230.0903	215.1	0.048300036310580385	-3.3179255688747458
74.0004	215.4	0.26757719940484365	-1.404000968838983
153.0426	216.2	0.06154281525062254	-3.5242890993063885
161.0691	216.657	0.0013729361827898683	19.26025967561661
188.0797	217.8	0.8747034853463843	0.1680705165324646
156.0535	217.9	0.06057845584398678	-3.0224541895409582
106.0266	218.0	0.19582666463730064	1.6180616461207915
235.0481	218.9	0.27492946311148275	-1.4603352793058701
183.0532	219.3	0.961034108208842	0.05320114558210107
61.0164	220.0	0.16176483436788827	-1.9749969152634095
239.0794	220.3	0.33714217963438936	-1.0981435755039761
89.0113	221.9	0.27633889925766675	-1.4369950204547077
190.0477	222.1	0.6610145117457145	0.4760041046750554
172.0372	222.2	0.6728279760168523	0.45948697432643204
123.032	222.5	0.24470963222873468	-1.5583899507895647
104.011	223.9	0.23636466156790442	-1.6014430837627105
187.0481	226.5	0.5513914231706827	-0.6557912720658883
147.0531	226.682	0.7414676637061746	-0.3542160319344276
174.0641	226.9	0.6363729586193586	-0.5114190880385445
195.0532	228.4	0.002894339665304706	-7.1123063059811455
156.0423	229.1	0.4744894038818389	-0.8419412440879669
253.0223	229.3	0.08454604113852997	-2.402450525592314
175.0593	229.3	0.32283215623930206	1.2440758249403308
188.1161	229.5	0.249133305712889	-1.5365576228940683
203.0794	229.6	0.005146039439567861	8.044310708550201
158.0691	230.0	0.179555035001946	-1.7474104907529988
197.0688	230.0	0.6437594614644864	-0.5097386174782339
219.0883	230.79	0.11377301718002564	-2.1726995574673387
306.144	230.8	0.966935731238967	0.04501060237041858
159.0532	230.9	0.5143515745290373	0.7817717107753535
187.0475	231.161	0.46423784788586414	0.8645361250442689
174.0164	231.3	0.006124021263056704	-5.661463471179287
219.0743	231.3	0.8213251113008657	-0.24829307301533415
117.0426	231.5	0.9065856968364515	-0.13143994461273925
127.0633	231.5	0.6433865732354538	0.5192809292808453
174.0164	231.7	0.26650608509499846	-1.4806352091269022
322.1199	232.7	0.5844146962260525	0.6460456291174567
212.0321	232.9	0.7206523599108128	-0.3862755526835849
483.1502	233.1	0.3480045070709213	-1.1079092282766607
181.0739	233.2	0.019432925389004527	-4.260115230181487
149.0688	233.3	0.0069420023278799715	-5.991341307968603
202.059	233.6	0.07040087194495875	-3.544650303593239
166.0477	234.2	0.4594068908588315	-0.8619049165539664
145.0375	234.6	0.8454419021869997	-0.21845710814513827
88.016	235.5	0.6062688689586013	0.5967846596523583
151.0628	235.627	0.055474165452714594	-2.7568817848503935
134.0215	235.7	0.9024834734273934	0.13149279801591268
191.098	236.9	0.8014816429224756	0.275573529002333
76.016	237.3	0.1198657234086677	-2.515938790396102
223.061	239.7	0.04273150964043091	-2.9967849488234064
146.0215	240.8	0.7047859302480806	0.4127639498117683
90.0317	243.0	0.5782863837945325	-0.6183487936585239
130.0266	243.6	0.8970311643454657	0.13853644009407515
206.0427	244.6	0.20475256419858096	1.5545827958473772
189.0637	244.7	0.7769577203131706	0.30307699646291725
147.0532	245.08	0.24799421283912854	-1.4832515205998555
147.0532	245.3	0.8394783998808246	-0.2290151388132915
157.0375	245.3	0.0035573813840185813	9.070913299687719
192.027	245.9	0.838854114476823	-0.2169852574128647
129.0426	246.0	0.728380736133265	-0.38602015605859
159.0895	247.8	0.2137399412927831	-1.7651450144781304
183.0532	248.3	0.12555157171228473	-2.3425950602669263
217.0586	249.7	0.2246945732837072	-1.6112176108033889
173.0688	251.1	0.019478600964189307	-4.7624298398879334
139.0269	251.5	0.1032523615786374	-2.8070593699335182
90.0317	252.6	0.7759715588920173	0.3059614109399262
113.0477	252.7	0.9800054876697045	-0.02762313861248733
163.0845	254.7	0.47293528255248596	-0.7959841646771048
268.1059	256.1	0.884295063633626	0.15542746241117883
258.0852	256.3	0.43692641974853674	0.9079835373577106
198.0528	256.7	0.3907239858827629	-1.0484455437140923
143.0219	256.8	0.9788824736726967	0.028162838399579605
145.0375	257.0	0.31794152651494045	-1.2906182616650073
189.0637	257.9	0.008897879511718996	6.478900087121812
172.0484	258.3	0.022545635949701916	-5.711246103668182
192.027	258.9	0.5116938933086465	0.7358526730894444
216.0746	258.9	0.8371464015703584	0.22940911442981082
300.0845	259.1	0.505137100091031	0.7747473854472671
248.0797	259.4	0.11953099677332767	-1.9883010649192592
344.0743	259.9	0.5349323251749033	-0.7213645862408976
195.0532	260.3	0.23355849450942082	-1.440590267438956
212.0321	260.9	0.13060439270274213	-2.428269055675358
160.0372	261.5	0.32631222945209487	-1.1494446013367206
146.0691	261.6	0.12662604535274996	-2.4896282959458493
134.0328	261.7	0.40612382674248304	1.0253256117953975
132.0423	261.8	0.35855990347574607	-1.1022992308845425
171.0895	262.5	0.40300488913012644	-0.9644499266115265
131.0582	263.2	0.5095163376668307	-0.7369473118622687
104.011	263.5	0.18424474859644852	-1.8785885728472116
131.0219	263.9	0.07045798635849869	-2.558216774751626
143.0575	266.138	0.8770834267669643	0.17371907003937348
134.0579	266.6	0.020768182292940626	3.8109363747823535
199.0845	266.8	0.2048494412739444	-1.5177587656740956
103.0261	267.305	0.07100283839649403	-2.593990032132416
226.0477	267.7	0.2405702936173291	-1.5450606460902685
180.0423	268.2	0.19731220795381232	-1.6872949483855262
170.0215	268.5	0.3396638092050561	-1.2379539274233193
104.0473	270.9	0.41947584021849116	-0.9043407138351788
206.0427	271.2	0.8415768024780677	0.2183572184127354
104.0222	272.2	0.5080454790072669	-0.7370357668814015
270.0729	272.8	0.12769976673948724	-2.2621721383353353
147.0895	272.8	0.04054164869347056	-3.2288360873273003
171.0532	272.9	0.9435873236231838	0.07619215699677895
162.0528	273.5	0.6966602742221033	-0.4192580732267542
206.0427	275.6	0.5171706884255767	-0.7235433891020844
201.1001	275.7	0.20818744482077797	-1.815695448935484
159.0524	276.752	0.13744461391384635	2.0127997682854795
132.0059	276.9	0.9163163241592395	0.11643699547036931
378.1274	277.0	0.5566250941815973	0.6945389662030105
187.0845	277.1	0.3361208355124966	-1.136490701679056
143.0575	278.111	0.07291102488500968	-2.419224661649387
198.0528	278.5	0.23600975989840503	-1.5722743252002134
130.0266	279.1	0.8284240961474029	0.23194132227383013
131.0582	280.8	0.850994501255233	-0.2006907084976783
148.0372	281.2	0.21773641404289343	-1.6950498930710483
88.0156	282.434	0.489391017033199	-0.8283678115612049
87.032	282.9	0.11608159395487241	-2.082175015990353
104.0473	284.2	0.5951096195084662	-0.5827196347589316
102.0317	284.9	0.8613106252568561	0.19671387036284924
268.0551	285.9	0.2962359157836074	-1.395658997853018
292.1019	286.0	0.009632727844210185	10.03945801319912
130.0266	286.6	0.4665077639840418	-0.8201601689062967
143.0575	287.697	0.2813302687241464	-1.36144214630953
146.0579	288.3	0.5617757964087027	0.6585834939714692
165.0457	291.545	0.11645846815407486	-2.3216700591993678
294.0852	291.6	0.11524745046737966	-2.0962297975645185
104.0473	293.9	0.8174842353611577	0.24827373690005017
234.0852	294.5	0.15757840789625982	-1.9283985917237898
173.0688	296.8	0.8640818974034714	0.18390255794937155
778.3466	298.7	0.05764680837790343	2.6657579678886707
119.0582	302.0	0.7105597581989478	-0.4037587582291822
87.032	303.0	0.5120868440782956	-0.7368124920996635
60.0211	306.2	0.7050513364018725	0.43129551936378946
147.0532	309.1	0.14534301519022277	2.2371350732041764
88.016	310.0	0.2347277037170046	-1.4227665732035237
130.0266	316.5	0.6074211035425743	-0.562239512806043
118.063	317.3	0.06294828650392721	-3.3462393730366347
123.032	319.1	0.8850635326447789	-0.16180531415150873
116.0473	319.8	0.631582640309561	-0.5231822050867077
130.0266	319.9	0.18613017239283966	-1.8884228624457848
146.0579	323.3	0.1382785930616561	-1.879497907555553
244.1055	323.344	0.3034930785612935	-1.3648819671711716
229.0586	323.9	0.6798004890328482	0.44511548221367786
163.0481	327.8	0.1947674593172935	-1.7077573217006317
129.0426	329.5	0.3565579538716737	1.0629141039637509
84.0211	332.5	0.14897731968694103	-1.965035156109327
145.0739	333.258	0.18789865908775735	-1.6730366297741033
223.0481	333.6	0.6832261166437952	-0.46905295065744124
138.0429	333.7	0.1325667065347871	-1.9728703464779116
249.0601	334.706	0.013614108725988195	-4.282817876331875
229.0586	335.1	0.4346930429706493	-0.9058236447194551
175.0481	340.2	0.2372992547282317	1.6637676298674138
625.3033	340.6	0.004648040104422606	-7.032402667246802
177.0637	340.8	0.33158938442609387	1.2707542161616525
145.1103	340.9	0.19073121269325635	-1.9471740422205992
588.2948	345.3	0.00216250989176904	-8.419411612568073
73.5253	346.853	0.228937666303012	1.4279371854182052
153.0426	347.1	0.31166453265347843	-1.2961758359012163
132.0423	347.8	0.8403984314459112	0.21602504501797185
132.0418	347.951	0.432064902158236	0.8744054416171544
179.0582	351.8	0.2763152034363947	-1.2863241445928066
160.0736	352.4	0.5559192541284336	-0.699213484771682
180.0423	353.8	0.2563488252764833	-1.4876187558628096
148.0008	354.4	0.0571929782194033	-3.0572639025114343
102.0317	354.5	0.7938433458919976	-0.29619538900061354
131.0219	357.2	0.42497657634602726	-0.9883152125320666
564.2279	358.0	0.2548610799109014	-1.4459795878884842
72.0211	360.2	0.05262625429304448	-2.871573060534441
176.0321	361.8	0.0660057951111641	-2.527391170148078
237.0637	361.8	0.23032236515146043	-1.47209052345623
74.0368	362.4	0.20599401849580048	-1.6884500939318614
261.1209	370.239	0.7012368004359424	-0.4335178047395207
153.0426	370.6	0.31516395528842067	1.3191226224312476
172.0733	370.864	0.4271073377883985	0.981675216026693
252.0602	373.9	0.6302878392960298	-0.5248130811388942
191.0419	376.387	0.3841613843220509	-1.0913347023698468
153.0426	376.6	0.1803479960632309	1.8971020701137469
132.0059	377.7	0.6752517218895266	-0.46316225650643367
496.2607	377.8	0.9476794942463633	-0.07157471603023403
138.0317	379.7	0.862651402352868	0.18986196167503674
278.075	379.7	0.2543659455272776	-1.335183519405472
226.0954	381.2	0.5282700425316698	-0.7205558176950337
368.2199	383.0	0.23690804259674636	-1.6553272924413873
161.0343	383.251	0.10376834849615624	2.1970659664470027
137.0469	383.392	0.20694719104831696	-1.7443635020588641
161.0324	383.4	0.1456347388811546	1.9667164883439283
166.0266	390.9	0.0494860454083922	-4.074730832643396
86.0368	391.1	0.11091357047943114	-2.4107295144805394
205.0572	397.684	0.8662442095146567	-0.18935760787512565
161.0336	398.715	0.33786170213510697	-1.1667530105981396
134.0215	400.5	0.04566872676278422	-2.9377940355037757
166.0266	401.0	0.1024382335682583	-2.3195160355503592
151.0633	405.9	0.18641555462740036	-1.9214400623008747
164.0473	407.0	0.04019048101797262	4.48845993745566
187.0481	407.9	0.682829435455339	-0.47067072064634036
187.0464	411.959	0.982493147738423	-0.024700958615853308
584.2635	416.3	0.4470116254833531	-0.9317061571788912
88.0524	418.3	0.2269886080741186	-1.6490189471400771
176.0321	422.6	0.6204080964344592	-0.5390658304486615
146.069	440.554	0.037260001204374824	-3.548460776254509
116.0473	440.7	0.2446683327029821	-1.5606579579956021
165.0431	442.268	0.039134851806615065	-3.0595736475226536
162.0528	442.3	0.8457814439663033	0.21031639772177932
206.0427	442.8	0.2580936022546475	-1.3175316525694571
279.0742	444.605	0.16292438606513512	2.1525181890360896
155.0695	444.8	0.5999279503802482	-0.5995566103936821
118.0266	454.2	0.10625506107538206	2.2101187162874187
264.1031	458.1	0.8218019371940836	0.24282245555510837
122.0368	464.2	0.2421030272519384	-1.3784942247404712
150.0681	473.6	0.1443333842719631	-1.8899036859920744
209.0244	476.4	0.25476112264876166	-1.3300511539442699
114.0681	480.7	0.15060899591960283	1.8924504965208742
130.063	482.5	0.2661660026725116	-1.295649028972745
144.0423	483.6	0.9156454446629136	-0.11610890017962516
138.0317	484.0	0.38114158013064026	-1.0378071642584037
116.011	484.9	0.5682873987001221	0.6279318166335508
144.0423	489.2	0.1784953744265216	1.8240306987469126
114.0681	489.9	0.06365924730498987	2.8188190037057197
328.225	490.9	0.3404133914154203	-1.1696934885442651
251.078	490.933	0.5642517526443493	0.6784245090021791
136.0524	499.3	0.014293361269706756	-4.178719122189682
481.2312	499.3	0.2239949333930578	-1.6252793492679962
186.1256	507.9	0.18299797799987144	-1.9720107756786105
186.1256	510.0	0.7063806797033507	-0.40490269161360115
222.0528	511.4	0.8655581757438543	-0.1850479190916651
210.1256	512.5	0.8280307556355002	-0.2322311872525291
160.0736	512.6	0.2393662549947758	-1.5385050525435124
172.0735	523.556	0.30902736802253983	1.2526584503298823
332.1624	531.0	0.19868392072485544	-1.68256893450891
362.1729	531.9	0.8797626612088971	-0.16279913206141958
323.2098	531.987	0.45239160721336724	0.8374375872533028
200.0321	532.8	0.2791535904115314	-1.394632045664125
336.2301	533.8	0.18144300861640295	-1.9259912403396087
226.0477	533.9	0.5577123005866743	0.6966471606065852
264.1362	535.2	0.13347314042646355	-1.9606794777244938
163.0633	537.9	0.2756370868157973	-1.3969234018683017
216.1725	538.8	0.3929704391451473	-1.061374640819537
174.0892	539.2	0.7935799897886704	-0.2838944821992953
144.0423	549.8	0.0953375027310778	-2.9865083340804635
212.1412	553.1	0.19845612437635857	-1.8401327315550076
165.079	569.8	0.4803603516241084	-0.7849168187808165
137.0477	577.0	0.7140790812756597	0.39351170030707033
334.2144	580.5	0.5684034481683606	-0.6207933672488017
258.1831	580.6	0.46962318500322375	-0.8016051251136463
490.2203	582.5	0.26789192719236427	-1.421900909608575
166.0994	582.9	0.34092796177019036	-1.093034925437235
332.1624	583.1	0.17709731962205275	-1.6364016482743062
294.2195	589.7	0.44162786582331565	0.9492769876091913
144.115	590.6	0.23788474346512328	-1.3887314548106207
367.2181	590.7	0.045315037877078905	-3.0977299183957445
334.2144	590.9	0.36380589293265425	1.0845649655295557
178.0985	593.897	0.4106982946044548	-0.9313458357828849
330.1467	594.9	0.0390149139115014	-3.7265514720716966
294.2195	602.5	0.06266275532005357	3.737344396562556
334.2144	603.0	0.02136683763116107	3.7754612569406967
313.2611	603.399	0.9007423207083145	0.13373395267156185
312.2301	604.0	0.7647084730961868	-0.3263086845724348
144.115	605.1	0.17547154161040773	-1.8068091800385164
316.1675	605.1	0.19981816866641863	-1.6883457733715683
336.2301	607.5	0.0957615259337806	-2.496403355843988
218.0977	608.3	0.3820661748954669	1.1054238504592806
332.1988	610.4	0.26999123326841273	1.4823994563903695
310.2144	610.5	0.23420417992440196	1.6459823579578496
296.2351	611.1	0.31088069456757345	-1.164354282238176
336.2301	616.0	0.11505780735177855	-2.0955876822827344
296.2351	617.3	0.9487237273998945	-0.07237435860821617
250.1569	626.4	0.5489419078450177	-0.6541171753850745
310.2144	627.5	0.08410453993602807	3.079676390304198
312.2301	634.1	0.6892427961594554	0.4592785578655738
334.2144	634.2	0.4824622110171142	0.829819799522277
292.2038	638.5	0.07965051706739185	-3.0148387104433714
312.2301	641.3	0.7441775160148422	0.3681042005763411
338.2457	645.6	0.051402990005511205	-3.9573070730888302
316.2614	647.9	0.05369614828858573	-3.6959509504958232
172.1463	655.0	0.6581386250415543	-0.5135465739836904
292.2038	660.4	0.3989860559967761	-1.0430244412506253
272.2351	663.8	0.24087074494643057	-1.4023643441458393
172.1463	668.0	0.42866715930361643	-0.9212928978269569
332.1988	669.9	0.5159147366063541	0.7132092486477117
318.2195	672.1	0.07308785452135418	-2.7660646546606444
278.2246	672.2	0.07119427512924252	-2.800568746526552
270.2195	680.0	0.19523770606318103	-1.621261201738955
294.2195	686.0	0.08552524125140988	-2.576186884271796
316.2038	691.7	0.05739574592220197	-3.557970789981995
298.2508	699.2	0.37371741303810996	-1.1215346574024978
320.2351	703.2	0.1744665235526316	-1.9000050475356758
296.2351	705.7	0.08258702616257324	-2.306587395283711
292.2038	712.8	0.37100908180341285	-1.0740006770589632
318.2195	716.2	0.3208515747510342	-1.2511253469223433
292.2038	726.8	0.24009373651778076	-1.5593632313534964
200.1776	727.5	0.2919272959621473	-1.3066390602753057
250.1569	728.3	0.11705639298255824	-2.208751814632186
320.2351	729.0	0.18216126541654593	-1.7630242883079366
276.2089	738.7	0.13982932445079604	-2.0366556128476963
292.2038	740.1	0.2956368382244842	-1.3808102643638522
341.2927	752.153	0.8928492386823732	0.1444713076691648
327.2764	757.984	0.4322281007275875	0.8787390599094015
320.2351	760.4	0.2139430753995059	-1.575959935720675
278.2246	760.5	0.14594401895642933	-1.8172357687055691
302.2246	783.3	0.36486655351577696	-1.048875612398966
254.2246	784.1	0.4488562884144714	-0.8386714359631616
302.2246	787.6	0.4246707940752631	-0.9940495592086893
280.2402	791.6	0.1998983335412898	-1.7328580389526673
264.2089	795.1	0.4289143896838768	-0.9046991463994042
280.2402	796.2	0.2579900477952145	-1.3658620296414175
304.2402	819.4	0.10188250960969218	-2.2712374506244912
306.2559	861.7	0.22165292898079217	-1.5561916777170204
256.2402	866.2	0.0951953476643654	-2.524359354904833
356.329	920.1	0.7026696402837236	-0.43676497362485345
284.2715	952.3	0.11318597678745872	-2.137255655552368
