m/z	retention_time	p_value	t_score
347.061	165.142	0.06638676869883535	-3.1229193106623936
384.12	368.227	0.8053192129232892	0.27369934278558306
89.0478	241.494	0.4157016491489933	0.9077525609090599
146.109	195.207	0.5187530222824526	-0.7157983197693956
146.1061	474.105	0.2766678193544047	-1.4135015929153558
323.0498	169.774	0.6328357622261647	-0.5219429250843463
176.0328	321.379	0.2635123547620885	1.3469134707034685
204.0903	450.091	0.1575013510874309	2.091689457771725
116.0103	307.707	0.564751756807592	0.6451384164201727
116.0103	408.121	0.05627882614602181	-2.899309027052884
116.0103	257.207	0.5845943863928348	0.6085544735023712
612.1487	302.036	0.047812466163622516	-2.829434335819809
642.3001	458.493	0.8101666595031078	0.2577798211740521
88.0988	529.936	0.15374941812699813	-1.9216145814096066
135.0537	349.073	0.4831839144786489	-0.7720598932654661
132.0531	184.874	0.024961753280278023	-5.903788496410673
192.0272	215.905	0.9012494810973563	-0.13713021167893677
117.0786	325.426	0.19564409763018695	-1.904649236018163
89.0478	318.458	0.056005311370667464	-2.7983060020679154
125.0146	169.461	0.14463195945459376	-1.9550984087465486
119.0575	180.793	0.5781484083423796	-0.6045677295864945
192.0265	391.225	0.6892656477794432	-0.4502506998136299
103.063	276.854	0.992083093983189	0.010559825468645805
259.0459	147.818	0.017313570952142827	5.480632588225721
104.0091	446.952	0.012439570530107165	-5.02118894699692
152.0335	291.841	0.33843245934833477	-1.1628591681886218
131.0945	302.364	0.021533589840944806	-4.696901746622787
131.0945	258.726	0.5635239570848785	0.6296541501895424
129.079	400.318	0.010065586937793091	5.412141189321264
129.0792	381.087	0.5328411032821133	0.6945004006953194
176.0425	375.97	0.7010732503876226	0.44293871308452304
174.0531	229.259	0.007803421595055521	5.867689657221384
87.0685	346.276	0.2815961122801288	1.4328933334777563
251.1003	325.794	0.05128035085212077	-4.1493433180061325
137.0459	438.001	0.6444347244870928	-0.5321005159502673
153.0099	167.307	0.9693891780622377	0.040922379553557105
189.0634	413.443	0.15532272857495216	1.799063655524739
154.0275	603.763	0.3435981194369226	1.1409604308085628
122.036	533.861	0.047238585809300494	3.400940035633251
220.0838	496.852	0.12184374207309788	2.0290908288738603
192.027	351.765	0.7600355731022619	-0.34034983653139084
164.0475	497.662	0.0024462528227940867	15.014249109805316
139.027	574.103	0.1932420335999465	-1.5884092893935025
119.0178	301.607	0.21469854232611774	-1.499967366665631
119.0217	284.286	0.1766766986483589	2.049316226152958
119.0176	319.687	0.10528239489626626	2.186407048763109
175.0634	445.461	0.05714257691885659	3.5586431583361735
116.0956	285.181	0.25851840477233123	-1.5623392219701042
187.1679	484.934	0.08036523535176192	-3.2084546036084998
145.0848	181.825	0.38494355675868797	-1.1014798963683772
145.085	377.725	0.4628674682093658	-0.8953282520916371
175.0478	412.274	0.565920024034934	0.6447068683973808
175.0477	418.537	0.6714618542555042	0.4602125540280385
175.0472	393.025	0.6570613800012106	0.4935102900660302
161.0682	300.911	0.16116924322834472	2.0442774702104427
162.0161	261.963	0.3895026216208005	1.0256873893442477
194.0574	494.381	0.37763248268614147	1.1055017903385678
115.0266	248.993	0.7902925301633988	-0.30293483896104134
117.0782	228.101	0.8406701043383159	-0.22747142871209078
117.0788	318.327	0.6703968994727381	-0.478991909709079
117.0782	222.868	0.5718015694766208	-0.6671269238630081
129.0418	314.468	0.6988259508119784	0.4165025270065902
188.1251	383.096	0.5016869243177754	-0.7605574957966591
131.0949	417.608	0.7358619637173149	-0.3700453425136013
118.0259	276.87	0.653383220511975	0.4876044149140481
126.0296	677.115	0.24688180167088966	-1.403179312494094
130.0267	470.686	0.5229254940542581	-0.7410960008366465
103.0626	282.722	0.8125402648867527	-0.26959550446324065
214.1576	595.227	0.9365740955616708	0.08886704020630319
109.0522	432.572	0.24334012068830835	1.5774937749800044
189.1101	216.566	0.2445359135084571	1.478610844003379
176.0676	493.587	0.012608333514141059	4.314879119764748
172.0367	222.2	0.0429434555471614	2.9740037138859186
129.0899	237.666	0.06366632447682716	-2.5662629731849145
236.0782	244.953	0.1521283097522239	1.816002553951128
130.1116	345.557	0.5965965479884341	-0.5743668615215193
188.1173	267.889	0.4644186607027636	-0.8143985579309275
160.1219	524.398	0.5563711881722594	0.6451267206174071
126.0431	344.456	0.11598230065564252	-2.6527903069778396
101.0473	333.43	0.008834560531650397	-6.149648918286451
243.086	253.086	0.038398285619600736	-3.11384432656262
154.038	274.02	0.41960216833764175	1.0078622287347863
118.0734	188.282	0.9720977579163262	0.03724194613619297
118.0735	444.056	0.00637628405390127	-5.232883434073627
169.0334	380.886	0.04683517119485114	3.3016467036202686
104.0575	443.316	0.07631779162602993	-3.4030148951144072
148.0014	407.865	0.09420249156695631	-2.29220440453813
113.0468	330.951	0.07802816521938041	3.0360711270527454
147.0533	329.837	0.15510095497775417	1.8770798475818717
147.0537	339.696	0.017527499507065083	5.735819093943228
147.0535	284.895	0.10198166393565632	2.659754824008627
145.0737	360.501	0.11273033601524968	-2.2706394288447314
162.0526	447.914	0.04534237535337646	3.8491248165041334
188.1272	196.669	0.1274931444100094	-2.341737103731092
145.0739	235.602	0.2146634930061621	-1.4777519832837613
127.063	343.805	0.02032322760038538	4.375046473368671
155.0337	186.855	0.8628836368274275	0.1907204245566201
134.0581	268.565	0.11565930771092575	2.56929943251001
140.0083	259.037	0.6172425747876472	0.5460824646787199
256.1149	427.248	0.003872085966101244	-6.005780025778696
335.1323	170.641	0.4148620482613551	0.91139979780025
297.1068	197.698	0.7351958769272047	-0.3633642971808396
192.027	233.079	0.8773661057306217	-0.17089708733483858
183.0711	561.755	0.07229023477083482	3.245972332752629
294.2185	708.168	0.18589283211207003	-1.8202313120321674
310.2142	646.605	0.3095107432071382	-1.2679351053108425
310.2152	623.667	0.455540220655533	0.840908585482951
149.0453	427.927	0.4857641553851432	0.8078989886786021
152.0471	458.943	0.603577050899601	0.565698193494137
120.0576	610.837	0.08538524062152177	-2.381017490113199
191.0613	433.457	0.24553759861827767	1.4746785518509993
191.0585	450.008	0.06759381188414648	3.5210141437016453
191.0598	463.838	0.0059232311972764575	6.782144808460407
219.053	372.294	0.020197577277464084	3.735672409570571
165.0402	287.052	0.03967844952628924	-3.057047723096976
165.0431	335.335	0.4614664626340031	-0.840357749075019
133.0519	534.425	0.5538744330486185	0.703844423534455
128.0581	289.502	0.3407142003201295	-1.0880682963167634
128.0577	263.583	0.03192263378466949	-3.265592367839072
132.0518	286.787	0.04166498957249155	-4.100458927285685
334.2124	601.825	0.744536172626089	0.34969926235006193
148.0365	280.894	0.0015401279242600418	-8.741833013887335
146.0582	492.733	0.019172532856960082	5.759643663584933
272.0894	351.983	0.55657380986031	0.643166821806297
190.0478	471.428	0.5608919096297778	-0.6371080839445886
142.0738	286.608	0.5579849173028524	0.6561649250972783
161.0683	276.682	0.0009125315388112011	32.431808818898105
161.0685	339.256	0.0012201117942269137	24.92564438437517
228.2096	761.042	0.0973952406459415	-2.2773453491002065
160.0833	210.228	0.04101333502351899	4.462218741026508
267.0966	209.968	0.47207005199189134	0.878484303000194
153.0647	241.154	0.2800981622733747	-1.4132812994153534
163.0283	232.442	0.014331034089304622	5.2973173493722925
345.0505	147.487	0.9241842100461639	-0.10337034597174526
312.2301	529.817	0.31800122843000383	1.1937000827382052
312.2297	577.777	0.05137381736824799	3.835416450436985
250.0472	409.247	0.457727495108796	-0.8775791366800707
202.122	510.331	0.31773534164251294	-1.22015056953857
210.1249	605.999	0.7544855178039986	0.3423099768149733
316.2007	666.317	0.7606328130930093	-0.33518129866747226
148.0524	497.282	0.08035037485811454	2.881479385505977
198.0526	463.791	0.20129137300531624	1.6661979138370242
164.0502	562.443	0.028191501517145164	-4.087522351703943
294.1211	346.826	0.3152955442245408	1.2798605834468881
105.0796	325.317	0.27021392894585305	-1.4540404728015404
126.0312	505.589	0.3518202783077185	1.1777600384175473
126.0311	491.362	0.6305952857600384	0.5202856392999653
306.0743	302.16	0.04703772886331486	-2.8457864780723154
147.0523	263.88	0.5537002875219736	-0.6838901711850185
101.0835	347.282	0.019325719397063505	-3.8507360165452806
193.0411	288.097	0.821719863020599	0.2554042393916347
122.0841	453.104	0.18494533170119412	-1.6000622258520885
87.0689	444.317	0.9028803015196508	-0.1312705126202702
294.2203	685.859	0.9518425719544243	-0.06634880169192779
320.233	728.554	0.121204309861512	-2.148304064414085
314.2453	592.595	0.9581739265978682	-0.05657496382408991
314.2455	615.87	0.5584949370297755	0.6376330634733705
312.2299	651.162	0.8572225779024838	0.20116424251891105
312.2309	679.528	0.9329966332059292	-0.09452134200971578
330.2403	576.837	0.7100120493421611	0.40286616226990846
330.2385	486.858	0.4472461381136429	-0.8560018778602319
330.2392	541.551	0.5433651100443027	-0.6954861938826425
330.2395	515.144	0.02229061143089592	-5.560248332893986
232.1037	215.842	0.0924904087343129	-2.2947363360981208
210.0996	641.204	0.5806804061113443	-0.6131831116577625
175.0474	380.712	0.2364290539661662	-1.396576721947047
175.0474	318.103	0.5657608342093355	0.6751113071822563
240.0079	511.934	0.009978227876409377	-5.076423176288202
240.0127	315.133	0.7756160092246367	-0.31002674996761553
240.01	460.035	0.2540333711155713	-1.3478061135525912
240.0104	549.356	0.020311970473396793	-3.737883237276058
240.0078	483.881	0.18312950008319062	-1.755484083525106
240.007	478.533	0.1877287967022606	-1.75083175991369
240.0091	296.075	0.06840394610096122	-3.176928911099533
240.0089	442.121	0.8077020802158169	0.27526066845328134
240.0089	260.997	0.043856057718725534	2.9290529731212547
240.0102	479.883	0.29874190348911495	-1.3061764259044168
228.1359	533.47	0.7502839849292137	0.3416588080129465
228.1355	617.076	0.05790382848550859	3.5467482693763777
212.1416	486.423	0.9175838279503734	0.11021860013668396
212.142	520.992	0.20687747351640065	-1.5646783977045244
294.2191	601.555	0.7721242301664895	0.31014964474427975
292.2041	648.045	0.3266489049237245	1.2432013561858002
172.1101	489.787	0.8521976124178723	0.19869819934778224
153.0896	584.875	0.023491109864141053	-5.666414438547114
183.0639	545.702	0.46433306447234507	-0.8683250073377239
302.0789	609.485	0.12534664684659727	-2.260291073514993
199.0583	491.686	0.04233313645906795	4.487352592783322
209.0799	372.385	0.11672075296747926	2.1278243736976457
158.0691	317.311	0.7947301956906578	-0.2781222233793676
183.0204	151.239	0.2817271666602206	-1.2758472652325694
198.0282	563.899	0.010559153564617873	-5.883613570022181
268.081	691.339	0.11296210119211271	-2.0353053093250715
146.0689	213.615	0.033072540618658906	-4.841936781908772
146.0685	199.396	0.7800572728470287	-0.3037639739055481
316.201	646.266	0.8233457894133123	-0.2386644416447077
162.1012	418.344	0.021583794790365058	-4.041299702289716
189.1495	217.127	0.222413327443224	1.7126592658916366
363.0557	341.852	0.8585012381338519	-0.1900937140072912
161.0471	508.67	0.0010225904320555553	8.623809238679566
166.0835	257.925	0.5911635396579142	0.6278506474731145
133.036	255.45	0.9414266898336813	0.08205154459778077
312.23	486.891	0.941721173467496	-0.07788496740670042
312.23	514.255	0.1705785474551178	-1.6708312266241254
194.0423	244.928	0.5621622792857286	0.6815708139577644
87.0318	329.396	0.052350847447433624	-4.125261908291061
87.0313	361.648	0.0570529031076725	-3.869809386796999
160.0373	351.998	0.3119984248186692	-1.2022163309457659
276.0957	212.914	0.20684909961469902	1.5670736909644358
190.0945	192.565	0.04116775162682808	2.9705646475180107
190.0949	454.946	0.4255502806249924	0.9827404295638367
198.0532	323.862	0.9975015110727927	0.003352141536709841
136.0521	506.203	0.3655170968176164	-1.158914371194495
182.0254	368.633	0.1542034421894318	-2.1628411845785447
173.068	250.601	0.03943258880166623	-3.0440565556026744
180.063	196.105	0.056890992490984886	2.655332854001047
180.0626	439.025	0.8800845079734583	0.1625866337172488
180.0642	261.312	0.6736778155072389	0.47459394210944295
180.0625	415.829	0.12847202277554265	-1.9268671224547378
180.0625	203.059	0.035483555304258056	3.3109275391203754
180.0635	387.923	0.01695687313197212	4.007847704680778
180.0631	240.423	0.8639119934668451	0.18494339815156932
180.0632	393.219	0.03658727535554617	3.99375052285628
180.0625	401.073	0.12203072790179836	2.165229377101523
113.0467	374.756	0.6584130973533019	0.5080651451405024
144.0409	489.33	0.008147399843730937	6.134951177155521
172.0848	268.407	0.5226888896899493	-0.7467835059375174
216.1362	614.527	0.5524009510423197	-0.6675809209380583
153.0434	215.924	0.31788185054575213	-1.2618761309840336
175.0942	286.118	0.442381170843934	-0.888161108125992
218.0904	219.618	0.05213608864615992	-2.899158461484618
228.148	395.484	0.44083559520924726	-0.8559213323425353
262.1308	404.278	0.3885085602012797	-1.0274420879364201
172.0852	287.579	0.8866834622356696	-0.1569898576872025
193.0732	388.141	0.5497014766930632	-0.7119090178247928
153.044	591.019	0.002574783453002943	-9.252702540018086
160.0837	248.675	0.014732967567613282	4.5213809584620375
204.0737	215.431	0.09249032850536272	-2.2028360441099206
202.1312	370.059	0.4225898920642233	-0.9546967056498625
202.1308	362.034	0.4225898920642233	-0.9546967056498625
217.143	450.735	0.5015986287889274	-0.805498346495446
186.1006	292.285	0.34129446438352756	-1.1705243709200113
188.1169	320.253	0.20865115937732262	-1.7012980344543744
246.1008	453.027	0.05796685123897901	3.829689431157811
260.1125	165.462	0.04651520427279428	-2.896680228641902
219.0847	171.483	0.224258720863534	-1.6013153888841862
233.1002	174.247	0.03901688423077003	-3.0293880118248815
295.1179	492.54	0.3405945936412254	-1.1218154660835495
231.1231	240.089	0.08556632872384944	-2.5353145486154496
246.1211	312.324	0.3913242751646172	-1.0689196476489262
296.0995	499.412	0.09481753152705576	-2.412182126911064
232.1046	288.197	0.37021644741172516	-1.1221976376915406
217.1046	201.341	0.2001599377753039	-1.5417369257796347
274.1278	167.839	0.04488357581133395	-3.2815777858721313
275.111	181.157	0.028079596636600698	-3.978360040006577
203.09	187.029	0.2395835181297816	-1.3893161207026112
274.164	392.703	0.35607978583868877	-1.0495545293325317
247.1159	185.612	0.0799510023625416	-2.791742968803997
261.0961	177.312	0.02779466484181144	-3.406497446333985
276.0938	197.211	0.001669698495621858	-7.8946371972327745
204.0733	198.16	0.26221027455624973	1.5381449006087102
260.1365	319.177	0.01707180685151153	-5.509273961494767
234.0834	189.712	0.1723890059566987	-1.663114379361544
248.1002	201.978	0.05090421411043767	-3.1093966894362692
310.1162	501.645	0.18406245345804081	-1.7124791435140752
246.1206	266.024	0.015800001335121355	-4.130097625143941
354.0659	370.094	0.6779720823729976	-0.44727798501625465
212.0914	475.124	0.9478278028801945	0.07132139582532532
203.1257	442.174	0.24797021050580478	-1.5123016859482397
162.0644	202.655	0.26874805084183123	-1.401709835024592
176.0811	223.376	0.3398333395813899	-1.0858947484830161
238.0961	538.672	0.05690346204815492	3.6319602331434107
226.106	466.927	0.20479676337634148	-1.531847041338252
270.0944	430.035	0.6033568309342341	-0.5632301012774072
284.1126	433.608	0.04722830638852851	-2.945816381894009
302.139	543.381	0.11118178842803988	-2.044019807563383
242.1003	429.644	0.108054311196836	-2.1181333904052617
202.1314	332.552	0.17604055140218614	-1.6457744445177334
268.152	538.965	0.15969045113265298	-1.821650693367968
232.141	307.699	0.1878598491152011	1.9683619393608693
246.1215	295.482	0.09002570773922472	-2.7828614652728745
244.1778	444.006	0.26612085947052844	-1.391900927940687
218.1258	290.506	0.1197819491159104	-2.0380253865380746
294.1571	586.933	0.4389443195999332	-0.8588422571617548
217.1428	445.274	0.7665480364809146	-0.33650902044656783
203.1259	432.799	0.08010131074583687	-2.370232893489388
283.1637	585.798	0.31171878602705905	-1.2039113967591313
259.19	518.061	0.7374789170558034	-0.3622657070663312
243.1568	478.243	0.10937464015887075	-2.0589679536447414
245.1744	489.204	0.4919256723119296	-0.766929554566784
220.0853	307.078	0.145366083571204	2.274183680972318
264.1468	427.312	0.25381258546078567	-1.5738261546617425
186.1006	309.349	0.2441438579274353	1.6064148655870776
271.1638	403.811	0.7385195007377712	-0.38122751474785227
244.1053	270.541	0.24419038516619423	1.5139894471039699
252.1231	524.272	0.4707942970719361	0.8791418138040095
246.1052	378.783	0.6102901539051906	-0.5975020454041493
202.0942	258.073	0.6104037420906958	-0.5865132874381516
216.1107	279.196	0.8989350797194486	0.1354757370287533
214.1311	382.185	0.42088308247653367	-0.9263710192499138
220.0683	183.059	0.46414556999118656	0.8661791076173013
234.084	177.444	0.03695252131435959	3.660717468732579
242.0999	446.851	0.1574391449491586	-1.7678033638571593
218.1268	307.481	0.7002016135647812	-0.4226473244093949
218.1263	298.493	0.20532078220251615	-1.5111420269304712
233.1379	416.337	0.23989880082420922	-1.3794283528495281
192.0743	180.946	0.07861889919002589	-2.3667349535238356
206.0898	182.206	0.15946699541561485	-1.7258396050674454
233.0996	184.315	0.20246877866646235	-1.7734628276494586
222.0676	197.218	0.7651488308254402	0.33251479590434285
232.1416	327.921	0.3030194368795722	-1.2454014992014948
250.0968	298.069	0.021598449014938265	-3.823637997622826
216.1111	258.373	0.6595025551033908	-0.4834253890758217
206.0908	196.264	0.706855597864385	-0.4091028928662539
220.1052	212.29	0.2965099739036427	-1.2681080015545434
282.1201	530.653	0.10397420005143104	-2.441043535879871
238.0951	521.03	0.43730555810775257	-0.927975784942791
278.1259	560.768	0.9685500470906279	0.04195204037639689
282.1166	497.337	0.21337399340415664	1.4907983225540404
280.1425	565.636	0.340235696271693	-1.1298784276441745
188.1165	295.936	0.04609215186071929	-2.861410525714846
232.1052	258.062	0.034454411935812446	-3.192443658984901
230.1629	418.102	0.20035083855109342	-1.5385521711979802
216.1468	370.963	0.12820125723318151	-2.1047526760864947
294.1207	319.944	0.117678851195139	-2.4868057536345924
151.0303	174.318	0.07419218646159681	3.342890086895163
174.1003	317.132	0.5027160327117721	-0.8052642791914005
146.0687	245.882	0.06852670971882982	-2.5165022650649553
259.0457	147.8	0.013613699133010146	6.442124336344039
211.0358	149.3	0.9339568298561596	-0.09034178838738588
139.0398	150.0	0.06647256770358156	-3.034637899227044
199.0246	150.0	0.3480688544011494	1.0874573617393595
153.0096	152.0	0.9165415482721747	-0.11834191874663753
356.0733	153.1	0.6335738572809169	-0.5318279026511308
229.0351	154.0	0.06533328424604597	2.7537113223626055
215.0559	154.7	0.06495060927004044	3.1583291852434923
537.0761	155.1	0.4903450734021426	-0.7730542546799745
169.0045	156.0	0.9480428154503965	0.06980263891901815
141.0191	159.3	0.23950708860116438	1.6484464657290474
246.097	161.409	0.05718433752894352	-3.4654233303922983
261.0965	162.187	0.02319821949820882	-4.313797529240228
195.0743	162.7	0.7768352106283843	-0.3214569569521763
179.0794	164.0	0.031861950624301416	-3.26081120176577
261.0307	164.0	0.49714045367458815	-0.8114170456136454
431.0131	164.7	0.5696947285592886	0.6350279473767002
307.0838	165.4	0.01986836653764136	-5.513832423113757
347.0631	165.4	0.05926812896793971	-3.7352440660931
302.1702	166.147	0.26293939897454305	-1.5083506316039974
167.0259	166.214	0.2477306800900108	-1.5447245263754685
274.1277	168.0	0.011193787895518363	-5.262816692319296
238.0605	170.329	0.5194973562828924	0.746993279824016
204.0734	170.75	0.34274512008923946	-1.0755141537836572
283.0917	173.1	0.3365443516190684	1.2106070503309374
133.0487	173.2	0.536463598939927	0.6996466044744916
220.0684	174.069	0.5499302537073828	0.6712593180876024
169.0847	178.323	0.1796086174339954	1.9314780131156097
290.1226	181.1	0.13791698898819454	-2.2481935461256435
335.0631	181.9	0.219457580896882	-1.472582397174249
162.0643	182.294	0.8545178447657154	-0.20673145985591299
173.08	184.4	0.3750067297690207	-1.0766851776037494
174.1117	188.0	0.13496079779793274	-2.057289151814723
248.0994	188.562	0.014238432360170396	-4.473171458090637
232.1166	189.143	0.04493667259142867	-3.807932719262319
190.0586	190.315	0.09750158752543343	-2.9065567775003096
190.0954	192.7	0.052939732228287024	2.8217763810571936
160.0484	194.4	0.16727493593778958	-2.0024171464089138
146.0691	194.6	0.13956006899488388	-1.8404906880956842
275.1115	199.652	0.5855061191885904	0.6360029173010927
204.111	199.7	0.18608928730716456	1.8200295470265722
175.0957	200.7	0.19847915256954926	-1.7403521819798424
636.0963	202.6	0.34533998901464785	-1.199210385227666
119.0582	209.1	0.31632544568087256	-1.2636294700184776
202.1421	209.444	0.36721351764279386	-1.060509899378433
163.0593	209.5	0.8794887843841463	-0.17076919458056486
267.0968	210.0	0.9704689011578035	0.040915854419247694
165.046	211.7	0.8635435425754259	0.1873139215069475
105.0426	211.8	0.7168553320765583	0.4113766756037208
190.0954	212.4	0.311274607203263	-1.1931058533454044
189.0637	216.7	0.45375354576261495	0.8828243404425181
605.0772	218.1	0.1739457913049344	-1.6517705176239879
218.0903	219.6	0.12709423752102375	-2.2765196915564583
147.0532	220.1	0.6288937304609148	0.5600856409746916
383.1057	220.384	0.0004938433972388213	-13.682917023650145
133.0375	220.6	0.9592556651823297	0.054446012646628884
289.1274	222.2	0.15188733238207325	2.1667106252199195
230.1258	222.894	0.2271887441760812	-1.474314924460029
237.0309	223.645	0.1555103493026603	-2.0488750815776227
133.0741	223.773	0.1318064706802541	2.31547370255047
346.09	230.1	0.10338330977934593	2.3039105643511517
287.1123	231.282	0.07971954520340406	-2.7901348065177505
332.1332	233.2	0.3378175002696318	1.1652648761824556
103.0273	234.256	0.06827496946849668	-3.4095366641438405
332.0743	234.6	0.18978739287414068	-1.850787492029214
141.0426	237.7	0.1806462608983349	1.71487920458546
119.0582	237.9	0.7957355960013426	0.2829838476488858
161.0688	238.8	0.04175438715798791	-3.1009377466545245
188.1161	238.9	0.015491683033436421	-4.133456084314162
273.1325	239.1	0.2756563552683839	-1.3418459828301168
114.0429	239.3	0.04426729504988505	-4.097128811167728
133.0731	239.769	0.052379751519819134	3.819188597731288
377.1335	241.7	0.12570584843919666	-1.9783856040511936
61.0528	241.9	0.12480861019093542	-2.055794347009887
229.1066	242.776	0.005583162341871489	-5.8360035162510115
174.1004	243.6	0.8696124111775516	0.17503460697739806
199.0957	244.6	0.324566758064339	-1.2927029355301038
243.1205	244.978	0.2358894960937453	-1.3936339692056037
131.1422	245.6	0.22246299595686975	-1.7482744866186626
363.058	247.1	0.3676757746902363	-1.0207306336156032
160.0848	248.6	0.030159991845343723	3.5876884452092908
385.1274	249.0	0.9081122571435225	0.12291263218026383
384.1169	249.2	0.4056982653327556	1.0305831460071975
515.1765	249.5	0.3483519986786335	-1.2145630316280847
75.032	249.6	0.4148618525632062	0.9125728707124443
433.1362	249.7	0.09788323856263272	-2.3407551154294652
119.0582	250.3	0.06268196232636146	-2.9054389088834234
188.0797	252.1	0.4416257713585525	-0.9244381602272291
204.111	252.6	0.058633724158921104	-2.887389719859761
125.0242	256.8	0.8852508875594357	-0.16278349570317238
297.0896	257.2	0.5834960788557163	-0.6448751303264809
119.0577	257.928	0.03701409628278534	-3.3200865136302853
232.1059	258.1	0.030630165731948086	-3.376623298738683
345.0474	258.6	0.1900705923714789	1.870222937608756
346.09	260.7	0.028470603978073827	3.355902197338964
244.142	261.208	0.88475512605907	0.15542207544472575
216.111	261.9	0.4901664409194459	-0.8193859539640882
434.2311	261.9	0.7097346424046753	-0.41339391146304333
231.1212	262.394	0.09396906761800237	-2.1982004204010144
243.0855	264.6	0.13720524376931045	-1.8550833125407167
230.09	264.642	0.7135770480234553	-0.39419401049976466
89.0477	266.7	0.5407123549782153	-0.6854830941076752
578.1636	267.0	0.6632882583165045	-0.4792642258244099
218.0906	267.667	0.04010758808640474	3.1324633431570943
446.0604	268.3	0.1803048812866777	-1.7273569907997155
147.0895	268.8	0.3030068812811205	1.25460626892677
246.0848	269.025	0.46691634528526393	0.8907780876144161
217.9885	269.7	0.7725324742146349	-0.3262978753620505
127.0382	269.9	0.30107818678364023	-1.3803962393111533
174.0641	269.9	0.7623973400617885	0.3419059384865314
161.0688	270.3	0.3491812342297642	-1.1665447441035348
473.1659	270.5	0.6747434172340903	-0.45569484991372594
473.1659	270.5	0.6747434172340903	-0.45569484991372594
132.0059	272.7	0.024932007908762432	3.702711824320779
436.1369	275.1	0.15596731581028128	2.1656494148480805
89.0477	276.5	0.37329955786088237	1.0624323704622427
174.0632	277.508	0.9549480268056361	-0.06346849367324796
117.0426	280.5	0.22878232470624948	-1.4598356689899732
145.0739	280.5	0.300770057357327	1.2908048033864863
149.0471	282.385	0.36137324068225624	1.1722091508643802
73.0528	283.2	0.2944003481780897	1.4035270011540004
202.0956	283.587	0.3270725987931567	1.202142503062834
300.0852	284.961	0.012570716112454871	6.101853000405164
59.0371	285.9	0.6589646381500205	-0.48565706201281605
110.0476	287.177	0.24157294653053427	-1.4240222383024976
459.1866	287.2	0.23275220101671107	-1.4116239367522123
692.2316	287.2	0.34893766176763286	-1.082977319717361
611.1607	287.4	0.26634275184951495	1.351149908334095
202.1311	287.952	0.29441332297121037	-1.2341756702465327
193.0375	288.1	0.6349993674893026	0.5168159267824637
232.1059	288.2	0.18926438317049027	-1.7150500915964413
114.0796	289.584	0.12066108695558901	1.970893548464057
145.0739	289.7	0.16556525933357077	1.6937544911421565
176.0321	289.9	0.025179908420463228	3.6626356239007816
232.1407	290.631	0.6866095587609927	0.45077658526882575
147.0532	291.8	0.7319401194563138	0.37269615721768423
243.1204	293.71	0.26250426730565535	-1.5303369277027692
328.0794	294.1	0.22040477299727881	1.463764204293078
190.1066	295.3	0.06354880595747463	-3.427514061908539
458.1203	296.3	0.17188800111034044	-1.6621312447431222
206.0428	296.909	0.18980894554633096	-1.914009250174827
167.0582	297.2	0.590564118675402	0.6145822843208452
188.0797	297.4	0.026927644422598804	3.5065963037211914
232.1059	297.5	0.09744760452618384	-2.9641605499807677
75.0684	297.8	0.8198050325124884	-0.24593609380238846
145.0739	298.0	0.44291320526006356	0.9463448893947394
306.074	302.5	0.05896666047490205	-2.6187061084788077
175.0842	302.598	0.7995602645273835	-0.2733945259166514
101.0477	304.0	0.17656045319884556	-1.6963950618286705
165.0423	306.019	0.13496611884211804	1.8985883516439745
151.0494	306.1	0.030849825411571528	-3.8894827396654836
360.1321	306.2	0.412053083186667	-0.9377836735417016
330.0951	306.5	0.22763409722224137	1.5070173384956267
127.0625	306.5	0.7602872534461634	0.34626391192704054
282.0344	307.3	0.040642670102781456	-4.063886659047711
117.079	307.4	0.2781531272005304	-1.3108411294765812
87.032	309.1	0.9156694333676225	-0.11809031107393266
223.0481	310.5	0.07168739327701532	-2.87784680689691
245.1369	311.168	0.06707001761346937	-2.535276349343595
226.0582	313.187	0.6671605535797076	0.46451054281013365
103.0633	315.1	0.0820050844086618	2.32004670071375
216.1113	315.16	0.19087357398130286	1.6334567248337626
230.1259	316.57	0.834181858432197	0.23596564098010983
174.1004	317.1	0.8073937201837343	-0.2725176000725532
129.0812	317.542	0.6472663916485548	0.5171738565382696
129.0426	317.6	0.6751491117622722	0.46863295195307797
101.0472	318.468	0.030140964982613146	-3.316189449052343
314.0638	320.3	0.12433460775727558	-2.464125063012231
136.0385	320.5	0.08777085388671507	2.2490021294786673
135.0354	320.5	0.09374124379279616	2.1895493206946828
342.0951	321.8	0.329130523054434	1.2783398118760307
175.0847	321.972	0.004856804982081208	5.759136018225243
176.0909	322.1	0.002747569870920114	10.398043833006994
244.1047	322.119	0.11217100209660852	2.648102772231539
326.0979	322.694	0.007524566200403666	6.350379192248552
259.1525	323.032	0.04776706472535448	-4.060468409113406
244.141	323.247	0.09032127813254488	2.601976115781681
254.0725	323.6	0.3459580002685782	-1.0946508948854201
293.1384	323.989	0.1483124744669287	-1.9911777249643934
87.0684	325.6	0.21418433097688647	-1.7660841657216209
174.1004	326.4	0.2099769808483855	-1.495027201655057
216.1112	326.487	0.2670112454594758	-1.3596374783355563
220.0848	328.7	0.9958744366719693	0.005674678031448906
73.0528	329.1	0.2889906630370543	-1.4195849706613162
616.2241	329.1	0.8777315941288939	-0.16981810671871916
456.1626	329.5	0.024429057652555385	-5.729475547428103
232.0042	331.3	0.043848832814314516	-2.9072917044039475
236.0797	331.8	0.009429440271776742	6.403358599001677
237.0862	331.8	0.0035740156520664293	6.313773455393811
492.1115	332.458	0.241284980597643	-1.4952182993478866
72.0687	333.6	0.16297221130611964	1.9366866493235042
175.0841	334.043	0.5654367647758902	0.6577847543538285
218.1262	334.201	0.3015840682020176	-1.185215406989302
115.0633	337.8	0.04536879803653682	2.951383785550263
206.0427	340.382	0.4032613860622475	0.9339289429861659
255.9984	340.5	0.07415692820214564	-2.7617616679369825
230.1263	340.572	0.41223315645899694	0.9230004394002266
172.0856	341.09	0.2713121283525	-1.4581438868184793
185.0324	341.4	0.0202570815945391	-4.171047867656697
176.095	341.7	0.6682831715369159	-0.49695642851348215
439.2392	342.4	0.17256744828260184	-2.0626014727143684
216.1111	343.315	0.915451028472773	0.11327409602079701
181.0375	343.5	0.17995944219664578	1.6353310222516948
244.1046	345.245	0.017199958845839202	-4.073703195829128
208.0841	346.203	0.1244929208484084	-2.0231486476973983
325.0798	346.4	0.16289655549094434	-1.786225231215205
325.0798	346.4	0.16289655549094434	-1.786225231215205
260.1358	346.433	0.11892945745845963	-2.205416545784335
426.0879	347.1	0.5411656258787023	0.7191116080563947
125.0955	347.438	0.16608664773304424	-1.8208923481579633
198.1368	348.5	0.46270990103627485	0.8939563609670038
642.1432	350.2	0.4985055425569624	-0.8086559207125374
640.1428	350.5	0.6735632978920851	-0.4779888263239268
117.079	353.3	0.6341665388147243	-0.5211237992495373
234.0852	353.4	0.7036847788781109	-0.43150507511036695
149.051	353.8	0.6358297806183714	-0.5522054025279236
139.0382	356.6	0.08189145344929101	2.7983244955077624
103.0633	357.4	0.356778185908261	-1.1117040620345302
73.0535	357.803	0.21207338559744512	1.6518377382133587
112.0273	358.4	0.9872691599807448	-0.017765635983166442
216.1118	358.866	0.5403271947716182	0.7165787304842559
214.1311	359.641	0.6140420119315146	0.5463872825997619
266.1263	360.662	0.0698293844075439	-2.7218194854856037
131.0582	361.461	0.7674512553701609	-0.31984313030195416
110.048	361.729	0.011141322241411854	-4.543347309338091
188.1168	363.41	0.21201437004290538	-1.5321986490296946
184.0736	364.1	0.3744029802109476	1.0170750272464752
230.1269	365.044	0.05587762063284881	-2.6719379591524315
166.0266	365.7	0.1938932601254411	1.582639445416682
204.0899	366.1	0.005627064570180158	12.895614487326442
220.0848	366.2	0.010213497383811547	5.364502450475444
355.1547	366.4	0.21808179444289863	-1.5987213077173754
433.1129	366.5	0.1833093645618087	-1.6873767357252993
354.0577	368.8	0.5060520436991551	-0.7614987535867128
381.9995	369.5	0.45153544583452293	-0.9077493983270828
248.1161	369.7	0.9714869380597988	-0.04017416128818058
345.0421	369.729	0.296090215174718	-1.265834103747162
114.0317	371.1	0.6036324011836016	0.5783351923528374
248.0562	371.7	0.5440378677113313	-0.6622201971906059
70.0531	372.9	0.5058147781045468	-0.7994111270081421
70.0531	373.1	0.5058147781045468	-0.7994111270081421
300.0845	374.6	0.12407079868308048	-1.9670809584196127
222.1004	375.1	0.4300414665727839	0.9317359057748441
187.1208	375.4	0.6774400601533586	-0.4803476387892538
275.1474	375.473	0.1722472132736737	-2.08366041479568
230.1257	376.257	0.5103654555516474	-0.7292441694592126
137.0841	376.8	0.4141610683156395	-0.9946815459497157
260.137	377.009	0.8998659708893797	0.13425963281888753
281.0899	378.1	0.037661603022275725	-3.059987825641789
195.0895	378.8	0.15030406132949428	-2.082104769650496
117.0787	379.406	0.043917494992515245	-3.841177793353063
128.0473	379.7	0.2601408409838663	1.3450538635011036
259.1208	379.7	0.7840793617693611	-0.2948149757625493
163.0667	379.7	0.6335895107157328	-0.5349789869390084
337.1147	379.811	0.14475995288647522	2.204227562610853
167.0582	380.2	0.2620257471472785	1.4907976266280516
205.0493	380.653	0.33743917528370726	-1.093577361696853
302.2067	381.699	0.5997563076934092	-0.5736833584422781
381.0686	382.9	0.9416485161586189	0.08198082994527099
300.0845	383.1	0.41155957774944996	-0.9865327457984495
126.0317	389.5	0.6064651079064385	-0.5847150765094856
260.0467	391.0	0.8879328382729115	0.15017883069487956
311.1718	391.265	0.3454026505797951	-1.1676107508769693
231.1324	392.1	0.1659853547277643	-1.691580686379544
165.0426	392.8	0.5774654943139985	0.6337568475569503
297.0449	394.318	0.6818513135707565	-0.46558783786098834
246.1328	395.7	0.8878414183313535	0.15110027118561944
151.0633	397.7	0.035631553200497525	3.884266522202978
72.0263	398.206	0.16353626493248907	-2.069936602564062
212.1159	398.7	0.6257089906342338	0.5530666344348875
286.0477	399.0	0.20400086811772133	1.5622318325165132
101.0835	400.073	0.02815448491027426	-4.518764158939682
142.0258	404.813	0.6531117752532192	0.49416203264552994
228.1479	404.907	0.47218976437133775	-0.8101898293441616
326.0988	405.567	0.027498728384257917	5.775511686342224
131.0946	407.0	0.6313390161150341	-0.5605867670875272
153.079	408.5	0.5842751723845498	-0.6455510972126961
522.1373	414.6	0.6252498164171665	0.5650207386220703
519.1133	414.8	0.5513753022509986	0.6499424691993216
480.0904	415.9	5.209729737468039e-05	22.749071220233365
126.0317	416.0	0.15652590550929907	-2.2132361843980597
340.0794	416.6	0.4079554716735479	-0.925172787606256
261.1327	417.541	0.22868503298393453	-1.4372026241015847
101.084	417.963	0.8263879208760492	-0.24540578429239707
240.0238	418.5	0.13579167641331605	2.2502480079046623
243.0855	418.7	0.04863415805684785	-2.8388172270737964
275.1469	420.028	0.12310288815957983	-2.33346008064771
281.1124	420.6	0.5876063398349203	0.6396423535148857
386.029	421.5	0.4947974926518327	-0.7607585796306133
228.1473	423.032	0.1629233306486075	-1.7644237006607109
179.0946	423.1	0.005471445897333262	-5.461501822917912
286.0477	423.9	0.039444609673009175	3.151265943363516
286.0477	424.0	0.03246969990244156	3.4783369670969306
283.1281	424.3	0.0026260795932209705	-9.018162833851083
142.063	424.7	0.2619228607304788	-1.5189948616602
234.1368	426.1	0.1732067512850752	2.003805834668098
149.0477	427.7	0.0014022311082983463	7.9083779954075215
179.0946	428.6	0.7410955550371139	0.3689604562395245
135.07	428.952	0.3289524553076341	-1.1826144549377808
126.0317	429.0	0.5637653575785022	-0.6290705763581381
127.0627	429.589	0.3024954587168443	1.3483288717844821
168.0423	429.8	0.16983211873623272	1.725089960614588
168.0424	429.865	0.21209713935795865	1.5485188164481567
304.1383	434.3	0.6193514406591181	-0.562033791826389
117.0794	434.474	0.1342048406378022	-2.4101520520504556
237.0862	434.6	0.0937585489610214	2.4990799477539283
114.0308	434.715	0.15312378982222868	-2.171555731971208
146.1055	435.6	0.013565066884033286	-4.634145855052975
638.1119	436.8	0.9563379900230964	0.060390083250089606
143.0924	438.718	0.9069835357642955	-0.12460262186936483
138.0317	440.3	0.3432683397053627	1.1585100479265946
149.0477	440.3	0.010877223247652104	9.072341362682193
180.0786	441.1	0.8847747199297835	-0.16346843904256642
320.0896	442.6	0.4290922340160416	0.9767518833850518
162.0351	443.0	0.3419476130731822	-1.1271141559669344
117.0795	443.646	0.04078321031508767	4.2783981769276975
217.1426	445.3	0.9503893835732045	-0.06658087006936932
121.0528	446.8	0.10963166145224368	-2.0875872383724965
181.0739	447.2	0.5530171439574608	0.7033114817043731
228.1478	449.338	0.5967752397039666	0.6036511652918699
130.1218	449.4	0.11503165139242219	-2.0125876515841314
208.0736	449.6	0.885212709832462	-0.162840320722014
276.1586	450.3	0.6049263582099071	-0.5607387660011689
182.0579	450.6	0.20117358117615447	-1.876956999899546
217.1426	450.7	0.5009637191335239	-0.795908106254383
245.1385	451.9	0.19485852062701217	-1.5558506029287127
73.0888	452.519	0.44785861166774293	-0.9342237826884628
210.0528	452.6	0.8842318976514709	-0.1642450632862829
346.1165	454.5	0.031793994997261724	3.2588636528232215
320.0896	454.9	0.43398331197532525	0.9607985287007974
132.0899	455.6	0.17218377625924156	-1.8878706072886062
321.15	458.254	0.8101666595031078	0.2577798211740521
167.0582	458.4	0.99047887290118	0.01270482345662802
33.0215	458.9	0.7094963482654895	0.41949454900747335
152.0473	459.0	0.016746858603392853	4.086094593516539
182.0579	459.1	0.593136320213518	-0.6295436544848501
129.0541	459.586	0.1980120617973037	1.6801046369939254
351.1703	459.6	0.8843032715993038	-0.16414815690863155
260.0321	459.8	0.20843259586063542	1.6106873965658683
135.0677	460.236	0.7294776674960952	0.37468035651872345
161.0477	461.3	0.30654479061061596	1.359629847944259
165.0426	462.0	0.26954811357819836	-1.287523413569489
370.0339	462.508	0.1761751539837067	-1.6427547224038266
322.0689	462.9	0.13369799104020083	-2.4525127858333833
154.0266	464.3	0.4612511069168632	-0.90349957106822
320.0532	464.9	0.09592153703353389	-2.8081517981449515
256.1099	466.1	0.5471632015743078	-0.7125202172272096
152.0473	466.8	0.2836009392300395	-1.2872887840052374
153.0538	466.8	0.7876613403346838	-0.2923128128425199
144.1369	466.857	0.36442878720316624	-1.1486783734300472
203.1255	467.146	0.315541826431784	-1.3011370715275445
189.0424	468.206	0.004578709082778081	6.414062511157903
114.0314	468.229	0.9299830355625118	0.09407030448427939
243.121	469.29	1.0	0.0
222.1004	470.7	0.8400004255447495	-0.21646379563964835
244.0695	472.6	0.9229099887211084	0.10359070190971148
168.0423	475.2	0.5569763064995197	-0.696074199072904
375.1682	475.2	0.8850623407495318	-0.16305579176267754
346.1165	476.0	0.8848495571205643	-0.1633607770087745
146.0844	476.8	0.004924090156348451	-5.6473716827087745
268.0997	476.959	0.09522132303222637	-2.4884239384937157
267.0968	477.2	0.2608487055743881	-1.434624547434172
253.0811	477.2	0.21632479897581966	-1.5800982546846336
252.0746	477.4	0.5588513795375457	-0.676026780356022
328.1543	478.0	0.20989567981426294	-1.6660283379768361
180.0899	478.3	0.15394586026967688	-2.036712546021258
270.0528	479.5	0.9892011577849968	-0.014557780925505092
207.0893	479.701	0.678238567747541	-0.4466567410715934
138.0317	480.0	0.029023079119428374	4.077695900713384
141.0902	480.5	0.7067228253939131	-0.4267105025455839
175.0633	482.3	0.5539066816607439	0.6652553876196476
506.1002	482.9	0.6469609669332972	-0.49438698842651524
189.0425	483.125	0.1691802191080813	1.863411207514064
218.1267	485.3	0.7887275338651789	-0.28963332486814636
187.1685	486.4	0.16893986508583353	-1.957144161461899
501.1972	487.7	0.1724000653856238	-1.6620475591188246
251.1018	488.6	0.8837500515755792	-0.16494528636732
111.032	488.9	0.08317953896119071	2.3739917457933757
133.0528	490.0	0.10614976098731196	2.0979456682629474
170.0579	490.6	0.25652634957634474	-1.5489424286776992
232.1212	491.3	0.936289002013353	-0.08974652044717582
434.0767	494.23	0.8843137728823486	-0.16412784147492065
194.0579	494.3	0.35923686583886066	1.1650570655819534
168.0423	495.2	0.8846144204382208	-0.1637001493956229
564.1115	495.6	0.3307867685718875	-1.209669453384358
178.063	496.4	0.39632461903374866	-1.0086316709542564
164.0473	497.6	0.0020990944014617676	14.744060424314112
277.1161	498.193	0.41225127097251957	-0.9765140352809364
148.0524	499.6	0.10467531317126028	-2.3202166559413757
175.0633	500.9	0.00032088393150330006	14.420423816574958
356.1233	502.1	0.900988872126513	-0.13762840791741957
550.0959	504.1	0.05937457169079556	-3.4848453889074755
60.0688	504.438	0.19642030767893878	-1.770517118404054
188.1525	507.3	0.08211709012280434	-3.21224839340416
161.0477	508.7	0.0011132353610448851	8.372577907992296
195.0756	509.1	0.9090659325115888	-0.1216933968942866
109.0528	510.9	0.8845782632353538	-0.16375192083662024
74.0848	510.922	0.395070066584721	-1.0198498421954894
182.0579	514.928	0.28677818232918867	1.3044325665782726
336.0845	516.3	0.03878320997048063	3.0638939043805085
99.105	516.567	0.3785275725228203	-1.116024023476059
336.0861	516.692	0.14156212191349182	1.8444129819640351
281.1124	516.9	0.030788182645047332	-3.544743119237427
272.1049	518.5	0.35566452369081986	1.0538609696007069
288.0634	519.9	0.8841987175402147	-0.16429600568003988
288.0634	520.4	0.8840074942224747	-0.16457163927906066
175.0243	521.1	0.7596773465921919	-0.34161469833391805
434.1213	521.3	0.1343422972591503	-2.438528116142701
434.1213	521.3	0.1343422972591503	-2.438528116142701
239.1018	521.6	0.022451275786738573	-3.8046700140970624
183.0354	521.7	0.4962176527538224	-0.8243737429830257
135.069	522.477	0.28864629952772974	-1.2296995395607102
222.0892	526.9	0.8849919814640537	-0.16315727888631015
246.1011	527.335	0.049842464413602086	-2.8013876184830018
176.095	528.9	0.7519271230692673	-0.35645732919818446
325.0979	530.122	0.8701966616141474	-0.17651126826179422
186.0681	531.0	0.564285578888724	0.627961465920001
138.0681	531.3	0.17821318523735874	-1.9019928526194538
180.0886	531.634	0.02020397438018034	-5.736465239688913
180.0899	531.7	0.7727569842162775	-0.3234750738572597
252.1105	532.021	0.7927523510593918	0.28575333032068845
318.0376	532.6	0.1691843891888185	-2.109893393410852
192.0786	532.6	0.43368476359376823	-0.9714934478998093
580.1792	533.4	0.9759476337287776	0.033980293368620865
128.0473	533.6	0.2439217668820396	1.5769650789302716
239.1018	533.8	0.17591915844605222	-2.043733174400487
504.0969	534.633	0.3180878149015971	-1.140520667734224
133.0528	534.7	0.45648924875219293	0.9042900437847008
210.0528	534.7	0.2269690304247388	1.5901380669996041
152.0473	536.7	0.034495319285877485	-3.6737540961427757
360.0845	536.7	0.5955011011610958	-0.6236882942359211
346.0689	537.1	0.13458259050989282	-2.425879698113911
184.0372	537.8	0.2030605624048304	-1.5461045535754145
239.1018	539.9	0.8529541251563993	-0.19799866881935452
196.0736	540.1	0.7577729199638708	0.3340956004539741
134.0732	540.5	0.6749862052134936	-0.45296569729850306
208.0848	543.2	0.009546607273215432	6.523202295853785
135.067	544.288	0.7181640553488222	-0.39595988396713805
154.063	546.6	0.8844269236135505	-0.16396808413946756
274.0841	547.6	0.819448576765377	-0.24472474472330455
164.0837	551.3	0.44001102960975746	-0.9558336411570111
224.1036	551.355	0.3098814177031815	-1.318711349734569
124.0524	551.4	0.07062998228049093	-2.4530351825146295
274.0841	551.6	0.2658618607537698	-1.383156294209213
140.0473	553.9	0.33149029922323525	-1.2707818660712973
180.0423	554.5	0.24697707976092115	-1.3767221272084456
186.0681	555.1	0.9084071375429228	0.12442170632774631
268.0736	555.6	0.8973620168173964	-0.13995746955663912
138.0681	558.0	0.8022504977237508	-0.26898371391056625
138.0681	558.0	0.8022504977237508	-0.26898371391056625
352.1787	560.3	0.5945133782179091	-0.5783706937213249
181.0739	561.9	0.025060443800342863	5.517434038080168
111.0433	563.8	0.8846465841444541	-0.16365371836292872
434.1213	566.4	0.061079217951652796	-3.768134061408384
328.0947	568.0	0.2945709300359731	1.3638006962157627
94.0419	569.0	0.336424806439376	-1.2445279089533234
182.0579	569.1	0.35959567064876924	-1.1784044020296505
332.0532	570.5	0.367941758433372	-1.0769467881161738
418.1264	572.4	0.35389262520396864	-1.0628395717737165
128.0473	574.7	0.8853651617002465	-0.1626157646077576
208.0372	575.3	0.8610260145707849	-0.18866975885252327
418.1264	578.2	0.31953346422575846	1.2791455782130026
154.0266	580.6	0.8533634536143744	-0.20227586492298807
390.129	584.336	0.25581504647299363	1.5625982158450002
151.0633	587.1	0.32519442156538586	1.1576026117619356
110.0467	590.127	0.3023261944174842	1.1882988072290375
152.0837	591.287	0.7883184429319698	0.303542162175831
153.0426	591.5	0.0010627266782319304	-8.893290470046253
152.0473	591.6	0.0029637279824222657	-7.755164468146957
322.1681	592.4	0.8848186944550704	-0.16340750607681825
110.0476	601.167	0.3675274302278551	-1.0150632407268363
166.099	602.479	0.3564836887929022	-1.1175090951732076
154.0266	605.1	0.12330923924836873	2.302069089928002
180.115	606.1	0.32705932248110303	1.2099007418629797
234.0528	607.8	0.3474100449752558	-1.0685484062025912
221.0913	608.2	0.391428421802046	-1.084592923883396
278.1271	609.534	0.6099494136597803	-0.5681696013707199
223.083	609.882	0.8335324622213709	0.226582532052277
222.1004	610.0	0.7690109155983358	-0.32003411482963856
336.0768	615.898	0.7736344086771236	-0.3281633371763847
164.0837	619.3	0.6828536416172957	-0.46325102457308664
180.0423	620.5	0.6733366028329915	0.4656287822369499
152.0837	620.7	0.05035230121738404	-2.769845897511897
278.1258	623.391	0.280132935773611	-1.2730252207990975
237.1003	625.505	0.8173794266489072	-0.24657626788039277
288.0634	629.4	0.6079729337178648	-0.5985476563844992
290.079	635.8	0.22049034729036887	-1.6505610256597203
170.0732	638.8	0.1752007331365691	-1.8506774042587886
204.0423	639.9	0.19611588076128958	-1.9105022909173555
178.0266	642.2	0.0017852982653781813	-10.153557393739828
145.1579	644.5	0.13563091816177364	-1.8776077662245731
308.1049	645.2	0.04604406344591309	-3.479272232685709
330.074	655.3	0.019026225462571128	-6.448222173546908
328.0573	655.338	0.016744881042512625	-7.103603912970099
244.0736	657.0	0.2038924266315492	-1.633108161605933
179.0931	670.298	0.612688660952581	-0.5866606453066764
272.0685	679.0	0.8453549630350292	0.20976457336727025
272.0685	679.4	0.9607257609209616	-0.05487926029597242
140.0473	684.5	0.5678255044865306	-0.6770898663742305
150.1045	686.7	0.716004735305412	0.39320856601983223
234.162	686.7	0.34961317518024254	-1.1207491076093552
110.0368	692.8	0.6502002487502128	0.5071227658391907
270.0892	698.8	0.006401450287319293	-5.593716447890673
136.0524	699.0	0.6000440266313296	-0.5789833167649389
168.0283	709.5	0.9613979651069524	-0.05237254938971489
73.0164	212.6	0.40715276777100273	-0.9475949670016499
117.0426	212.6	0.9378379950229341	0.08329449447592063
117.079	212.6	0.28178763131481727	1.4571191057272939
133.0739	212.6	0.657563886493483	0.49195656657968195
234.0852	212.6	0.9584989768623922	0.05550335030008951
505.0846	212.7	0.3441470284543828	-1.1229569120428942
183.0532	212.8	0.27726008418533643	1.3786246767839325
155.0219	212.9	0.5765288811126708	0.6112421033635673
190.059	212.9	0.6884720723842963	-0.43326529665563845
191.0794	212.9	0.8732734980754242	-0.17262800520985477
188.0797	213.2	0.7289772509239789	0.3732558873193581
188.0797	213.3	0.7354402337754216	0.36383810244114373
268.1017	214.495	0.49575133082414613	0.7560374185255209
129.0781	214.654	0.22007896278812403	1.6386233693113317
129.0426	214.7	0.12923156332955105	1.9422699232381333
195.0532	214.7	0.9362882072853934	0.08653325559379707
230.0903	215.1	0.5748356675248021	0.6251482819648198
74.0004	215.4	0.48001215509053125	0.7854679293639993
153.0426	216.2	0.46415245428299856	-0.8458884280891206
161.0691	216.657	0.014867353658487072	7.163495095618502
188.0797	217.8	0.050215675739990175	-2.798204106012211
156.0535	217.9	0.2533072891382225	1.3333749506505854
106.0266	218.0	0.17889534153664058	1.6812181503041232
235.0481	218.9	0.8634086254122362	0.188642942133402
183.0532	219.3	0.27398294308276444	-1.481943598103241
61.0164	220.0	0.6769790318196431	-0.44894250330143926
239.0794	220.3	0.6202579066323322	0.5405768053133131
89.0113	221.9	0.6037220612929	-0.5640155284975835
190.0477	222.1	0.1364116959971027	2.2446317910245304
172.0372	222.2	0.8642036839069973	0.18703785016198754
123.032	222.5	0.25337707994887915	1.3331436555323717
104.011	223.9	0.008780056975317724	-5.162130291683214
187.0481	226.5	0.5142080355762688	0.7151490608187234
147.0531	226.682	0.9696074387641644	-0.04143282823616986
174.0641	226.9	0.36114560655039557	-1.0541788857830763
195.0532	228.4	0.4200301197794941	0.9772576604046763
156.0423	229.1	0.4891232579621219	0.8215481956989679
253.0223	229.3	0.21313421789297865	1.5157952460351258
175.0593	229.3	0.7367616353194785	0.38435220984168994
188.1161	229.5	0.3546816484134821	-1.1211317903919282
203.0794	229.6	0.21200218495591974	1.8097813569387202
158.0691	230.0	0.3476493264571969	-1.077214851317756
197.0688	230.0	0.33115327272984263	-1.1052733756780793
219.0883	230.79	0.5192661717670891	0.7671818993031518
306.144	230.8	0.4207348953554941	0.9262322098014122
159.0532	230.9	0.31581099402667906	1.2671299023749836
187.0475	231.161	0.16002133242421196	1.7929894716248416
174.0164	231.3	0.3561404660992594	-1.1211304715321861
219.0743	231.3	0.14413237395075754	1.8827913068924822
117.0426	231.5	0.19638536381192134	1.5618303314281168
127.0633	231.5	0.10879333918529442	2.088758019638225
174.0164	231.7	0.952291536904964	-0.06504933299938563
322.1199	232.7	0.10724447364944537	2.593106722142374
212.0321	232.9	0.9543939489724264	-0.06085614993413237
483.1502	233.1	0.8893755916301126	0.1489389183636473
181.0739	233.2	0.3726763484069056	-1.024846947831676
149.0688	233.3	0.17674094600575804	-1.678773963243144
202.059	233.6	0.018251505194046173	4.055315197246534
166.0477	234.2	0.8286836873632859	-0.24037394486563818
145.0375	234.6	0.3386080012791109	1.1557865515252232
88.016	235.5	0.5517603232663069	0.6498822349554878
151.0628	235.627	0.7614197357014483	-0.3252215523631696
134.0215	235.7	0.04816751636765495	-3.0104033596156445
191.098	236.9	0.25324114008686693	1.3335889635117295
76.016	237.3	0.22350484956250605	-1.5445216271292126
223.061	239.7	0.12050912249445593	2.2250897744720866
146.0215	240.8	0.30323778169338644	1.3567829502043696
90.0317	243.0	0.2741639185102684	1.4025995464118397
130.0266	243.6	0.09284051159240338	2.280626692099994
206.0427	244.6	0.5470115530453052	-0.7008817154348906
189.0637	244.7	0.01744751303824027	3.913400186540288
147.0532	245.08	0.274711841860653	-1.3823529411764675
147.0532	245.3	0.7830152164570249	0.294762538450526
157.0375	245.3	0.01575767995814163	6.79010571619744
192.027	245.9	0.022901869339645248	-5.743814244070126
129.0426	246.0	0.40986366894883974	0.9555413906140228
159.0895	247.8	0.40379001510795703	-1.0293521301411364
183.0532	248.3	0.18978089498320727	-1.6882054641354425
217.0586	249.7	0.19462246773011208	1.5999157812304547
173.0688	251.1	0.7762992724787237	0.32162966992379294
139.0269	251.5	0.25317124352989334	1.3338304079004348
90.0317	252.6	0.2587246151948454	1.4510403373133467
113.0477	252.7	0.009906830758368575	4.873903131243157
163.0845	254.7	0.22384684034832805	1.4595204228666996
268.1059	256.1	0.48341766956066695	0.8073460352788521
258.0852	256.3	0.9823831488500784	0.023540948842149325
198.0528	256.7	0.5219894244892753	-0.7055444299701037
143.0219	256.8	0.5452483016725197	0.6774383508863082
145.0375	257.0	0.8037571088351392	-0.2766860612351866
189.0637	257.9	0.11056725776781205	2.059038353240301
172.0484	258.3	0.32178965181697994	-1.2985310177007665
192.027	258.9	0.28204415881597644	-1.3148354417884214
216.0746	258.9	0.8952217981849072	0.14070051101842154
300.0845	259.1	0.7769475066192902	-0.31308129700989223
248.0797	259.4	0.25334979283210146	1.333230291933176
344.0743	259.9	0.14254498575853405	2.355761982820758
195.0532	260.3	0.1811910503541153	1.9342976906668694
212.0321	260.9	0.1160321521328036	-2.0311639043032717
160.0372	261.5	0.04906056778257574	-2.7973521235824
146.0691	261.6	0.7553288949669581	-0.33562444971451455
134.0328	261.7	0.2851942208907746	1.3017039879079215
132.0423	261.8	0.0255935004875774	-5.337890699721159
171.0895	262.5	0.2938716027873485	-1.393539800159469
131.0582	263.2	0.346665506060933	-1.09640642855485
104.011	263.5	0.11701356269439588	-2.175115914081089
131.0219	263.9	0.5424055868460264	0.7103972201783607
143.0575	266.138	0.07247333034536887	-3.383891187498801
134.0579	266.6	0.13479870995248955	2.200635893675965
199.0845	266.8	0.07692758399512704	2.8347007125214256
103.0261	267.305	0.6227818157379595	0.5568846988355077
226.0477	267.7	0.8481789618895378	0.2108040844360177
180.0423	268.2	0.7385143131104438	0.358019625190284
170.0215	268.5	0.016098684979606898	-4.166252139793008
104.0473	270.9	0.3275489769590075	-1.2601023692411288
206.0427	271.2	0.937140526732813	0.0839819570663587
104.0222	272.2	0.3615754533108362	-1.1486720310113034
270.0729	272.8	0.9437352371173784	0.07674277550241634
147.0895	272.8	0.7403325307001871	0.369797013809998
171.0532	272.9	0.13445297966159428	-1.8792368335630576
162.0528	273.5	0.9882767976660113	-0.015870204279117447
206.0427	275.6	0.5482090197164381	-0.7029938442806941
201.1001	275.7	0.5238523242499548	-0.7452701830109479
159.0524	276.752	0.12413517076785927	2.4162152693391357
132.0059	276.9	0.7204860936174413	0.3856666410723708
378.1274	277.0	0.1655188768989322	2.133200515633511
187.0845	277.1	0.22857842502546966	1.4202413059787533
143.0575	278.111	0.037508064712848094	-3.3778876954578747
198.0528	278.5	0.7620505321154569	-0.32426729255461634
130.0266	279.1	0.5158620012326481	-0.7132118336594125
131.0582	280.8	0.2512410047935655	1.3637211051234313
148.0372	281.2	0.0011817073324893483	-9.392813589011917
88.0156	282.434	0.98547872929152	-0.01972095071078475
87.032	282.9	0.5659094445364922	-0.6445574857498593
104.0473	284.2	0.33401339845548167	1.197885141403138
102.0317	284.9	0.434150574727961	-0.8825982386970489
268.0551	285.9	0.16734149279848748	2.055370767910179
292.1019	286.0	0.011946572109208612	8.907636884684392
130.0266	286.6	0.7947536622251254	-0.28043240353654164
143.0575	287.697	0.03615917633008873	-3.138505594796743
146.0579	288.3	0.27783770557155785	1.3562535618176932
165.0457	291.545	0.4317776430323656	0.9601042470236059
294.0852	291.6	0.1601859001027774	1.7219423481114617
104.0473	293.9	0.34467733137704004	1.0982346687359557
234.0852	294.5	0.25329654403660345	1.3334119289795445
173.0688	296.8	0.8418251712685147	-0.2202453234060964
778.3466	298.7	0.11773747874673221	2.1986875948747637
119.0582	302.0	0.6411330389244192	-0.5060300454346374
87.032	303.0	0.9156356362398079	-0.11782552236219172
60.0211	306.2	0.9821484237697473	-0.02400283321947982
147.0532	309.1	0.12398120276386854	2.2872756038557034
88.016	310.0	0.43289175337463026	-0.9550524681143273
130.0266	316.5	0.2678739699280832	-1.4927825331070554
118.063	317.3	0.8399895601047969	-0.22334315002848817
123.032	319.1	0.19599928117490184	1.7303910878884023
116.0473	319.8	0.03633838266771784	-4.280542512273963
130.0266	319.9	0.14422064418146466	-1.8836397581398305
146.0579	323.3	0.15492722733972514	2.1625391352523837
244.1055	323.344	0.3599255291730147	1.1027060996389728
229.0586	323.9	0.2776702419282331	1.3665005455954218
163.0481	327.8	0.3204396190352217	1.1417648439841264
129.0426	329.5	0.4165611664925268	0.9510811969075909
84.0211	332.5	0.7400209959804923	-0.3751976259743928
145.0739	333.258	0.3238631242358328	-1.2291111771171421
223.0481	333.6	0.5187422441971603	0.7692132341545339
138.0429	333.7	0.6211459057081525	0.5355982538656381
249.0601	334.706	0.2602949132032537	-1.3124376444527033
229.0586	335.1	0.07394702750326689	2.4221305084360516
175.0481	340.2	0.0004375966564630868	36.20514583433336
625.3033	340.6	0.5227753038440311	0.733626003629151
177.0637	340.8	1.92301177648858e-05	23.584358591679752
145.1103	340.9	0.7121829154327939	0.41869498444871256
588.2948	345.3	0.6739166956082807	0.4638429336463888
73.5253	346.853	0.29322491796018074	1.4052501162565327
153.0426	347.1	0.41366518690826765	-1.0136469551971208
132.0423	347.8	0.2187384131127602	-1.4590793604041388
132.0418	347.951	0.7843462706274565	0.3016560576107783
179.0582	351.8	0.19655223721761633	1.7754817558344764
160.0736	352.4	0.016505256390443934	4.2651179863538315
180.0423	353.8	0.5972228751330138	0.5748295373389694
148.0008	354.4	0.9721988424818784	0.03714949733432163
102.0317	354.5	0.3275686833110078	1.2092550892217926
131.0219	357.2	0.17088750532329056	-1.9001553875811656
564.2279	358.0	0.41271036917862275	0.9455781949663641
72.0211	360.2	0.4049080847798824	-0.9930605243923961
176.0321	361.8	0.9250298546209681	-0.10427013345120208
237.0637	361.8	0.5729803612857202	0.6132293167450881
74.0368	362.4	0.13124566909450142	-1.9398422474239823
261.1209	370.239	0.016016521552545418	5.363763125336056
153.0426	370.6	0.6285805638215816	0.5444390634846249
172.0733	370.864	0.009166699772642964	4.885055949074428
252.0602	373.9	0.08928694832316779	-2.989340214911933
191.0419	376.387	0.6065858967988698	-0.5850708773356286
153.0426	376.6	0.17299337963607206	1.8097444154063007
132.0059	377.7	0.13031787241810816	-2.085056979538023
496.2607	377.8	0.8120215923464122	0.26251819270347276
138.0317	379.7	0.2837153805873942	-1.4306036042627877
278.075	379.7	0.5716415653800195	-0.6389839716059644
226.0954	381.2	0.2735882130390532	1.3436424672629514
368.2199	383.0	0.04535601146035474	-3.8622563383361808
161.0343	383.251	0.15370386534629615	1.9853282462561057
137.0469	383.392	0.9533431171751319	-0.0638180968669901
161.0324	383.4	0.20112051390556793	1.6278493508389689
166.0266	390.9	0.1893013605725236	1.728889279049667
86.0368	391.1	0.015063477507803224	-4.105098385540489
205.0572	397.684	0.11086685226900263	2.5196590140447093
161.0336	398.715	0.47157971870375404	-0.8406530434116629
134.0215	400.5	0.2560061404314492	-1.3283618637367456
166.0266	401.0	0.41858765274325377	-0.9160305386275917
151.0633	405.9	0.441011874128509	-0.8571792714643237
164.0473	407.0	0.0037751978648648166	13.623270214882906
187.0481	407.9	0.05748327034555056	2.749004397233397
187.0464	411.959	0.010552973790121727	4.595408968446409
584.2635	416.3	0.9664223338828877	-0.044801323532998705
88.0524	418.3	0.4718554401254846	-0.8249897403061849
176.0321	422.6	0.8393658343415902	-0.21626055342956804
146.069	440.554	0.05759350463403811	-2.649183743483203
116.0473	440.7	0.5453829235578945	-0.7044372442694211
165.0431	442.268	0.040797525595123244	-3.806315630380688
162.0528	442.3	0.19562325536494637	1.8297572867074254
206.0427	442.8	0.36194358466245174	-1.115994265323424
279.0742	444.605	0.07407625977517447	3.0767950198086123
155.0695	444.8	0.30732212100071854	-1.2833247802052756
118.0266	454.2	0.8344352134024376	0.22326165192736816
264.1031	458.1	0.6100505895379502	0.5530372184101081
122.0368	464.2	0.39895563493247915	-0.9720671802007552
150.0681	473.6	0.07795616992525159	2.6809293128737233
209.0244	476.4	0.25308102667996146	1.3341259981923481
114.0681	480.7	0.1283829769015329	2.3101654873101913
130.063	482.5	0.6372218646762953	-0.5096277802725592
144.0423	483.6	0.48828464802382787	0.8362327775097638
138.0317	484.0	0.8600808762743289	0.19015684120417936
116.011	484.9	0.25796308508097865	-1.3206089464135613
144.0423	489.2	0.005787939454097891	5.618275282361789
114.0681	489.9	0.016913101650402693	5.330161801218478
328.225	490.9	0.03883633211332472	-4.188681521106499
251.078	490.933	0.19153788433585167	1.7613638094452995
136.0524	499.3	0.5849028263464165	-0.6131828299483142
481.2312	499.3	0.6055118464157917	0.5949877004883715
186.1256	507.9	0.18775230121350858	-1.7158179286054531
186.1256	510.0	0.7522205538843918	0.3407488485019562
222.0528	511.4	0.9354953056528872	0.08895671720236925
210.1256	512.5	0.23908173731437002	1.6223282692346503
160.0736	512.6	0.4699911684417926	0.8117646209342981
172.0735	523.556	0.001635511648939745	8.844683834325522
332.1624	531.0	0.4641822455540452	0.8330377571091366
362.1729	531.9	0.44180683062239734	0.8535480120026906
323.2098	531.987	0.06985562512855745	3.2947545811705896
200.0321	532.8	0.1389994252979531	2.2326584401761536
336.2301	533.8	0.2533266612247186	1.3333072040652596
226.0477	533.9	0.3029651533417112	1.323648277708701
264.1362	535.2	0.33671241499157367	1.1118219540029197
163.0633	537.9	0.2546050500409748	1.4952227017195094
216.1725	538.8	0.5174958256200832	0.7642328607274279
174.0892	539.2	0.20715040242527913	1.7901374629106244
144.0423	549.8	0.8351334222341654	-0.22264352771933846
212.1412	553.1	0.4683910974378533	0.8422989409506543
165.079	569.8	0.02224324972683347	3.7181009302959125
137.0477	577.0	0.7381659230619451	0.35923619349020824
334.2144	580.5	0.10637384598168993	2.4242124434853314
258.1831	580.6	0.5126402521545224	0.7193899149539227
490.2203	582.5	0.2532976259956354	1.3334078686665276
166.0994	582.9	0.4520283038988976	0.8963522083892665
332.1624	583.1	0.45437149562403684	0.9121379530599489
294.2195	589.7	0.4564821697417277	0.8744102285449191
144.115	590.6	0.5989893474727376	0.5800395210774724
367.2181	590.7	0.4495371029500288	0.8396384002643208
334.2144	590.9	0.6775437807359723	0.46564013130080456
178.0985	593.897	0.04068926927414172	-4.168186955760904
330.1467	594.9	0.1978654753630816	1.7075396208397058
294.2195	602.5	0.46438455910556176	0.8084920343470222
334.2144	603.0	0.9480526751336481	-0.07028335830084151
313.2611	603.399	0.548576994070606	0.6544526708879913
312.2301	604.0	0.21117875371837178	-1.519775879496862
144.115	605.1	0.24971404420333587	-1.5121053656944743
316.1675	605.1	0.18746487022723543	-1.6502972086667784
336.2301	607.5	0.28611232394300107	1.2406570713869813
218.0977	608.3	0.2533380942372424	1.3332713300922308
332.1988	610.4	0.4903104607392092	0.8113212068590031
310.2144	610.5	0.43604229974158165	0.9314808255247065
296.2351	611.1	0.78080878054244	-0.31262012024346025
336.2301	616.0	0.8927654882407035	0.14930678237676231
296.2351	617.3	0.747641036513943	-0.3459526928680189
250.1569	626.4	0.4806444394782143	-0.8248299400650189
310.2144	627.5	0.5160313564099963	0.7224656607820231
312.2301	634.1	0.9954721345819293	0.006178507031860868
334.2144	634.2	0.9486694839816138	-0.07006531436234405
292.2038	638.5	0.8904352587255948	0.1517812329048492
312.2301	641.3	0.9639147919793014	-0.05003905310645055
338.2457	645.6	0.10392719884171606	2.271227132237855
316.2614	647.9	0.0847998865007746	2.4513581095465016
172.1463	655.0	0.721812112837757	-0.40126179294163483
292.2038	660.4	0.33286082274419027	1.1140543837378114
272.2351	663.8	0.13014005048630625	-2.0230709026416944
172.1463	668.0	0.058139569269177446	-3.106524157238216
332.1988	669.9	0.2755236428653933	-1.3053947765110485
318.2195	672.1	0.8869418542440097	-0.1525157059661581
278.2246	672.2	0.7905803911856486	-0.28537341554570017
270.2195	680.0	0.12578181558910423	-2.134517567549034
294.2195	686.0	0.773118376476154	-0.3085084631229153
316.2038	691.7	0.2115534239713781	-1.5711341078456271
298.2508	699.2	0.1178143480225613	-2.2950545850890207
320.2351	703.2	0.7477267364988264	-0.35327983188913026
296.2351	705.7	0.6386041782730878	-0.5242383057132717
292.2038	712.8	0.7644532894498908	0.3401766241931618
318.2195	716.2	0.06085959613156131	-3.0378060942588765
292.2038	726.8	0.13212737295482652	-1.907553374775289
200.1776	727.5	0.0787447935917902	-2.371242718243046
250.1569	728.3	0.4822628080994047	-0.8184948644686709
320.2351	729.0	0.16089813076218373	-1.9031682287110272
276.2089	738.7	0.12460123626910527	-2.329397287734463
292.2038	740.1	0.23100633242261637	-1.603325150726091
341.2927	752.153	0.7931295050117472	-0.297227831675888
327.2764	757.984	0.3146894431416609	1.178816777348132
320.2351	760.4	0.7573378820603471	-0.3443101065065884
278.2246	760.5	0.7647285397823771	0.3205303592800727
302.2246	783.3	0.4954816526943937	-0.7902243072149095
254.2246	784.1	0.14294406671240867	2.0168022947449833
302.2246	787.6	0.41311743960386055	-0.9213766775464258
280.2402	791.6	0.993051033647815	0.00926824436178341
264.2089	795.1	0.21390754909496662	-1.5896324620715825
280.2402	796.2	0.2671495134921208	1.3103774376901054
304.2402	819.4	0.4503185050826441	-0.8359543352547195
306.2559	861.7	0.12021517976554605	-2.2079402165819633
256.2402	866.2	0.09557949289722441	-2.297410296353226
356.329	920.1	0.16546609632423065	-1.8338388387252955
284.2715	952.3	0.7032031795849751	-0.4114009573156542
